1.000000	 1.576590	 2.924420	 165.817001	 290.996002	 29.505699	 20.194000
3.000000	 15.313700	 2.918470	 382.912994	 58.875999	 27.037300	 -51.347000
4.000000	 6.278770	 2.912500	 913.508972	 28.245001	 28.005301	 10.423000
5.000000	 32.873001	 2.924420	 932.661987	 50.757000	 26.207899	 6.697000
6.000000	 1606.369995	 2.927390	 501.412994	 57.442001	 21.985399	 3.579000
8.000000	 15.560600	 2.921440	 319.796997	 13.630000	 27.019899	 9.068000
9.000000	 46.451302	 2.927390	 301.431000	 6.767000	 25.832500	 3.889000
10.000000	 39.645699	 2.906530	 987.448975	 23.905001	 26.004499	 6.857000
11.000000	 37.275600	 2.906530	 422.341003	 17.518999	 26.071400	 4.106000
12.000000	 0.917951	 2.918470	 511.863007	 14.934000	 30.093000	 0.857000
13.000000	 69.778801	 2.909520	 400.260986	 38.692001	 25.390699	 4.483000
14.000000	 -2.910290	 2.921440	 388.869995	 12.205000	 99.000000	 -106.275002
15.000000	 34.784401	 2.918470	 7.894000	 9.874000	 26.146500	 4.915000
16.000000	 19.002100	 2.906530	 908.734985	 4.503000	 26.802999	 5.776000
17.000000	 19.910000	 2.921440	 727.018005	 5.768000	 26.752300	 5.010000
18.000000	 58.389099	 2.909520	 433.649994	 3.683000	 25.584200	 3.291000
19.000000	 19.648600	 2.924420	 196.813995	 952.414978	 26.766701	 4.618000
20.000000	 24.295601	 2.827710	 611.729980	 997.578003	 26.536200	 2.533000
21.000000	 20.165701	 2.912500	 311.919006	 947.151978	 26.738501	 3.348000
22.000000	 53.044399	 2.927390	 831.166016	 943.843018	 25.688400	 3.358000
23.000000	 27.601999	 2.927390	 385.333008	 940.773010	 26.397600	 6.258000
24.000000	 21.702600	 2.912500	 327.104004	 943.197021	 26.658701	 4.257000
25.000000	 7.858010	 2.915490	 71.880997	 936.484985	 27.761700	 11.097000
27.000000	 8.724500	 2.924420	 172.621002	 940.585022	 27.648100	 5.786000
29.000000	 2.484320	 2.915490	 251.003998	 911.796021	 29.011999	 -130.378998
30.000000	 17.418501	 2.912500	 260.304993	 903.705994	 26.897499	 -150.487000
31.000000	 80.305199	 2.927390	 262.778015	 934.447021	 25.238100	 5.992000
32.000000	 38.123100	 2.927390	 276.240997	 922.575012	 26.047001	 3.076000
33.000000	 21.132099	 2.927390	 286.713989	 904.396973	 26.687599	 -74.307999
34.000000	 69.954399	 2.915490	 279.089996	 889.682983	 25.388000	 7.337000
36.000000	 18.016001	 2.927390	 207.806000	 935.551025	 26.860901	 3.088000
37.000000	 11.365400	 2.924420	 56.473000	 928.791992	 27.361000	 -7.278000
38.000000	 11.457200	 2.912500	 67.504997	 918.517029	 27.352301	 16.176001
39.000000	 15.685600	 2.924420	 719.161011	 932.572998	 27.011200	 5.416000
40.000000	 14.216600	 2.921440	 26.243999	 919.760010	 27.118000	 7.671000
41.000000	 43.829102	 2.927390	 508.446991	 914.599976	 25.895599	 3.605000
42.000000	 62.148899	 2.918470	 926.901978	 910.025024	 25.516399	 4.441000
43.000000	 3.086720	 2.924420	 933.658020	 905.864014	 28.776300	 4.861000
45.000000	 49.473400	 2.927390	 200.220993	 907.244995	 25.764099	 4.866000
46.000000	 27.864000	 2.912500	 715.530029	 901.721985	 26.387400	 4.676000
47.000000	 29.277599	 2.930350	 94.345001	 909.239014	 26.333700	 4.323000
48.000000	 16.152300	 2.927390	 782.799011	 897.671021	 26.979401	 3.064000
49.000000	 13.866800	 2.927390	 424.608002	 894.346008	 27.145100	 2.756000
50.000000	 8.297260	 2.924420	 86.815002	 893.476013	 27.702700	 6.339000
51.000000	 100.565002	 2.927390	 352.819000	 885.135010	 24.993900	 6.183000
52.000000	 41.682598	 2.906530	 213.264008	 887.502014	 25.950100	 3.975000
53.000000	 26.973801	 2.924420	 236.225006	 889.455994	 26.422600	 2.433000
54.000000	 61.165600	 2.909520	 549.117981	 875.538025	 25.533701	 4.287000
55.000000	 11.842200	 2.927390	 697.833008	 869.340027	 27.316401	 7.547000
56.000000	 18.326799	 2.903540	 623.103027	 874.260010	 26.842300	 3.125000
57.000000	 13.234800	 2.924420	 986.955017	 872.645020	 27.195700	 2.574000
58.000000	 11.407300	 2.927390	 409.130005	 872.182007	 27.357000	 5.116000
59.000000	 41.180599	 2.927390	 863.997986	 864.758972	 25.963301	 3.936000
60.000000	 19.916500	 2.930350	 360.136993	 863.380005	 26.752001	 3.408000
61.000000	 24.063801	 2.912500	 22.493999	 858.831970	 26.546600	 5.189000
62.000000	 16.572800	 2.927390	 952.379028	 853.974976	 26.951500	 5.366000
63.000000	 55.841301	 2.915490	 739.630981	 849.505981	 25.632601	 3.988000
64.000000	 25.001600	 2.909520	 912.883972	 851.849976	 26.505100	 4.249000
65.000000	 572.536011	 2.930350	 168.548996	 844.349976	 23.105499	 3.714000
66.000000	 11.715200	 2.921440	 313.308014	 848.015015	 27.328100	 8.628000
68.000000	 21.581100	 2.912500	 319.308990	 848.442993	 26.664801	 5.719000
69.000000	 19.899300	 2.924420	 850.997986	 839.786987	 26.752899	 6.505000
70.000000	 21.861300	 2.924420	 831.627991	 832.190002	 26.650801	 4.307000
71.000000	 13.078300	 2.924420	 129.606003	 821.567017	 27.208599	 3.794000
72.000000	 71.530197	 2.924420	 996.536011	 810.627991	 25.363800	 3.503000
73.000000	 82.273102	 2.921440	 785.288025	 802.635986	 25.211901	 7.542000
74.000000	 7.673130	 2.915490	 398.481995	 809.271973	 27.787600	 2.839000
75.000000	 24.049000	 2.924420	 680.726013	 765.627014	 26.547300	 8.103000
76.000000	 19.507299	 2.927390	 890.330017	 784.578003	 26.774500	 7.632000
77.000000	 55.892899	 2.918470	 423.071991	 774.906982	 25.631599	 7.002000
79.000000	 3.064790	 2.927390	 773.750977	 769.986023	 28.784000	 9.693000
80.000000	 21.431801	 2.924420	 13.676000	 765.432983	 26.672400	 2.500000
81.000000	 236.727005	 2.921440	 6.965000	 759.216003	 24.064400	 3.548000
82.000000	 591.380005	 2.906530	 351.941986	 757.306030	 23.070299	 3.471000
83.000000	 16.049601	 2.927390	 512.768982	 760.750000	 26.986300	 3.675000
84.000000	 40.412800	 2.912500	 323.539001	 786.325012	 25.983700	 3.401000
87.000000	 15.149700	 2.924420	 964.760986	 756.773010	 27.049000	 2.304000
88.000000	 30.808599	 2.930350	 589.461975	 747.976990	 26.278299	 5.140000
89.000000	 15.552400	 2.921440	 993.791992	 751.007996	 27.020500	 2.281000
90.000000	 27.374901	 2.921440	 859.164978	 744.482971	 26.406601	 2.630000
91.000000	 2.290020	 2.921440	 525.679016	 733.427979	 29.100401	 15.108000
92.000000	 13.966300	 2.915490	 518.491028	 710.770020	 27.137300	 14.396000
93.000000	 86.690102	 2.924420	 610.969971	 730.385010	 25.155100	 6.542000
94.000000	 21.780399	 2.912500	 455.136993	 736.482971	 26.654800	 2.820000
95.000000	 20.510201	 2.918470	 75.764000	 732.280029	 26.720100	 4.783000
96.000000	 24.305599	 2.927390	 680.333008	 731.994019	 26.535700	 5.472000
97.000000	 28.029699	 2.921440	 996.221008	 730.572998	 26.381001	 2.898000
100.000000	 36.277699	 2.921440	 46.007000	 721.799011	 26.100901	 4.177000
101.000000	 1.273670	 2.921440	 861.176025	 722.023987	 29.737400	 6.943000
102.000000	 70.208702	 2.915490	 838.632996	 718.106995	 25.384001	 4.226000
103.000000	 509.432007	 2.924420	 803.817993	 681.723999	 23.232300	 10.897000
104.000000	 6.721020	 2.927390	 795.357971	 716.052002	 27.931400	 4.320000
105.000000	 8.473970	 2.921440	 196.210999	 615.229980	 27.679800	 59.424999
106.000000	 15.068000	 2.918470	 272.645996	 698.671021	 27.054899	 11.236000
107.000000	 -4.050990	 2.927390	 38.360001	 545.211975	 99.000000	 55.237999
108.000000	 3.368180	 2.924420	 7.374000	 520.179993	 28.681499	 12.245000
109.000000	 343.040009	 2.897540	 997.211975	 686.692017	 23.661600	 3.245000
110.000000	 68.012398	 2.921440	 528.223022	 686.223999	 25.418501	 5.621000
111.000000	 8.164780	 2.924420	 561.578979	 687.814026	 27.720100	 6.294000
112.000000	 74.659500	 2.924420	 95.959999	 681.671997	 25.317301	 6.359000
113.000000	 4.778470	 2.927390	 148.875000	 669.809998	 28.301800	 4.761000
114.000000	 40.873402	 2.921440	 583.114014	 676.619019	 25.971399	 3.937000
115.000000	 8.944130	 2.924420	 305.789001	 681.382996	 27.621201	 4.099000
116.000000	 21.649799	 2.930350	 639.984009	 671.539001	 26.661400	 3.809000
117.000000	 17.945101	 2.918470	 73.088997	 645.523010	 26.865101	 13.211000
118.000000	 16.291599	 2.924420	 311.752991	 660.068970	 26.970100	 5.856000
119.000000	 9.775850	 2.915490	 262.786987	 710.103027	 27.524599	 8.388000
120.000000	 29.324200	 2.927390	 602.289001	 707.396973	 26.331900	 3.125000
121.000000	 -153.787003	 2.927390	 201.845993	 647.973999	 99.000000	 5.039000
122.000000	 23.848400	 2.924420	 213.660004	 678.536987	 26.556400	 28.201000
123.000000	 48.644600	 2.924420	 542.221985	 629.072998	 25.782400	 7.988000
124.000000	 21.102200	 2.927390	 340.329987	 706.021973	 26.689199	 2.623000
125.000000	 13.339000	 2.918470	 512.307007	 636.122009	 27.187201	 3.153000
126.000000	 111.371002	 2.915490	 824.973999	 620.099976	 24.883101	 5.563000
127.000000	 55.043999	 2.924420	 512.077026	 618.614990	 25.648199	 7.685000
128.000000	 41.388199	 2.915490	 99.300003	 611.617981	 25.957800	 7.539000
129.000000	 2.429560	 2.921440	 969.606995	 616.400024	 29.036200	 4.948000
130.000000	 19.393801	 2.912500	 698.262024	 615.114990	 26.780800	 2.660000
131.000000	 3.973920	 2.912500	 963.348999	 605.286987	 28.502001	 12.880000
132.000000	 15.711000	 2.924420	 780.862976	 606.838989	 27.009501	 4.030000
133.000000	 21.025200	 2.930350	 463.263000	 607.578979	 26.693100	 4.943000
134.000000	 9.560200	 2.912500	 577.708984	 603.267029	 27.548800	 7.020000
135.000000	 40.095200	 2.918470	 602.642029	 598.643982	 25.992300	 6.813000
136.000000	 85.058899	 2.930350	 812.232971	 588.033997	 25.175699	 6.253000
137.000000	 9.276140	 2.924420	 554.388000	 567.004028	 27.581600	 29.582001
138.000000	 13.271100	 2.921440	 562.421997	 586.367004	 27.192699	 32.230000
139.000000	 8.443080	 2.915490	 786.005005	 595.101990	 27.683701	 3.999000
140.000000	 21.611200	 2.921440	 751.387024	 595.435974	 26.663300	 4.272000
141.000000	 20.749500	 2.921440	 765.489014	 592.163025	 26.707500	 6.266000
142.000000	 189.703003	 2.909520	 792.104004	 630.155029	 24.304800	 3.623000
143.000000	 9.364970	 2.921440	 901.992004	 569.392029	 27.571199	 13.139000
144.000000	 15.277800	 2.927390	 935.237000	 584.447998	 27.039801	 22.186001
145.000000	 25.423300	 2.921440	 932.736023	 547.642029	 26.486900	 5.675000
146.000000	 9.210370	 2.906530	 921.098999	 574.893005	 27.589300	 14.776000
147.000000	 11.624000	 2.909520	 916.294006	 562.465027	 27.336599	 11.080000
148.000000	 0.909865	 2.915490	 468.290985	 574.630005	 30.102600	 18.339001
149.000000	 8.979160	 2.921440	 477.226990	 580.088989	 27.616899	 15.114000
150.000000	 9.470480	 2.915490	 498.052002	 578.278015	 27.559099	 23.707001
151.000000	 8.328900	 2.921440	 481.410004	 570.573975	 27.698500	 14.832000
152.000000	 7.821650	 2.927390	 511.644012	 586.583984	 27.766800	 14.172000
153.000000	 6.855520	 2.912500	 579.306030	 566.091003	 27.909901	 17.172001
154.000000	 26.225300	 2.927390	 238.755005	 577.208984	 26.453199	 6.071000
155.000000	 4.867480	 2.912500	 484.316010	 582.695984	 28.281700	 14.543000
156.000000	 27.562099	 2.921440	 428.959991	 578.554993	 26.399200	 4.821000
157.000000	 80.918404	 2.909520	 304.674988	 574.942993	 25.229900	 5.263000
158.000000	 28.294001	 2.927390	 872.849976	 575.023987	 26.370800	 3.097000
160.000000	 5.183800	 2.927390	 325.824005	 575.245972	 28.213400	 3.498000
162.000000	 38.027802	 2.927390	 159.453995	 568.645020	 26.049700	 3.873000
163.000000	 3.315990	 2.921440	 446.710999	 574.414978	 28.698500	 4.345000
164.000000	 14.739800	 2.927390	 405.955994	 569.198975	 27.078800	 8.082000
165.000000	 -2.320400	 2.927390	 944.398987	 566.510010	 99.000000	 576.171997
166.000000	 10.850500	 2.927390	 993.208008	 551.760986	 27.411400	 8.391000
167.000000	 2.900430	 2.927390	 451.743988	 567.750000	 28.843800	 6.014000
170.000000	 15.739800	 2.921440	 456.079987	 557.625000	 27.007500	 8.351000
171.000000	 43.715900	 2.924420	 439.337006	 560.861023	 25.898399	 9.135000
172.000000	 -7.668380	 2.912500	 966.505005	 560.369995	 99.000000	 -401.769012
173.000000	 10.392700	 2.924420	 58.074001	 558.820007	 27.458200	 6.675000
174.000000	 50.401699	 2.912500	 879.067993	 586.664001	 25.743900	 3.841000
175.000000	 8.732800	 2.927390	 576.565979	 579.038025	 27.647100	 9.501000
176.000000	 9.530270	 2.906530	 572.500000	 543.887024	 27.552200	 26.048000
177.000000	 77.440804	 2.927390	 573.158997	 520.205994	 25.277599	 5.273000
179.000000	 4.263040	 2.921440	 417.322998	 552.080017	 28.425699	 10.008000
180.000000	 9.276870	 2.924420	 681.385986	 704.081970	 27.581499	 3.024000
181.000000	 37.615501	 2.903540	 87.853996	 549.289978	 26.061600	 4.170000
182.000000	 9.617800	 2.924420	 69.407997	 521.117981	 27.542299	 4.531000
183.000000	 19.705200	 2.924420	 70.762001	 510.067993	 26.763500	 -29.287001
184.000000	 14.784800	 2.921440	 833.351013	 538.929993	 27.075500	 4.707000
185.000000	 12.130300	 2.924420	 657.431030	 541.677002	 27.290300	 2.113000
186.000000	 77.590202	 2.927390	 777.356018	 528.770020	 25.275499	 4.962000
187.000000	 43.623402	 2.924420	 766.778992	 512.583984	 25.900700	 5.653000
188.000000	 7.960370	 2.921440	 601.031006	 535.513000	 27.747700	 2.971000
189.000000	 8.756740	 2.906530	 543.500000	 523.364990	 27.644100	 5.210000
190.000000	 8.496760	 2.927390	 539.241028	 517.349976	 27.676901	 2.515000
191.000000	 -3.526620	 2.915490	 536.705017	 511.572998	 99.000000	 -282.708008
192.000000	 8.250180	 2.924420	 93.837997	 492.838013	 27.708799	 45.375000
193.000000	 56.441502	 2.927390	 118.851997	 522.213989	 25.621000	 6.735000
194.000000	 14.227700	 2.927390	 113.614998	 508.730988	 27.117201	 4.059000
195.000000	 9.315680	 2.912500	 88.736000	 527.077026	 27.577000	 3.679000
196.000000	 6.017790	 2.921440	 632.562988	 527.273987	 28.051399	 6.027000
199.000000	 1427.579956	 2.927390	 35.581001	 659.731995	 22.113501	 4.208000
202.000000	 13.626100	 2.927390	 386.157013	 510.144012	 27.164101	 6.027000
203.000000	 34.470299	 2.927390	 405.403015	 461.177002	 26.156401	 10.655000
204.000000	 0.442762	 2.915490	 51.722000	 500.750000	 30.884600	 6.985000
205.000000	 10.743700	 2.930350	 64.535004	 616.806030	 27.422100	 32.644001
206.000000	 73.521896	 2.924420	 943.208984	 494.983002	 25.334000	 3.421000
207.000000	 6.565240	 2.918470	 597.879028	 495.906006	 27.956900	 9.160000
208.000000	 34.732399	 2.918470	 368.644012	 502.524994	 26.148199	 3.879000
210.000000	 55.407700	 2.912500	 141.462997	 483.873993	 25.641100	 4.446000
211.000000	 -0.938299	 2.924420	 775.012024	 485.372009	 99.000000	 -61.762001
212.000000	 -3.476630	 2.924420	 457.885986	 485.003998	 99.000000	 -1368.461060
214.000000	 29.677700	 2.909520	 29.313000	 446.552002	 26.318899	 25.565001
215.000000	 33.541401	 2.921440	 446.519989	 481.566010	 26.186001	 3.376000
216.000000	 12.152300	 2.927390	 733.020020	 480.462006	 27.288401	 4.108000
217.000000	 2.345240	 2.903540	 918.861023	 463.303009	 29.074499	 10.446000
218.000000	 23.417400	 2.927390	 892.114014	 470.792999	 26.576200	 4.840000
219.000000	 47.151299	 2.924420	 368.329987	 468.003998	 25.816299	 8.595000
220.000000	 8.479730	 2.921440	 699.955994	 475.066010	 27.679001	 3.454000
221.000000	 20.931400	 2.924420	 606.616028	 470.579010	 26.698000	 4.913000
222.000000	 48.383499	 2.912500	 3.327000	 442.136993	 25.788300	 3.251000
223.000000	 59.573700	 2.924420	 722.471985	 454.813995	 25.562401	 5.241000
224.000000	 19.858299	 2.924420	 65.438004	 455.627014	 26.755100	 6.742000
225.000000	 20.198700	 2.927390	 995.450012	 459.447998	 26.736700	 2.315000
226.000000	 16.655001	 2.912500	 551.728027	 453.664001	 26.946100	 3.613000
227.000000	 3.131970	 2.924420	 945.802002	 454.920013	 28.760500	 5.453000
228.000000	 13.427200	 2.915490	 116.179001	 453.295990	 27.180000	 3.156000
231.000000	 24.865101	 2.930350	 234.783997	 476.455994	 26.511000	 3.774000
232.000000	 1.487620	 2.918470	 396.707001	 487.725006	 29.568800	 26.563999
233.000000	 5.674100	 2.930350	 377.760986	 443.145996	 28.115299	 14.134000
234.000000	 21.857901	 2.924420	 378.467010	 491.553009	 26.650999	 7.609000
235.000000	 15.601600	 2.912500	 110.918999	 441.933014	 27.017099	 2.493000
236.000000	 5.911390	 2.924420	 514.846985	 415.962006	 28.070801	 18.105000
237.000000	 -0.118997	 2.927390	 519.661987	 426.830994	 99.000000	 12.574000
238.000000	 3.814930	 2.921440	 544.367004	 434.274994	 28.546301	 1.115000
239.000000	 4.359070	 2.927390	 461.032990	 427.757996	 28.401501	 -203.210007
240.000000	 7.834040	 2.927390	 457.848999	 415.154999	 27.764999	 19.791000
241.000000	 7.927690	 2.927390	 459.009003	 503.651001	 27.752100	 2.345000
242.000000	 14.604000	 2.921440	 392.764008	 424.372986	 27.088800	 18.298000
243.000000	 15.198900	 2.921440	 812.473022	 432.454987	 27.045500	 2.231000
244.000000	 2.859820	 2.918470	 500.692993	 420.192993	 28.859200	 21.525000
245.000000	 5.627100	 2.921440	 163.199005	 427.570007	 28.124300	 1.671000
246.000000	 7.281990	 2.927390	 168.848999	 424.027008	 27.844400	 4.474000
247.000000	 34.763802	 2.909520	 821.481018	 423.135010	 26.147200	 2.961000
248.000000	 10.683100	 2.924420	 531.744995	 431.766998	 27.428301	 10.482000
249.000000	 28.407101	 2.912500	 31.086000	 412.937012	 26.366400	 10.284000
250.000000	 1.934440	 2.912500	 521.283020	 401.908997	 29.283600	 8.595000
251.000000	 4.423910	 2.924420	 325.425995	 400.674011	 28.385500	 3.377000
252.000000	 19.019699	 2.924420	 5.995000	 396.385986	 26.802000	 4.820000
253.000000	 5.297990	 2.918470	 557.872009	 399.290985	 28.189699	 -14.798000
254.000000	 51.908001	 2.927390	 426.397003	 410.053009	 25.711901	 8.571000
256.000000	 16.977501	 2.912500	 954.297974	 384.444000	 26.925301	 3.753000
257.000000	 31.178600	 2.927390	 90.000999	 383.783997	 26.265400	 4.054000
258.000000	 4.318550	 2.909520	 541.104004	 378.647003	 28.411699	 5.437000
259.000000	 8.662560	 2.924420	 465.200012	 383.121002	 27.655899	 5.107000
260.000000	 10.611100	 2.924420	 437.393005	 381.516998	 27.435600	 2.198000
261.000000	 13.854900	 2.921440	 627.835999	 376.817993	 27.146000	 8.150000
262.000000	 19.722300	 2.924420	 758.541992	 370.032990	 26.762600	 5.076000
263.000000	 488.229004	 2.912500	 801.755981	 367.106995	 23.278400	 3.426000
264.000000	 66.234001	 2.927390	 408.442993	 360.541992	 25.447300	 3.950000
265.000000	 5.381980	 2.912500	 540.906982	 361.954010	 28.172600	 6.330000
266.000000	 0.777148	 2.921440	 533.801025	 361.209015	 30.273701	 7.138000
267.000000	 7.613300	 2.912500	 295.731995	 359.882996	 27.796101	 4.610000
268.000000	 3.717240	 2.927390	 457.407990	 358.753998	 28.574400	 2.415000
269.000000	 -0.301842	 2.915490	 514.094971	 318.238007	 99.000000	 13.486000
270.000000	 4.500370	 2.924420	 498.414001	 323.117004	 28.366899	 29.941999
271.000000	 26.559200	 2.927390	 479.342010	 334.632996	 26.439501	 5.015000
272.000000	 9.510020	 2.915490	 491.201996	 347.899994	 27.554501	 15.806000
273.000000	 11.065400	 2.927390	 506.819000	 345.463989	 27.390100	 20.073000
274.000000	 4.239680	 2.921440	 535.010986	 351.812012	 28.431700	 6.927000
275.000000	 220.546997	 2.924420	 696.460022	 338.463989	 24.141199	 3.348000
276.000000	 6.943150	 2.927390	 630.640991	 341.595001	 27.896099	 10.556000
277.000000	 1.949250	 2.924420	 624.549011	 334.630005	 29.275299	 10.600000
278.000000	 186.904007	 2.924420	 234.186996	 334.372986	 24.320999	 3.316000
279.000000	 4.650520	 2.927390	 521.166992	 337.860992	 28.331200	 12.353000
280.000000	 31.436300	 2.924420	 820.679016	 327.424011	 26.256399	 6.366000
281.000000	 31.761600	 2.927390	 5.444000	 325.763000	 26.245199	 4.227000
282.000000	 18.625299	 2.927390	 167.987000	 320.121002	 26.824699	 6.610000
283.000000	 20.932100	 2.921440	 353.053986	 990.528015	 26.698000	 3.379000
284.000000	 32.982700	 2.924420	 131.397003	 260.589996	 26.204300	 6.285000
286.000000	 87.914902	 2.927390	 573.424988	 301.869995	 25.139799	 5.998000
287.000000	 9.180990	 2.924420	 328.467010	 317.651001	 27.592800	 5.102000
288.000000	 30.889900	 2.927390	 634.059998	 257.200989	 26.275499	 19.281000
289.000000	 6.934080	 2.921440	 649.010986	 297.225006	 27.897499	 19.421000
290.000000	 23.943199	 2.921440	 663.184021	 276.089996	 26.552000	 5.552000
291.000000	 46.755901	 2.927390	 661.117981	 264.200012	 25.825399	 10.114000
292.000000	 2.641610	 2.927390	 522.642029	 301.341003	 28.945299	 4.857000
293.000000	 5.614680	 2.927390	 512.439026	 298.457001	 28.126699	 11.982000
294.000000	 3.979440	 2.906530	 506.898987	 306.333008	 28.500401	 11.848000
295.000000	 16.590300	 2.927390	 913.606995	 296.346985	 26.950399	 4.642000
296.000000	 52.111301	 2.927390	 38.752998	 298.050995	 25.707701	 3.298000
297.000000	 5.262230	 2.921440	 499.364990	 291.312012	 28.197100	 10.617000
298.000000	 4.203030	 2.906530	 514.903992	 283.951996	 28.441099	 16.392000
299.000000	 6.887940	 2.927390	 519.469971	 277.428009	 27.904800	 10.519000
300.000000	 4.544600	 2.924420	 523.640015	 289.958008	 28.356300	 13.567000
301.000000	 40.146301	 2.924420	 241.731003	 289.364014	 25.990900	 4.142000
302.000000	 8.048890	 2.927390	 153.572006	 288.130005	 27.735701	 4.436000
303.000000	 9.710150	 2.924420	 151.537003	 283.845001	 27.531900	 4.587000
304.000000	 15.561300	 2.924420	 938.609009	 286.631012	 27.019899	 4.476000
305.000000	 12.479600	 2.924420	 136.205994	 284.910004	 27.259501	 15.706000
306.000000	 35.110699	 2.918470	 686.106995	 277.636993	 26.136400	 6.699000
307.000000	 -0.207378	 2.921440	 533.588013	 279.210999	 99.000000	 10.391000
308.000000	 13.419100	 2.912500	 813.309021	 281.914001	 27.180700	 3.164000
309.000000	 2.028790	 2.921440	 623.976013	 274.118988	 29.231899	 8.023000
310.000000	 5.424400	 2.909520	 523.348022	 264.285004	 28.164101	 17.865000
311.000000	 18.232901	 2.927390	 546.538025	 255.835999	 26.847900	 17.893000
312.000000	 94.366699	 2.924420	 887.159973	 257.776001	 25.063000	 3.493000
313.000000	 36.514900	 2.927390	 83.012001	 263.763000	 26.093800	 4.182000
314.000000	 4.682000	 2.918470	 277.906006	 257.273987	 28.323900	 2.340000
315.000000	 10.605000	 2.909520	 548.450989	 243.716003	 27.436199	 17.400000
316.000000	 3.038680	 2.918470	 936.817993	 316.036987	 28.793301	 -22.344000
317.000000	 -8.683610	 2.927390	 37.740002	 250.046997	 99.000000	 7.269000
318.000000	 21.002399	 2.921440	 498.617004	 268.563995	 26.694300	 7.049000
319.000000	 1.195840	 2.930350	 590.202026	 246.134995	 29.805799	 6.529000
320.000000	 4.467200	 2.924420	 709.672974	 268.811005	 28.374901	 6.536000
321.000000	 18.142000	 2.912500	 665.718994	 236.074005	 26.853300	 9.564000
322.000000	 23.686701	 2.921440	 468.088013	 240.164993	 26.563700	 3.161000
323.000000	 32.876900	 2.924420	 745.216003	 226.205002	 26.207800	 4.136000
324.000000	 5.393060	 2.912500	 530.693970	 224.966995	 28.170401	 4.310000
325.000000	 10.792800	 2.906530	 959.442993	 224.899994	 27.417200	 3.353000
326.000000	 4.152290	 2.924420	 66.370003	 218.259995	 28.454300	 2.548000
327.000000	 3.679340	 2.903540	 731.491028	 212.654007	 28.585600	 24.813000
328.000000	 4.278280	 2.924420	 740.056030	 212.625000	 28.421801	 3.920000
329.000000	 7.595080	 2.924420	 718.083008	 214.817001	 27.798700	 1.525000
330.000000	 5.204370	 2.918470	 718.325989	 210.307999	 28.209101	 1.425000
331.000000	 10.021200	 2.912500	 395.924011	 214.076996	 27.497700	 0.708000
332.000000	 17.277599	 2.927390	 324.032013	 212.636993	 26.906300	 3.042000
333.000000	 4.864320	 2.927390	 703.640991	 209.794006	 28.282400	 1.021000
334.000000	 33.098701	 2.927390	 37.543999	 212.802002	 26.200500	 3.785000
335.000000	 4.171150	 2.924420	 288.458008	 209.261002	 28.449400	 3.846000
336.000000	 5.456690	 2.915490	 108.003998	 207.705002	 28.157700	 3.387000
337.000000	 -7.561100	 2.924420	 431.325989	 191.376999	 99.000000	 -201.585007
338.000000	 -0.818607	 2.930350	 449.388000	 175.662994	 99.000000	 22.540001
339.000000	 14.398600	 2.912500	 802.304993	 196.289993	 27.104200	 5.497000
340.000000	 417.691010	 2.924420	 788.932007	 184.175003	 23.447901	 3.438000
341.000000	 10.069600	 2.930350	 708.004028	 193.261993	 27.492500	 6.697000
342.000000	 19.621300	 2.924420	 835.580994	 187.041000	 26.768200	 3.464000
343.000000	 21.161900	 2.927390	 548.982971	 195.531006	 26.686100	 3.309000
344.000000	 10.697200	 2.927390	 497.744995	 181.639999	 27.426800	 7.484000
347.000000	 6.012470	 2.927390	 97.626999	 177.533997	 28.052401	 30.412001
348.000000	 28.942801	 2.924420	 481.638000	 174.186005	 26.346100	 7.113000
349.000000	 31.575701	 2.921440	 144.929993	 262.209015	 26.251600	 5.983000
350.000000	 16.474300	 2.915490	 740.692993	 163.968002	 26.958000	 6.727000
351.000000	 27.713800	 2.930350	 679.859009	 159.988998	 26.393299	 3.947000
352.000000	 32.920300	 2.909520	 82.513000	 159.263000	 26.206301	 3.302000
353.000000	 62.537498	 2.927390	 888.150024	 153.229004	 25.509600	 4.711000
354.000000	 29.810801	 2.927390	 452.223999	 145.354996	 26.314100	 6.942000
355.000000	 20.241301	 2.921440	 513.757019	 145.134003	 26.734400	 7.749000
356.000000	 27.056499	 2.915490	 508.601013	 144.595993	 26.419300	 4.441000
357.000000	 22.285000	 2.924420	 432.204987	 142.529007	 26.629999	 8.418000
358.000000	 4.826660	 2.912500	 103.496002	 145.906006	 28.290899	 3.534000
359.000000	 136.531006	 2.927390	 412.931000	 138.619003	 24.661900	 3.917000
360.000000	 22.179199	 2.918470	 574.877014	 156.291000	 26.635099	 6.686000
361.000000	 20.727301	 2.912500	 863.674011	 137.065002	 26.708599	 6.066000
362.000000	 6.469750	 2.924420	 771.793030	 141.067001	 27.972799	 4.073000
363.000000	 11.140200	 2.650010	 1.833000	 131.953003	 27.382799	 4.304000
364.000000	 60.466999	 2.918470	 522.476013	 133.884995	 25.546200	 7.086000
365.000000	 138.028000	 2.924420	 632.653992	 125.225998	 24.650101	 3.458000
366.000000	 47.430901	 2.924420	 535.046997	 121.870003	 25.809799	 7.045000
367.000000	 31.976601	 2.930350	 481.417999	 119.447998	 26.237900	 8.090000
368.000000	 15.841700	 2.918470	 879.109009	 119.926003	 27.000500	 3.900000
369.000000	 298.049011	 2.912500	 394.066986	 121.084000	 23.814301	 3.303000
370.000000	 82.986504	 2.909520	 49.481998	 91.650002	 25.202499	 4.405000
371.000000	 62.998100	 2.927390	 870.655029	 83.848000	 25.501699	 3.233000
372.000000	 49.435101	 2.927390	 548.827026	 987.942017	 25.764900	 3.911000
374.000000	 63.485901	 2.927390	 677.341003	 73.751999	 25.493299	 5.149000
375.000000	 10.849600	 2.921440	 102.593002	 78.071999	 27.411501	 1.948000
376.000000	 11.703600	 2.927390	 207.240997	 78.030998	 27.329201	 4.906000
377.000000	 19.125900	 2.918470	 84.708000	 73.973999	 26.795900	 3.666000
379.000000	 27.804899	 2.918470	 14.482000	 66.839996	 26.389700	 2.335000
380.000000	 25.273399	 2.924420	 83.038002	 982.585022	 26.493299	 4.130000
381.000000	 2.157260	 2.924420	 443.042999	 981.661987	 29.165199	 2.595000
384.000000	 29.745100	 2.924420	 544.273010	 64.809998	 26.316500	 3.333000
385.000000	 12.788800	 2.921440	 439.811005	 969.991028	 27.232901	 9.007000
386.000000	 14.957500	 2.927390	 450.067993	 58.773998	 27.062901	 1.054000
387.000000	 7.700700	 2.927390	 808.031006	 56.962002	 27.783701	 4.368000
388.000000	 12.913700	 2.918470	 243.841995	 59.314999	 27.222401	 6.171000
390.000000	 28.349501	 2.924420	 723.940002	 56.147999	 26.368601	 2.457000
391.000000	 17.928900	 2.924420	 170.526993	 49.435001	 26.866100	 2.555000
392.000000	 21.494699	 2.924420	 119.322998	 45.569000	 26.669201	 3.523000
393.000000	 4.110420	 2.924420	 673.432007	 43.264000	 28.465300	 8.419000
394.000000	 31.886600	 2.921440	 837.049988	 976.531006	 26.240999	 7.948000
395.000000	 19.851801	 2.927390	 821.867981	 972.629028	 26.755501	 5.179000
396.000000	 3.733410	 2.921440	 972.181030	 974.689026	 28.569700	 6.497000
397.000000	 4.512830	 2.912500	 478.106995	 40.367001	 28.363899	 2.592000
398.000000	 22.095800	 2.921440	 213.149002	 963.275024	 26.639200	 10.991000
400.000000	 68.284599	 2.924420	 582.627991	 37.040001	 25.414200	 2.672000
401.000000	 13.982900	 2.915490	 762.502991	 35.076000	 27.136000	 2.092000
403.000000	 2.927390	 2.924420	 82.397003	 31.167999	 28.833799	 7.268000
404.000000	 24.462200	 2.924420	 253.128998	 27.437000	 26.528799	 3.713000
405.000000	 33.511600	 2.924420	 116.133003	 23.434000	 26.187000	 3.429000
406.000000	 25.983299	 2.918470	 743.700989	 89.180000	 26.463301	 2.863000
407.000000	 14.414000	 2.921440	 174.585999	 972.830994	 27.103001	 4.180000
408.000000	 3.157230	 2.906530	 570.250977	 950.491028	 28.751699	 27.844000
409.000000	 -1.793920	 2.924420	 562.614014	 920.406006	 99.000000	 18.808001
410.000000	 14.992000	 2.924420	 33.919998	 954.606995	 27.060301	 3.887000
411.000000	 10.375300	 2.924420	 347.919006	 961.018982	 27.459999	 3.151000
412.000000	 24.951200	 2.921440	 264.911987	 958.215027	 26.507299	 3.255000
