1.000000	 79.398399	 6.268950	 165.817001	 290.996002	 25.250500	 18.877001
3.000000	 139.151001	 6.256190	 382.912994	 58.875999	 24.641300	 12.068000
4.000000	 86.543297	 6.243410	 913.508972	 28.245001	 25.156900	 8.653000
5.000000	 384.294006	 6.268950	 932.661987	 50.757000	 23.538300	 4.433000
6.000000	 8153.839844	 6.275310	 501.412994	 57.442001	 20.221600	 2.526000
8.000000	 137.391998	 6.262570	 319.796997	 13.630000	 24.655100	 12.029000
9.000000	 190.552002	 6.275310	 301.431000	 6.767000	 24.299999	 10.153000
10.000000	 476.346985	 6.230600	 987.448975	 23.905001	 23.305201	 6.829000
11.000000	 97.773201	 6.230600	 422.341003	 17.518999	 25.024500	 4.720000
12.000000	 201.673996	 6.256190	 511.863007	 14.934000	 24.238400	 2.845000
13.000000	 265.315002	 6.237010	 400.260986	 38.692001	 23.940599	 10.256000
14.000000	 59.170300	 6.262570	 388.869995	 12.205000	 25.569700	 7.708000
15.000000	 90.307297	 6.256190	 7.894000	 9.874000	 25.110701	 4.472000
16.000000	 157.865997	 6.230600	 908.734985	 4.503000	 24.504299	 5.104000
17.000000	 157.457001	 6.262570	 727.018005	 5.768000	 24.507099	 4.986000
18.000000	 239.285995	 6.237010	 433.649994	 3.683000	 24.052700	 2.814000
19.000000	 59.022900	 6.268950	 196.813995	 952.414978	 25.572399	 3.999000
20.000000	 89.685898	 6.061650	 611.729980	 997.578003	 25.118200	 1.969000
21.000000	 795.127991	 6.243410	 311.919006	 947.151978	 22.748899	 2.442000
22.000000	 1925.119995	 6.275310	 831.166016	 943.843018	 21.788900	 2.503000
23.000000	 169.852005	 6.275310	 385.333008	 940.773010	 24.424801	 5.604000
24.000000	 68.864098	 6.243410	 327.104004	 943.197021	 25.405001	 4.812000
25.000000	 43.573399	 6.249800	 71.880997	 936.484985	 25.901899	 7.568000
27.000000	 47.454601	 6.268950	 172.621002	 940.585022	 25.809299	 5.620000
29.000000	 210.199005	 6.249800	 251.003998	 911.796021	 24.193399	 4.913000
30.000000	 183.246994	 6.243410	 260.304993	 903.705994	 24.342400	 -12.874000
31.000000	 239.542007	 6.275310	 262.778015	 934.447021	 24.051500	 4.440000
32.000000	 173.423996	 6.275310	 276.240997	 922.575012	 24.402201	 3.058000
33.000000	 213.175003	 6.275310	 286.713989	 904.396973	 24.178200	 4.341000
34.000000	 292.341003	 6.249800	 279.089996	 889.682983	 23.835300	 7.019000
36.000000	 47.924500	 6.275310	 207.806000	 935.551025	 25.798599	 3.390000
37.000000	 215.434998	 6.268950	 56.473000	 928.791992	 24.166700	 1.396000
38.000000	 56.188801	 6.243410	 67.504997	 918.517029	 25.625900	 13.939000
39.000000	 69.515701	 6.268950	 719.161011	 932.572998	 25.394800	 3.989000
40.000000	 155.761002	 6.262570	 26.243999	 919.760010	 24.518900	 6.626000
41.000000	 95.935997	 6.275310	 508.446991	 914.599976	 25.045000	 3.080000
42.000000	 273.714996	 6.256190	 926.901978	 910.025024	 23.906799	 4.107000
43.000000	 341.535004	 6.268950	 933.658020	 905.864014	 23.666401	 3.548000
45.000000	 156.604996	 6.275310	 200.220993	 907.244995	 24.513000	 5.120000
46.000000	 360.149994	 6.243410	 715.530029	 901.721985	 23.608801	 4.961000
47.000000	 88.762199	 6.281670	 94.345001	 909.239014	 25.129400	 6.497000
48.000000	 56.962002	 6.275310	 782.799011	 897.671021	 25.611000	 3.709000
49.000000	 80.902199	 6.275310	 424.608002	 894.346008	 25.230101	 2.698000
50.000000	 81.420998	 6.268950	 86.815002	 893.476013	 25.223200	 5.363000
51.000000	 484.604004	 6.275310	 352.819000	 885.135010	 23.286501	 5.590000
52.000000	 387.929993	 6.230600	 213.264008	 887.502014	 23.528099	 3.781000
53.000000	 51.718800	 6.268950	 236.225006	 889.455994	 25.715900	 2.219000
54.000000	 159.240997	 6.237010	 549.117981	 875.538025	 24.494900	 3.705000
55.000000	 77.481796	 6.275310	 697.833008	 869.340027	 25.277000	 10.764000
56.000000	 108.111000	 6.224190	 623.103027	 874.260010	 24.915300	 3.040000
57.000000	 165.501007	 6.268950	 986.955017	 872.645020	 24.452999	 2.157000
58.000000	 76.054703	 6.275310	 409.130005	 872.182007	 25.297199	 4.312000
59.000000	 157.156998	 6.275310	 863.997986	 864.758972	 24.509199	 3.026000
60.000000	 60.466900	 6.281670	 360.136993	 863.380005	 25.546200	 3.102000
61.000000	 81.394203	 6.243410	 22.493999	 858.831970	 25.223499	 4.469000
62.000000	 147.126999	 6.275310	 952.379028	 853.974976	 24.580799	 4.814000
63.000000	 154.516998	 6.249800	 739.630981	 849.505981	 24.527599	 3.178000
64.000000	 78.025597	 6.237010	 912.883972	 851.849976	 25.269400	 3.748000
65.000000	 3377.810059	 6.281670	 168.548996	 844.349976	 21.178400	 2.601000
66.000000	 72.648903	 6.262570	 313.308014	 848.015015	 25.346901	 6.260000
68.000000	 79.159798	 6.243410	 319.308990	 848.442993	 25.253700	 7.026000
69.000000	 77.526703	 6.268950	 850.997986	 839.786987	 25.276400	 5.564000
70.000000	 58.772301	 6.268950	 831.627991	 832.190002	 25.577101	 5.870000
71.000000	 56.439999	 6.268950	 129.606003	 821.567017	 25.621000	 3.385000
72.000000	 309.471985	 6.268950	 996.536011	 810.627991	 23.773399	 2.991000
73.000000	 512.239990	 6.262570	 785.288025	 802.635986	 23.226299	 7.184000
74.000000	 54.826900	 6.249800	 398.481995	 809.271973	 25.652500	 2.595000
75.000000	 386.807007	 6.268950	 680.726013	 765.627014	 23.531300	 7.975000
76.000000	 76.307701	 6.275310	 890.330017	 784.578003	 25.293600	 8.554000
77.000000	 178.576996	 6.256190	 423.071991	 774.906982	 24.370399	 6.411000
79.000000	 64.170998	 6.275310	 773.750977	 769.986023	 25.481701	 8.582000
80.000000	 496.877014	 6.268950	 13.676000	 765.432983	 23.259399	 2.501000
81.000000	 4394.549805	 6.262570	 6.965000	 759.216003	 20.892700	 2.759000
82.000000	 6657.910156	 6.230600	 351.941986	 757.306030	 20.441700	 2.523000
83.000000	 91.685699	 6.275310	 512.768982	 760.750000	 25.094200	 3.304000
84.000000	 131.326004	 6.243410	 323.539001	 786.325012	 24.704100	 2.683000
87.000000	 107.372002	 6.268950	 964.760986	 756.773010	 24.922800	 2.598000
88.000000	 103.759003	 6.281670	 589.461975	 747.976990	 24.959900	 4.168000
89.000000	 45.429298	 6.262570	 993.791992	 751.007996	 25.856701	 1.516000
90.000000	 988.580994	 6.262570	 859.164978	 744.482971	 22.512501	 2.584000
91.000000	 414.023987	 6.262570	 525.679016	 733.427979	 23.457399	 3.662000
92.000000	 382.824005	 6.249800	 518.491028	 710.770020	 23.542500	 3.536000
93.000000	 482.221008	 6.268950	 610.969971	 730.385010	 23.291901	 6.275000
94.000000	 86.686501	 6.243410	 455.136993	 736.482971	 25.155100	 2.173000
95.000000	 186.983994	 6.256190	 75.764000	 732.280029	 24.320499	 4.560000
96.000000	 66.298798	 6.275310	 680.333008	 731.994019	 25.446199	 10.317000
97.000000	 63.135899	 6.262570	 996.221008	 730.572998	 25.499300	 2.577000
100.000000	 100.662003	 6.262570	 46.007000	 721.799011	 24.992800	 3.461000
101.000000	 79.719704	 6.262570	 861.176025	 722.023987	 25.246099	 2.694000
102.000000	 212.276993	 6.249800	 838.632996	 718.106995	 24.182699	 4.315000
103.000000	 6626.959961	 6.268950	 803.817993	 681.723999	 20.446699	 9.358000
104.000000	 53.320702	 6.275310	 795.357971	 716.052002	 25.682800	 3.771000
105.000000	 130.229004	 6.262570	 196.210999	 615.229980	 24.713200	 17.052000
106.000000	 113.194000	 6.256190	 272.645996	 698.671021	 24.865400	 12.249000
107.000000	 56.427299	 6.275310	 38.360001	 545.211975	 25.621300	 288.998993
108.000000	 69.778099	 6.268950	 7.374000	 520.179993	 25.390699	 9.784000
109.000000	 1051.829956	 6.211340	 997.211975	 686.692017	 22.445101	 2.740000
110.000000	 589.768982	 6.262570	 528.223022	 686.223999	 23.073299	 4.532000
111.000000	 58.636002	 6.268950	 561.578979	 687.814026	 25.579599	 3.453000
112.000000	 728.765991	 6.268950	 95.959999	 681.671997	 22.843500	 4.760000
113.000000	 55.565498	 6.275310	 148.875000	 669.809998	 25.638000	 3.666000
114.000000	 100.344002	 6.262570	 583.114014	 676.619019	 24.996300	 3.498000
115.000000	 58.570599	 6.268950	 305.789001	 681.382996	 25.580799	 3.922000
116.000000	 72.823997	 6.281670	 639.984009	 671.539001	 25.344299	 3.026000
117.000000	 274.765991	 6.256190	 73.088997	 645.523010	 23.902599	 10.601000
118.000000	 109.750000	 6.268950	 311.752991	 660.068970	 24.899000	 6.940000
119.000000	 48.480202	 6.249800	 262.786987	 710.103027	 25.786100	 7.278000
120.000000	 95.467300	 6.275310	 602.289001	 707.396973	 25.050400	 2.781000
121.000000	 -4.130540	 6.275310	 201.845993	 647.973999	 99.000000	 3.131000
122.000000	 159.563004	 6.268950	 213.660004	 678.536987	 24.492701	 4.679000
123.000000	 396.493988	 6.268950	 542.221985	 629.072998	 23.504400	 7.224000
124.000000	 104.066002	 6.275310	 340.329987	 706.021973	 24.956699	 2.798000
125.000000	 83.046799	 6.256190	 512.307007	 636.122009	 25.201700	 2.705000
126.000000	 488.338989	 6.249800	 824.973999	 620.099976	 23.278200	 4.953000
127.000000	 474.097992	 6.268950	 512.077026	 618.614990	 23.310301	 5.318000
128.000000	 259.378998	 6.249800	 99.300003	 611.617981	 23.965200	 6.869000
129.000000	 84.362000	 6.262570	 969.606995	 616.400024	 25.184601	 2.534000
130.000000	 102.778000	 6.243410	 698.262024	 615.114990	 24.970200	 2.070000
131.000000	 54.463902	 6.243410	 963.348999	 605.286987	 25.659700	 9.785000
132.000000	 95.981903	 6.268950	 780.862976	 606.838989	 25.044500	 8.594000
133.000000	 94.620300	 6.281670	 463.263000	 607.578979	 25.059999	 3.902000
134.000000	 71.278801	 6.243410	 577.708984	 603.267029	 25.367599	 6.611000
135.000000	 110.126999	 6.256190	 602.642029	 598.643982	 24.895300	 8.153000
136.000000	 818.343018	 6.281670	 812.232971	 588.033997	 22.717699	 5.542000
137.000000	 45.607201	 6.268950	 554.388000	 567.004028	 25.852400	 29.490000
138.000000	 76.992104	 6.262570	 562.421997	 586.367004	 25.283899	 26.674999
139.000000	 80.529701	 6.249800	 786.005005	 595.101990	 25.235100	 7.182000
140.000000	 70.396500	 6.262570	 751.387024	 595.435974	 25.381100	 4.703000
141.000000	 163.944000	 6.262570	 765.489014	 592.163025	 24.463301	 5.518000
142.000000	 8769.780273	 6.237010	 792.104004	 630.155029	 20.142500	 2.580000
143.000000	 68.347801	 6.262570	 901.992004	 569.392029	 25.413200	 8.027000
144.000000	 68.559097	 6.275310	 935.237000	 584.447998	 25.409800	 17.570000
145.000000	 175.444000	 6.262570	 932.736023	 547.642029	 24.389700	 6.270000
146.000000	 73.108002	 6.230600	 921.098999	 574.893005	 25.340099	 13.284000
147.000000	 79.155800	 6.237010	 916.294006	 562.465027	 25.253799	 11.977000
148.000000	 45.775101	 6.249800	 468.290985	 574.630005	 25.848400	 14.039000
149.000000	 48.578899	 6.262570	 477.226990	 580.088989	 25.783899	 15.777000
150.000000	 52.942001	 6.249800	 498.052002	 578.278015	 25.690500	 14.596000
151.000000	 54.961300	 6.262570	 481.410004	 570.573975	 25.649900	 13.660000
152.000000	 65.613899	 6.275310	 511.644012	 586.583984	 25.457500	 13.154000
153.000000	 56.839401	 6.243410	 579.306030	 566.091003	 25.613400	 16.808001
154.000000	 145.604996	 6.275310	 238.755005	 577.208984	 24.592100	 6.779000
155.000000	 61.223900	 6.243410	 484.316010	 582.695984	 25.532700	 12.690000
156.000000	 69.903099	 6.262570	 428.959991	 578.554993	 25.388800	 3.954000
157.000000	 136.268005	 6.237010	 304.674988	 574.942993	 24.664000	 4.050000
158.000000	 134.826004	 6.275310	 872.849976	 575.023987	 24.675600	 2.126000
160.000000	 49.546700	 6.275310	 325.824005	 575.245972	 25.762501	 1.690000
162.000000	 253.695999	 6.275310	 159.453995	 568.645020	 23.989201	 5.059000
163.000000	 39.225300	 6.262570	 446.710999	 574.414978	 26.016100	 5.285000
164.000000	 92.917702	 6.275310	 405.955994	 569.198975	 25.079800	 6.473000
165.000000	 122.139999	 6.275310	 944.398987	 566.510010	 24.782900	 2.013000
166.000000	 81.754204	 6.275310	 993.208008	 551.760986	 25.218700	 7.569000
167.000000	 42.133701	 6.275310	 451.743988	 567.750000	 25.938400	 4.952000
170.000000	 149.718002	 6.262570	 456.079987	 557.625000	 24.561800	 5.934000
171.000000	 150.716995	 6.268950	 439.337006	 560.861023	 24.554600	 10.320000
172.000000	 97.769402	 6.243410	 966.505005	 560.369995	 25.024500	 1.487000
173.000000	 80.248596	 6.268950	 58.074001	 558.820007	 25.238899	 6.011000
174.000000	 115.150002	 6.243410	 879.067993	 586.664001	 24.846800	 3.216000
175.000000	 65.400902	 6.275310	 576.565979	 579.038025	 25.461000	 9.518000
176.000000	 84.649002	 6.230600	 572.500000	 543.887024	 25.180901	 22.903999
177.000000	 367.924011	 6.275310	 573.158997	 520.205994	 23.585600	 4.079000
179.000000	 49.632099	 6.262570	 417.322998	 552.080017	 25.760599	 9.993000
180.000000	 72.871002	 6.268950	 681.385986	 704.081970	 25.343599	 2.783000
181.000000	 124.420998	 6.224190	 87.853996	 549.289978	 24.762800	 3.795000
182.000000	 142.936005	 6.268950	 69.407997	 521.117981	 24.612101	 1.085000
183.000000	 126.462997	 6.268950	 70.762001	 510.067993	 24.745100	 -78.660004
184.000000	 105.042000	 6.262570	 833.351013	 538.929993	 24.946600	 3.139000
185.000000	 91.624001	 6.268950	 657.431030	 541.677002	 25.094999	 1.846000
186.000000	 419.399994	 6.275310	 777.356018	 528.770020	 23.443399	 6.289000
187.000000	 2205.090088	 6.268950	 766.778992	 512.583984	 21.641399	 2.986000
188.000000	 43.537701	 6.262570	 601.031006	 535.513000	 25.902800	 4.894000
189.000000	 83.494598	 6.230600	 543.500000	 523.364990	 25.195900	 8.581000
190.000000	 89.330498	 6.275310	 539.241028	 517.349976	 25.122499	 3.496000
191.000000	 88.988899	 6.249800	 536.705017	 511.572998	 25.126699	 -33.340000
192.000000	 230.798996	 6.268950	 93.837997	 492.838013	 24.091900	 1.016000
193.000000	 235.723007	 6.275310	 118.851997	 522.213989	 24.069000	 7.674000
194.000000	 206.888000	 6.275310	 113.614998	 508.730988	 24.210699	 4.476000
195.000000	 271.506989	 6.243410	 88.736000	 527.077026	 23.915501	 3.009000
196.000000	 49.507301	 6.262570	 632.562988	 527.273987	 25.763300	 6.026000
199.000000	 6555.930176	 6.275310	 35.581001	 659.731995	 20.458401	 3.097000
202.000000	 59.394699	 6.275310	 386.157013	 510.144012	 25.565599	 8.761000
203.000000	 387.214996	 6.275310	 405.403015	 461.177002	 23.530100	 17.448999
204.000000	 76.218498	 6.249800	 51.722000	 500.750000	 25.294800	 4.069000
205.000000	 73.936203	 6.281670	 64.535004	 616.806030	 25.327900	 98.969002
206.000000	 233.647995	 6.268950	 943.208984	 494.983002	 24.078600	 2.594000
207.000000	 56.899502	 6.256190	 597.879028	 495.906006	 25.612200	 8.672000
208.000000	 1684.689941	 6.256190	 368.644012	 502.524994	 21.933701	 2.795000
210.000000	 141.309998	 6.243410	 141.462997	 483.873993	 24.624599	 3.914000
211.000000	 174.837006	 6.268950	 775.012024	 485.372009	 24.393400	 2.071000
212.000000	 52.170200	 6.268950	 457.885986	 485.003998	 25.706400	 2.619000
214.000000	 533.489990	 6.237010	 29.313000	 446.552002	 23.182199	 6.425000
215.000000	 129.188995	 6.262570	 446.519989	 481.566010	 24.721901	 2.586000
216.000000	 128.712997	 6.275310	 733.020020	 480.462006	 24.725901	 3.920000
217.000000	 45.947899	 6.224190	 918.861023	 463.303009	 25.844299	 9.768000
218.000000	 191.988007	 6.275310	 892.114014	 470.792999	 24.291800	 9.744000
219.000000	 121.684998	 6.268950	 368.329987	 468.003998	 24.786900	 15.463000
220.000000	 263.583008	 6.262570	 699.955994	 475.066010	 23.947701	 2.875000
221.000000	 94.433403	 6.268950	 606.616028	 470.579010	 25.062201	 3.470000
222.000000	 215.593002	 6.243410	 3.327000	 442.136993	 24.165899	 2.053000
223.000000	 324.868011	 6.268950	 722.471985	 454.813995	 23.720699	 4.508000
224.000000	 88.357002	 6.268950	 65.438004	 455.627014	 25.134399	 6.103000
225.000000	 72.390900	 6.275310	 995.450012	 459.447998	 25.350800	 2.136000
226.000000	 562.789001	 6.243410	 551.728027	 453.664001	 23.124100	 3.182000
227.000000	 46.968601	 6.268950	 945.802002	 454.920013	 25.820499	 5.197000
228.000000	 87.116798	 6.249800	 116.179001	 453.295990	 25.149700	 2.449000
231.000000	 76.397598	 6.281670	 234.783997	 476.455994	 25.292299	 2.943000
232.000000	 244.822998	 6.256190	 396.707001	 487.725006	 24.027901	 15.883000
233.000000	 51.437901	 6.281670	 377.760986	 443.145996	 25.721800	 13.171000
234.000000	 931.851013	 6.268950	 378.467010	 491.553009	 22.576599	 3.273000
235.000000	 331.737000	 6.243410	 110.918999	 441.933014	 23.698000	 2.523000
236.000000	 51.413700	 6.268950	 514.846985	 415.962006	 25.722300	 19.620001
237.000000	 40.945400	 6.275310	 519.661987	 426.830994	 25.969500	 15.279000
238.000000	 55.749901	 6.262570	 544.367004	 434.274994	 25.634399	 10.075000
239.000000	 75.614601	 6.275310	 461.032990	 427.757996	 25.303499	 18.542000
240.000000	 77.272202	 6.275310	 457.848999	 415.154999	 25.279900	 27.805000
241.000000	 67.016602	 6.275310	 459.009003	 503.651001	 25.434500	 3.085000
242.000000	 124.623001	 6.262570	 392.764008	 424.372986	 24.761000	 16.908001
243.000000	 51.991199	 6.262570	 812.473022	 432.454987	 25.710199	 2.171000
244.000000	 54.988800	 6.256190	 500.692993	 420.192993	 25.649300	 21.927000
245.000000	 52.368599	 6.262570	 163.199005	 427.570007	 25.702299	 5.874000
246.000000	 57.732899	 6.275310	 168.848999	 424.027008	 25.596399	 4.590000
247.000000	 115.112999	 6.237010	 821.481018	 423.135010	 24.847200	 1.992000
248.000000	 57.546398	 6.268950	 531.744995	 431.766998	 25.600000	 15.875000
249.000000	 255.979996	 6.243410	 31.086000	 412.937012	 23.979500	 8.995000
250.000000	 54.581299	 6.243410	 521.283020	 401.908997	 25.657400	 5.998000
251.000000	 50.081402	 6.268950	 325.425995	 400.674011	 25.750799	 2.454000
252.000000	 204.824997	 6.268950	 5.995000	 396.385986	 24.221500	 3.201000
253.000000	 50.886200	 6.256190	 557.872009	 399.290985	 25.733500	 6.518000
254.000000	 180.108994	 6.275310	 426.397003	 410.053009	 24.361200	 19.128000
256.000000	 285.962006	 6.243410	 954.297974	 384.444000	 23.859200	 4.214000
257.000000	 139.227005	 6.275310	 90.000999	 383.783997	 24.640699	 3.823000
258.000000	 138.835999	 6.237010	 541.104004	 378.647003	 24.643700	 5.344000
259.000000	 78.652199	 6.268950	 465.200012	 383.121002	 25.260700	 4.181000
260.000000	 85.476997	 6.268950	 437.393005	 381.516998	 25.170401	 2.104000
261.000000	 87.342903	 6.262570	 627.835999	 376.817993	 25.146900	 5.688000
262.000000	 208.337997	 6.268950	 758.541992	 370.032990	 24.203100	 3.615000
263.000000	 2815.639893	 6.243410	 801.755981	 367.106995	 21.376101	 2.477000
264.000000	 289.753998	 6.275310	 408.442993	 360.541992	 23.844900	 3.325000
265.000000	 55.393501	 6.243410	 540.906982	 361.954010	 25.641399	 6.714000
266.000000	 50.009102	 6.262570	 533.801025	 361.209015	 25.752399	 6.101000
267.000000	 62.554600	 6.243410	 295.731995	 359.882996	 25.509399	 3.862000
268.000000	 95.570801	 6.275310	 457.407990	 358.753998	 25.049200	 2.185000
269.000000	 49.195702	 6.249800	 514.094971	 318.238007	 25.770201	 11.914000
270.000000	 60.025799	 6.268950	 498.414001	 323.117004	 25.554199	 26.735001
271.000000	 96.846199	 6.275310	 479.342010	 334.632996	 25.034800	 4.981000
272.000000	 54.340500	 6.249800	 491.201996	 347.899994	 25.662201	 19.242001
273.000000	 76.767303	 6.275310	 506.819000	 345.463989	 25.287100	 24.205000
274.000000	 55.290699	 6.262570	 535.010986	 351.812012	 25.643400	 6.791000
275.000000	 11276.500000	 6.268950	 696.460022	 338.463989	 19.869600	 2.521000
276.000000	 140.628006	 6.275310	 630.640991	 341.595001	 24.629801	 8.601000
277.000000	 74.394402	 6.268950	 624.549011	 334.630005	 25.321100	 9.741000
278.000000	 6720.350098	 6.268950	 234.186996	 334.372986	 20.431499	 2.490000
279.000000	 57.034500	 6.275310	 521.166992	 337.860992	 25.609699	 12.106000
280.000000	 233.427994	 6.268950	 820.679016	 327.424011	 24.079599	 5.474000
281.000000	 338.920013	 6.275310	 5.444000	 325.763000	 23.674801	 3.498000
282.000000	 189.570007	 6.275310	 167.987000	 320.121002	 24.305599	 5.368000
283.000000	 93.048599	 6.262570	 353.053986	 990.528015	 25.078199	 2.606000
284.000000	 130.598007	 6.268950	 131.397003	 260.589996	 24.710199	 8.154000
286.000000	 2660.320068	 6.275310	 573.424988	 301.869995	 21.437700	 4.042000
287.000000	 73.796204	 6.268950	 328.467010	 317.651001	 25.329901	 4.325000
288.000000	 141.057999	 6.275310	 634.059998	 257.200989	 24.626499	 17.809000
289.000000	 48.512798	 6.262570	 649.010986	 297.225006	 25.785400	 22.632000
290.000000	 508.273987	 6.262570	 663.184021	 276.089996	 23.234800	 4.711000
291.000000	 441.036987	 6.275310	 661.117981	 264.200012	 23.388800	 7.749000
292.000000	 44.922600	 6.275310	 522.642029	 301.341003	 25.868799	 4.451000
293.000000	 51.658100	 6.275310	 512.439026	 298.457001	 25.717199	 11.074000
294.000000	 50.183701	 6.230600	 506.898987	 306.333008	 25.748600	 12.781000
295.000000	 93.788498	 6.275310	 913.606995	 296.346985	 25.069599	 4.633000
296.000000	 227.738007	 6.275310	 38.752998	 298.050995	 24.106400	 2.745000
297.000000	 55.688801	 6.262570	 499.364990	 291.312012	 25.635599	 8.284000
298.000000	 68.676201	 6.230600	 514.903992	 283.951996	 25.408001	 15.272000
299.000000	 72.656700	 6.275310	 519.469971	 277.428009	 25.346800	 11.264000
300.000000	 49.388401	 6.268950	 523.640015	 289.958008	 25.765900	 8.140000
301.000000	 192.589996	 6.268950	 241.731003	 289.364014	 24.288401	 3.753000
302.000000	 111.792999	 6.275310	 153.572006	 288.130005	 24.879000	 0.867000
303.000000	 141.962997	 6.268950	 151.537003	 283.845001	 24.619600	 0.833000
304.000000	 53.340199	 6.268950	 938.609009	 286.631012	 25.682400	 3.369000
305.000000	 107.542000	 6.268950	 136.205994	 284.910004	 24.921101	 15.229000
306.000000	 190.322006	 6.256190	 686.106995	 277.636993	 24.301300	 6.259000
307.000000	 62.920101	 6.262570	 533.588013	 279.210999	 25.503000	 9.764000
308.000000	 63.168499	 6.243410	 813.309021	 281.914001	 25.498699	 2.961000
309.000000	 61.347599	 6.262570	 623.976013	 274.118988	 25.530500	 4.582000
310.000000	 52.226898	 6.237010	 523.348022	 264.285004	 25.705299	 14.331000
311.000000	 112.828003	 6.275310	 546.538025	 255.835999	 24.868999	 17.042999
312.000000	 4784.310059	 6.268950	 887.159973	 257.776001	 20.800501	 2.546000
313.000000	 248.309998	 6.275310	 83.012001	 263.763000	 24.012501	 3.017000
314.000000	 54.604599	 6.256190	 277.906006	 257.273987	 25.656900	 2.188000
315.000000	 68.403900	 6.237010	 548.450989	 243.716003	 25.412300	 15.721000
316.000000	 57.084499	 6.256190	 936.817993	 316.036987	 25.608700	 3.138000
317.000000	 67.435402	 6.275310	 37.740002	 250.046997	 25.427799	 3.809000
318.000000	 124.559998	 6.262570	 498.617004	 268.563995	 24.761600	 9.160000
319.000000	 57.574902	 6.281670	 590.202026	 246.134995	 25.599400	 6.741000
320.000000	 139.667999	 6.268950	 709.672974	 268.811005	 24.637300	 3.990000
321.000000	 113.963997	 6.243410	 665.718994	 236.074005	 24.858101	 9.497000
322.000000	 141.153000	 6.262570	 468.088013	 240.164993	 24.625799	 2.457000
323.000000	 169.514999	 6.268950	 745.216003	 226.205002	 24.427000	 3.757000
324.000000	 56.991699	 6.243410	 530.693970	 224.966995	 25.610500	 3.195000
325.000000	 46.120300	 6.230600	 959.442993	 224.899994	 25.840300	 2.536000
326.000000	 59.555801	 6.268950	 66.370003	 218.259995	 25.562700	 1.899000
327.000000	 147.626999	 6.224190	 731.491028	 212.654007	 24.577101	 3.293000
328.000000	 71.166199	 6.268950	 740.056030	 212.625000	 25.369301	 5.657000
329.000000	 225.531998	 6.268950	 718.083008	 214.817001	 24.117001	 0.833000
330.000000	 166.882996	 6.256190	 718.325989	 210.307999	 24.444000	 0.473000
331.000000	 60.340401	 6.243410	 395.924011	 214.076996	 25.548500	 3.212000
332.000000	 93.018799	 6.275310	 324.032013	 212.636993	 25.078600	 3.270000
333.000000	 122.904999	 6.275310	 703.640991	 209.794006	 24.776100	 2.192000
334.000000	 96.997002	 6.275310	 37.543999	 212.802002	 25.033100	 3.605000
335.000000	 52.388500	 6.268950	 288.458008	 209.261002	 25.701900	 3.767000
336.000000	 48.738701	 6.249800	 108.003998	 207.705002	 25.780300	 4.240000
337.000000	 166.710007	 6.268950	 431.325989	 191.376999	 24.445101	 6.922000
338.000000	 222.007004	 6.281670	 449.388000	 175.662994	 24.134100	 15.871000
339.000000	 545.812012	 6.243410	 802.304993	 196.289993	 23.157400	 2.674000
340.000000	 3694.080078	 6.268950	 788.932007	 184.175003	 21.081200	 2.518000
341.000000	 118.497002	 6.281670	 708.004028	 193.261993	 24.815701	 4.829000
342.000000	 122.665001	 6.268950	 835.580994	 187.041000	 24.778200	 3.952000
343.000000	 99.327103	 6.275310	 548.982971	 195.531006	 25.007299	 2.528000
344.000000	 126.763000	 6.275310	 497.744995	 181.639999	 24.742500	 4.100000
347.000000	 52.678799	 6.275310	 97.626999	 177.533997	 25.695900	 5.176000
348.000000	 96.256599	 6.268950	 481.638000	 174.186005	 25.041401	 6.784000
349.000000	 141.050995	 6.262570	 144.929993	 262.209015	 24.626600	 6.843000
350.000000	 95.024300	 6.249800	 740.692993	 163.968002	 25.055401	 9.162000
351.000000	 1638.609985	 6.281670	 679.859009	 159.988998	 21.963800	 2.501000
352.000000	 139.811005	 6.237010	 82.513000	 159.263000	 24.636101	 5.132000
353.000000	 402.109009	 6.275310	 888.150024	 153.229004	 23.489100	 4.135000
354.000000	 107.832001	 6.275310	 452.223999	 145.354996	 24.918100	 7.774000
355.000000	 71.517303	 6.262570	 513.757019	 145.134003	 25.364000	 7.473000
356.000000	 95.519096	 6.249800	 508.601013	 144.595993	 25.049801	 2.983000
357.000000	 59.043098	 6.268950	 432.204987	 142.529007	 25.572100	 6.367000
358.000000	 50.239399	 6.243410	 103.496002	 145.906006	 25.747400	 6.690000
359.000000	 971.145020	 6.275310	 412.931000	 138.619003	 22.531799	 3.153000
360.000000	 246.770996	 6.256190	 574.877014	 156.291000	 24.019300	 4.685000
361.000000	 139.496994	 6.243410	 863.674011	 137.065002	 24.638599	 5.165000
362.000000	 54.853401	 6.268950	 771.793030	 141.067001	 25.652000	 2.902000
363.000000	 43.605801	 5.680710	 1.833000	 131.953003	 25.901100	 4.398000
364.000000	 124.666000	 6.256190	 522.476013	 133.884995	 24.760599	 7.098000
365.000000	 6973.660156	 6.268950	 632.653992	 125.225998	 20.391300	 2.534000
366.000000	 434.553009	 6.268950	 535.046997	 121.870003	 23.404900	 5.048000
367.000000	 90.477501	 6.281670	 481.417999	 119.447998	 25.108601	 5.836000
368.000000	 83.941704	 6.256190	 879.109009	 119.926003	 25.190100	 3.115000
369.000000	 13201.299805	 6.243410	 394.066986	 121.084000	 19.698500	 2.502000
370.000000	 480.035004	 6.237010	 49.481998	 91.650002	 23.296801	 3.888000
371.000000	 2647.800049	 6.275310	 870.655029	 83.848000	 21.442801	 2.463000
372.000000	 257.973999	 6.275310	 548.827026	 987.942017	 23.971100	 2.918000
374.000000	 761.809021	 6.275310	 677.341003	 73.751999	 22.795401	 4.437000
375.000000	 146.608002	 6.262570	 102.593002	 78.071999	 24.584600	 3.095000
376.000000	 48.350300	 6.275310	 207.240997	 78.030998	 25.789000	 3.425000
377.000000	 69.143600	 6.256190	 84.708000	 73.973999	 25.400600	 2.947000
379.000000	 1306.069946	 6.256190	 14.482000	 66.839996	 22.210100	 2.458000
380.000000	 140.104004	 6.268950	 83.038002	 982.585022	 24.633900	 3.014000
381.000000	 161.606003	 6.268950	 443.042999	 981.661987	 24.478901	 4.252000
384.000000	 86.329102	 6.268950	 544.273010	 64.809998	 25.159599	 2.756000
385.000000	 313.352997	 6.262570	 439.811005	 969.991028	 23.759899	 5.661000
386.000000	 143.490997	 6.275310	 450.067993	 58.773998	 24.607901	 5.821000
387.000000	 552.382996	 6.275310	 808.031006	 56.962002	 23.144400	 3.190000
388.000000	 48.044998	 6.256190	 243.841995	 59.314999	 25.795900	 5.375000
390.000000	 48.565899	 6.268950	 723.940002	 56.147999	 25.784201	 2.207000
391.000000	 43.775600	 6.268950	 170.526993	 49.435001	 25.896900	 2.224000
392.000000	 68.773697	 6.268950	 119.322998	 45.569000	 25.406401	 3.403000
393.000000	 46.857700	 6.268950	 673.432007	 43.264000	 25.823000	 6.670000
394.000000	 250.098999	 6.262570	 837.049988	 976.531006	 24.004700	 6.306000
395.000000	 195.542999	 6.275310	 821.867981	 972.629028	 24.271900	 4.468000
396.000000	 43.285702	 6.262570	 972.181030	 974.689026	 25.909100	 5.723000
397.000000	 89.757301	 6.243410	 478.106995	 40.367001	 25.117300	 2.826000
398.000000	 186.378998	 6.262570	 213.149002	 963.275024	 24.323999	 7.742000
400.000000	 133.738007	 6.268950	 582.627991	 37.040001	 24.684401	 2.046000
401.000000	 44.211300	 6.249800	 762.502991	 35.076000	 25.886200	 2.645000
403.000000	 47.233200	 6.268950	 82.397003	 31.167999	 25.814400	 4.202000
404.000000	 50.864899	 6.268950	 253.128998	 27.437000	 25.733999	 2.929000
405.000000	 96.223503	 6.268950	 116.133003	 23.434000	 25.041800	 2.922000
406.000000	 47.092602	 6.256190	 743.700989	 89.180000	 25.817600	 2.147000
407.000000	 53.892300	 6.262570	 174.585999	 972.830994	 25.671200	 4.073000
408.000000	 134.932999	 6.230600	 570.250977	 950.491028	 24.674700	 14.174000
409.000000	 125.431000	 6.268950	 562.614014	 920.406006	 24.754000	 17.445000
410.000000	 187.498993	 6.268950	 33.919998	 954.606995	 24.317499	 2.598000
411.000000	 43.926399	 6.268950	 347.919006	 961.018982	 25.893200	 2.205000
412.000000	 123.024002	 6.262570	 264.911987	 958.215027	 24.775000	 2.734000
