384.121900 67.659900 380.222700 46.320300
377.957300 40.885000 3851.016000 30.197880
933.039700 51.059100 434.925000 36.787770
988.125700 22.669200 668.104700 25.664650
341.153400 26.275400 1440.536000 21.954140
319.915000 11.280700 3465.616000 31.311080
331.851700 5.203500 1207.489000 20.443710
8.267700 9.444300 266.195400 13.527350
909.073200 4.560100 116.914400 15.443220
727.882900 5.571900 140.589400 15.088160
302.704000 7.214400 3538.294000 28.762190
326.879300 943.477000 105.520100 13.623180
385.017000 940.691800 222.733200 20.253590
173.008600 940.452700 71.758890 12.354580
262.330700 934.974000 696.985400 15.159830
79.896600 937.725300 479.391800 10.562100
56.942500 927.914500 -69.002900 20.307050
719.300000 932.550400 84.615800 12.987670
264.732400 958.799300 84.108800 9.195468
508.401700 914.580600 178.573800 8.760788
287.456100 905.748500 953.344100 16.103510
250.926900 910.331200 -55.696220 9.219016
260.496800 903.965700 1291.000000 17.350530
286.657600 892.063300 571.469700 17.435880
273.783900 886.102800 873.804200 18.896560
927.241400 910.164700 294.846700 18.948360
200.414600 907.305700 312.253200 19.254830
715.479600 901.355800 155.398400 20.645880
86.446400 893.915600 94.964230 15.776570
352.521700 885.137000 893.858000 19.434150
551.025600 899.662700 1243.485000 17.035040
549.491100 875.761400 300.514500 11.233190
696.629000 868.240600 79.263990 21.439240
359.842100 864.028300 80.777660 11.889550
22.040100 859.004800 131.380900 12.511520
952.141200 854.345800 137.084500 22.340570
739.379600 849.836000 217.223800 9.986665
912.864000 851.198200 110.738100 13.104010
317.477400 848.244800 163.838700 18.578600
784.716900 843.481000 52.851660 9.964931
850.836100 839.487900 117.397900 14.184550
832.738600 833.268900 113.846700 14.531850
996.468800 810.486000 243.431900 8.381351
785.389300 802.688700 953.412100 27.914550
680.816800 766.681100 577.391400 38.520910
658.869100 742.222900 1153.159000 17.084180
423.043700 775.070200 521.604100 22.924920
772.523100 739.514300 1149.400000 17.182430
757.835100 765.689800 1168.855000 16.726160
737.456700 745.795900 -320.045700 43.779190
513.053100 760.641900 66.503880 7.594206
589.694700 748.041300 212.982900 11.058120
611.192700 729.946200 826.902800 24.479950
519.186100 709.855700 3695.535000 31.216020
524.496100 736.358800 2462.970000 28.103580
533.635300 724.076000 758.333100 16.039500
75.981700 732.605100 139.545900 14.230330
217.277800 678.898700 3050.885000 123.401800
528.404400 686.341600 484.793400 14.621100
194.364400 604.725400 9260.256000 49.116890
562.105500 688.316500 48.549680 13.087450
272.998200 698.611900 323.537000 27.782190
583.467700 676.894000 228.633500 10.780130
640.254000 671.386500 96.595950 9.171860
179.380100 615.466900 10551.730000 52.805490
73.187200 646.150600 8943.391000 48.264740
542.257300 629.153100 695.990800 24.752990
824.321200 620.271100 792.092700 16.619820
512.770000 619.118600 507.126700 18.213240
99.902000 611.287200 4392.432000 31.957830
958.227900 607.315200 89.020450 22.504950
602.384000 598.536900 232.378700 18.355540
812.348000 588.276200 646.152200 18.566930
567.133500 576.213400 426.892200 12.075140
559.309400 587.179200 772.356400 36.521590
602.469900 707.624200 98.525200 8.834720
489.549200 586.481400 751.357000 16.552550
879.316200 586.676500 223.475800 9.497039
222.806400 588.783400 660.127400 12.879660
901.662400 569.463700 1317.152000 18.253160
924.854000 576.151900 4426.181000 35.167350
914.105800 561.038000 1746.113000 20.820200
933.447400 547.423300 5330.592000 35.347830
474.529500 579.932900 477.392500 10.658080
473.209800 572.173900 254.386300 9.953121
481.514500 569.299000 1041.178000 17.010070
457.834400 575.993700 105.209900 6.410277
304.709000 573.017000 574.035900 15.330490
159.305000 569.129200 157.703600 18.105790
991.938300 552.464700 167.732800 22.725450
549.571900 569.617200 189.743100 18.367340
406.218500 569.385500 138.907700 16.658910
439.794800 560.767200 2893.768000 26.559040
455.688900 557.715000 223.171800 19.733070
581.223400 563.931200 197.337000 20.210730
572.441500 542.197500 2582.504000 25.797620
573.496100 520.609300 477.731800 20.049170
87.416200 548.993300 179.919800 18.402720
88.542900 527.029900 1095.411000 17.415780
69.012900 520.471700 2642.527000 32.880250
513.836900 585.826800 384.184400 23.696890
392.096000 541.653900 112.014300 15.721500
833.717300 538.641200 47.821280 7.622702
777.307700 528.744100 646.197100 24.026400
537.848400 518.325900 455.207700 12.756140
93.859300 492.853400 1372.594000 19.892820
117.850200 488.502900 2601.552000 26.661010
113.464600 508.656700 1690.933000 20.374050
5.070200 511.100500 141.697400 6.865265
385.766700 511.517800 547.461100 11.343980
544.084600 521.084500 662.160200 16.153380
397.570400 489.047800 906.278900 22.998360
459.514700 506.501900 16.638540 6.518829
71.839000 508.872500 1819.943000 20.726000
780.755800 499.006300 253.776800 7.712727
141.540900 484.446300 300.541200 13.349880
733.187900 480.560400 57.187910 11.233190
118.627200 522.296600 5799.069000 54.769420
446.974200 481.430200 97.149830 6.906418
234.855400 476.309100 127.322300 9.124459
891.588100 470.747900 143.447000 30.682200
368.437400 469.168300 3131.434000 27.862870
64.407700 454.482200 2963.062000 26.302130
7.651600 466.306000 1507.376000 25.269440
31.509900 446.906800 5891.599000 45.857670
740.416300 457.533600 36.700130 9.722653
405.569600 461.225900 327.988500 30.341110
722.485000 454.862100 419.070200 14.107920
3.317900 441.351700 315.706500 16.976980
533.501800 433.539400 47.306220 29.323640
474.284500 410.451800 1116.116000 18.684650
465.324500 425.310500 1943.090000 27.294120
507.339100 426.947600 94.542560 8.983315
500.421400 420.914200 244.351200 11.589790
167.923700 427.138900 28.185150 15.216930
393.212400 426.284500 151.792900 20.999890
454.105800 415.788200 443.291500 15.820850
514.519300 415.057000 232.523900 11.907980
427.135400 410.331500 603.761500 37.655670
31.689500 412.802200 253.578100 21.246230
522.687300 424.142100 358.281500 13.131380
90.501400 383.542900 144.441200 10.180180
628.367700 377.590900 163.467700 18.105790
408.292000 360.056600 261.684600 10.029990
295.191700 360.444300 34.669530 11.668670
510.236900 337.095800 535.097700 49.189640
485.268800 341.366300 2074.403000 22.175960
476.292800 335.949500 507.349700 18.911580
504.962600 347.721400 897.891400 15.807770
491.751100 327.062700 484.581400 11.925370
630.082600 341.415700 162.422800 26.934230
820.620700 327.659100 320.401100 16.250440
168.366900 319.952400 178.736100 23.596040
328.191300 317.146200 53.489820 10.222690
167.474800 289.292900 143.413700 10.027350
170.451200 281.179200 1426.225000 21.119320
634.210600 257.736800 3940.483000 30.408160
647.988800 298.097400 7576.343000 43.682300
661.171300 264.303300 8032.546000 44.096430
166.431300 298.150600 1672.507000 23.191210
144.153300 260.897900 2985.967000 26.386930
135.654100 283.903900 1823.022000 24.517100
913.842800 295.612300 128.596500 16.409760
241.475400 289.339200 151.071600 11.481360
663.144800 276.225600 1602.899000 19.547770
497.973000 268.353200 211.023700 20.645880
518.927200 261.436800 220.193300 19.355900
528.842600 286.834300 85.901500 22.145620
546.609900 256.844400 353.808700 34.569740
549.580800 241.185700 305.223200 23.374470
130.931600 260.866100 4796.281000 34.280890
37.694400 213.282300 102.787400 9.811446
731.816200 211.969400 250.054500 14.478520
740.474200 212.650500 153.452100 7.829933
704.532000 210.278800 3.212683 7.763614
431.050500 191.957500 1018.296000 26.724870
449.668700 175.155200 8478.576000 46.785840
548.804000 195.504500 54.964860 5.999231
836.214800 187.079000 66.657220 10.051580
741.031000 163.239700 157.029400 25.298790
82.722800 159.229100 109.009900 15.693890
888.173500 153.072500 351.012900 12.407110
452.139200 145.347300 327.371600 22.981600
431.025800 144.791500 1135.910000 16.570160
511.619900 145.079000 246.414200 18.296380
574.896400 156.086600 217.696800 15.967800
863.605200 137.300200 206.834400 21.133680
521.944200 133.663200 456.965700 19.728020
535.042600 121.897900 399.519500 16.671920
429.290200 127.805300 209.803300 15.259620
879.146100 119.836100 68.276260 10.638410
481.461500 119.528400 271.496500 16.567550
49.621200 91.717000 397.029000 12.407110
449.701400 58.731500 59.334360 11.761210
338.023300 52.035400 335.988100 12.597870
119.185400 45.506800 91.688450 8.980759
673.485700 44.552600 146.444300 22.744520
837.201800 976.300000 3984.100000 30.426720
821.856600 972.515000 1745.308000 20.241040
176.005100 975.397400 53.721140 12.142160
212.826700 963.161200 391.133900 23.009880
571.299100 951.598300 94.529170 33.030250
561.133100 917.724700 160.103700 44.212850
34.142400 954.634300 40.506670 12.106400
