384.121900 67.659900 9718.193000 149.083000
377.957300 40.885000 1307.829000 42.495680
933.039700 51.059100 5976.700000 118.402300
988.125700 22.669200 6075.856000 82.602300
341.153400 26.275400 1921.753000 66.755770
319.915000 11.280700 2183.154000 48.805750
331.851700 5.203500 1123.106000 33.170820
8.267700 9.444300 335.788600 43.538110
909.073200 4.560100 801.064000 49.704380
727.882900 5.571900 814.283200 48.561600
302.704000 7.214400 1217.556000 33.069270
326.879300 943.477000 586.318700 43.846520
385.017000 940.691800 914.376000 65.186680
173.008600 940.452700 526.400000 39.763500
262.330700 934.974000 1507.875000 48.792290
79.896600 937.725300 128.938900 14.496320
56.942500 927.914500 697.688800 65.358720
719.300000 932.550400 440.093900 41.801140
264.732400 958.799300 250.108000 29.595830
508.401700 914.580600 348.975500 28.196810
287.456100 905.748500 616.164600 24.376790
250.926900 910.331200 1075.690000 31.410810
260.496800 903.965700 331.623600 25.419920
286.657600 892.063300 1799.538000 28.105670
273.783900 886.102800 2024.140000 33.759410
927.241400 910.164700 1677.755000 60.985760
200.414600 907.305700 669.159600 61.972120
715.479600 901.355800 1881.891000 66.449240
86.446400 893.915600 770.500000 50.777260
352.521700 885.137000 2623.769000 62.549290
551.025600 899.662700 258.147100 24.000370
549.491100 875.761400 936.565200 36.154290
696.629000 868.240600 1033.823000 69.002720
359.842100 864.028300 59.599730 38.266800
22.040100 859.004800 348.924600 40.268630
952.141200 854.345800 795.676800 71.903650
739.379600 849.836000 316.722700 32.142320
912.864000 851.198200 261.485800 42.175560
317.477400 848.244800 250.902200 59.795680
784.716900 843.481000 83.589070 32.072370
850.836100 839.487900 330.097900 45.653310
832.738600 833.268900 523.939000 46.771120
996.468800 810.486000 676.963200 26.975580
785.389300 802.688700 5505.597000 89.843640
680.816800 766.681100 -335.449600 123.980500
658.869100 742.222900 400.395800 29.906590
423.043700 775.070200 2031.495000 73.784410
772.523100 739.514300 666.408900 25.161760
757.835100 765.689800 410.265400 35.698550
737.456700 745.795900 -2975.351000 140.904400
513.053100 760.641900 220.282300 24.442130
589.694700 748.041300 805.533000 35.590810
611.192700 729.946200 4315.030000 78.789310
519.186100 709.855700 -51.375410 43.743960
524.496100 736.358800 1698.167000 46.361770
533.635300 724.076000 712.134600 25.823400
75.981700 732.605100 890.637500 45.800660
217.277800 678.898700 1110.321000 397.171600
528.404400 686.341600 2921.209000 47.058360
194.364400 604.725400 3489.011000 85.227420
562.105500 688.316500 -205.005300 42.122280
272.998200 698.611900 1698.584000 89.417660
583.467700 676.894000 274.344600 34.696100
640.254000 671.386500 -41.504860 29.519850
179.380100 615.466900 27875.210000 162.536600
73.187200 646.150600 5979.680000 70.562940
542.257300 629.153100 4520.072000 79.668080
824.321200 620.271100 5283.268000 53.491280
512.770000 619.118600 3135.713000 58.619750
99.902000 611.287200 1713.200000 38.025420
958.227900 607.315200 1757.700000 72.432710
602.384000 598.536900 365.877100 59.077730
812.348000 588.276200 5719.399000 59.758110
567.133500 576.213400 283.773400 29.535280
559.309400 587.179200 2244.659000 117.545600
602.469900 707.624200 463.684800 28.434760
489.549200 586.481400 504.682400 38.466430
879.316200 586.676500 175.008200 30.566450
222.806400 588.783400 223.684100 23.278360
901.662400 569.463700 567.564100 27.654830
924.854000 576.151900 2212.141000 57.319580
914.105800 561.038000 755.500900 30.646800
933.447400 547.423300 1635.717000 49.067190
474.529500 579.932900 166.188600 15.135570
473.209800 572.173900 186.863100 18.304890
481.514500 569.299000 481.256700 38.060950
457.834400 575.993700 73.864590 14.215800
304.709000 573.017000 855.118900 49.341560
159.305000 569.129200 1336.238000 58.273910
991.938300 552.464700 3220.198000 73.142400
549.571900 569.617200 4.477083 59.115730
406.218500 569.385500 637.089800 53.617100
439.794800 560.767200 493.823300 31.570750
455.688900 557.715000 406.049200 63.511370
581.223400 563.931200 708.049000 65.048710
572.441500 542.197500 4497.109000 76.841450
573.496100 520.609300 1121.007000 64.528730
87.416200 548.993300 111.328400 59.229600
88.542900 527.029900 544.139300 49.423760
69.012900 520.471700 2040.123000 61.314740
513.836900 585.826800 1750.593000 76.269020
392.096000 541.653900 618.928200 50.600020
833.717300 538.641200 356.164700 24.533850
777.307700 528.744100 1492.755000 29.321010
537.848400 518.325900 620.476100 20.263360
93.859300 492.853400 1209.816000 57.671250
117.850200 488.502900 1132.613000 57.730950
113.464600 508.656700 549.922600 33.468810
5.070200 511.100500 126.453200 11.039910
385.766700 511.517800 148.435000 20.268200
544.084600 521.084500 536.501600 28.498560
397.570400 489.047800 2182.004000 38.145150
459.514700 506.501900 346.317200 20.981010
71.839000 508.872500 -231.653400 25.957260
780.755800 499.006300 84.681760 10.450100
141.540900 484.446300 680.942400 42.966920
733.187900 480.560400 453.426400 36.154290
118.627200 522.296600 3257.013000 52.417340
446.974200 481.430200 216.724200 22.228470
234.855400 476.309100 138.652500 29.367290
891.588100 470.747900 2986.647000 98.751390
368.437400 469.168300 540.117600 30.380540
64.407700 454.482200 771.281700 31.904970
7.651600 466.306000 7920.975000 86.700760
31.509900 446.906800 5615.967000 74.937520
740.416300 457.533600 58.648670 31.292590
405.569600 461.225900 4109.853000 97.653600
722.485000 454.862100 1439.830000 45.406670
3.317900 441.351700 -351.852800 18.108180
533.501800 433.539400 174.443500 94.378850
474.284500 410.451800 687.420000 46.203620
465.324500 425.310500 5262.961000 89.866890
507.339100 426.947600 359.346900 29.020510
500.421400 420.914200 1079.989000 38.068160
167.923700 427.138900 455.490200 48.976070
393.212400 426.284500 675.822800 67.588650
454.105800 415.788200 567.095600 41.975770
514.519300 415.057000 310.468000 30.951450
427.135400 410.331500 2793.507000 121.195700
31.689500 412.802200 1823.785000 68.381510
522.687300 424.142100 347.956100 32.380640
90.501400 383.542900 449.964300 32.765160
628.367700 377.590900 1283.930000 58.273910
408.292000 360.056600 769.262800 32.281760
295.191700 360.444300 196.711600 37.555890
510.236900 337.095800 7788.057000 158.318000
485.268800 341.366300 1033.727000 29.479800
476.292800 335.949500 347.954300 19.338290
504.962600 347.721400 671.546300 23.920910
491.751100 327.062700 424.698600 18.296740
630.082600 341.415700 1767.204000 86.688450
820.620700 327.659100 1405.834000 52.302440
168.366900 319.952400 1474.883000 75.944400
328.191300 317.146200 334.363700 32.901960
167.474800 289.292900 133.063000 31.852550
170.451200 281.179200 727.549700 42.511280
634.210600 257.736800 1396.311000 40.875030
647.988800 298.097400 3442.987000 64.954960
661.171300 264.303300 4404.429000 44.183510
166.431300 298.150600 893.195300 44.712040
144.153300 260.897900 783.636900 32.294070
135.654100 283.903900 6204.657000 79.583450
913.842800 295.612300 568.921900 52.815220
241.475400 289.339200 515.297000 36.953030
663.144800 276.225600 1927.207000 20.136390
497.973000 268.353200 1393.517000 66.449240
518.927200 261.436800 1368.279000 62.297430
528.842600 286.834300 -3915.457000 71.276210
546.609900 256.844400 -2527.977000 111.263500
549.580800 241.185700 2161.718000 75.231300
130.931600 260.866100 1241.991000 34.804220
37.694400 213.282300 404.713300 31.578370
731.816200 211.969400 411.464200 28.967890
740.474200 212.650500 184.962200 12.861900
704.532000 210.278800 -1.937001 24.987380
431.050500 191.957500 3701.279000 88.078350
449.668700 175.155200 3074.109000 84.479230
548.804000 195.504500 294.940900 19.308670
836.214800 187.079000 736.105300 32.351260
741.031000 163.239700 389.669200 81.424760
82.722800 159.229100 295.870300 50.511170
888.173500 153.072500 1594.220000 39.932590
452.139200 145.347300 1011.322000 73.966820
431.025800 144.791500 198.071300 20.278110
511.619900 145.079000 730.534800 58.887340
574.896400 156.086600 1574.208000 51.392760
863.605200 137.300200 971.508700 68.019260
521.944200 133.663200 443.786700 30.758070
535.042600 121.897900 2607.378000 53.658970
429.290200 127.805300 392.088500 49.113450
879.146100 119.836100 231.626500 34.239980
481.461500 119.528400 660.699200 53.323070
49.621200 91.717000 2660.180000 39.932590
449.701400 58.731500 649.725700 37.853730
338.023300 52.035400 867.404700 40.546540
119.185400 45.506800 268.918700 28.904790
673.485700 44.552600 156.426700 73.203780
837.201800 976.300000 1630.573000 37.334570
821.856600 972.515000 665.160500 26.909510
176.005100 975.397400 41.612990 39.079840
212.826700 963.161200 926.843400 74.057850
571.299100 951.598300 3153.896000 106.308600
561.133100 917.724700 2286.672000 142.300100
34.142400 954.634300 190.398500 38.964730
