# id F89 E89 F90 E90 F159 E159 F156 E156
    1     83.3326971301       1.60413392395      177.852391085       3.44777005361         102.434902288       7.49910114967      3.43252206782           0.52679907725
    2     31.6698595831       1.65733458727      58.8239571363       3.22473586836         107.534315816       7.36596850458     0.743373651414          0.442445180746
    3     633.792737781       4.71255320325      1543.08098052       10.0827744479         1301.67591876        25.728858356      24.6553925037          0.492144862945
    4     28.3536194704       1.31885154875      68.0484028747        2.3153308528         68.9524611401       4.32466504755   0.00417376654537          0.431795122128
    5     22.3347269803       1.34444004474      55.0099019761       2.52334169212         83.0251663713       5.70051666508      7.47969413033          0.416664762319
    6      148.25468124       1.38441545042      367.005432042       2.23040724038         232.864969338       5.20834623043     -7.69762285114          0.438472393583
    7     74.0559751457       2.36937785072      135.295072541       3.06364006148         156.248015746       5.74936396378      15.1945685931          0.467014628907
    8     344.512384586       4.47373627812      784.906112598       8.74163535999         813.557214866       19.3128856898      9.35255894438          0.639761085996
    9     67.4959701086       1.01356184477      130.014035715        1.6490558545         66.2292816605       2.80387638433      9.17082074205          0.409218322567
   10     26.8187137797       1.42920511639      72.0349782936       2.25220123955         116.767114538       4.57486432379     -11.1935438926          0.337721272091
   11     76.2507647516       1.12503829056      88.9015842632       1.60281619533         11.7782545162       3.16094469823      2.81778207498          0.366751112333
   12     33.2407159477        1.1444472307       48.115277625       1.47292695335         75.7405340205       2.41279092988     -1.47831650433          0.414444331297
   13     65.0235853669      0.792188814352      231.963288787       1.43440333365         114.604009685       4.34218154368      2.47979916637          0.433003172703
   14     38.1784334479       1.65106447884      57.0413931482       2.20865687688         61.4349548313       2.61865501103      3.13962383097          0.332369574145
   15     59.7493483512       1.75227103738       61.286894655       2.33827944931         18.8316028573       4.07443199281      3.28718764739          0.409417607818
   16     70.0233832939       1.41799906421      88.7149988616        1.4843140511         126.224946198       3.10722562953      5.97093148248          0.340621681909
   17     581.774044946       2.02431258855      1020.98851464       2.94595258811         556.171322566       10.5574653967      32.3439732565          0.623822453053
   18     136.327023567       1.22996843532      285.112439345       2.80465731314         242.615756337       4.04195806826     -1.86842557839           0.45199845108
   19     797.984014811       5.81690532758      1857.60893591       11.6366361622         4980.60664281       44.2772333332      51.8579058651           0.57792516617
   20     167.530498851       6.02505524591      233.336484715       8.97079531779         431.557953625       17.7652565522      25.5390042815          0.821014476371
   21     57.0294416245      0.946594934961      200.525000278       1.71167248244         383.529844949       10.1244705293    -0.321012987098          0.542824713104
   22     30.5611077726        0.9908867257      84.7633079552       1.35868190939         110.490261394       3.48629148802        3.195125722          0.451700465116
   23     122.042258779       2.12782870769      238.055778517       4.06808985923          254.82345303       10.1346257599      19.5116067506          0.685195428682
   24     120.180128662       2.03237184906      256.353816137       4.29664935265          274.92346251       10.6858026269      10.5344671091          0.662170816437
   25     82.7959345616      0.990827961728      142.597532245       1.51436177212         49.5721055346       3.14719589512      4.33088497072          0.451246713698
   26      892.51742713       8.72303277185      1426.65517334       13.2308602796         1503.94563826       30.5087302374      48.7836638944           1.00476768758
   27     18.9786524613       0.78930898585       51.129421934       1.62239705233         79.2568291168         2.821781065     -3.69487233701          0.387238060845
   28     612.874044049       4.68823696021      1489.79585808       10.1581616976         1281.30480831       28.6860401844      41.8804500277          0.771641691235
   29     286.103286697       1.30809715018      445.090739115       1.79752339251         320.632427512       7.66995103017      55.0656619768          0.801821828941
   30     45.2962299025      0.865205079045      134.768689828       1.57772051859         135.017074365       3.46764626383      12.4475818311          0.419205501755
   31     474.427991533        3.1001246282      1066.10318201       6.06467283289         787.832279741       18.0098962566      36.1379795068          0.501007584496
   32     23.8769567387      0.876318526375      48.7740410894         1.664961009         46.3501258067       2.28174568062     -5.73647901755          0.452904853658
   33     17.5082471964      0.838864391242      79.8578453507       1.57237820612         80.7411394596       3.30523238789      5.02830733014           0.42884811891
   34     332.059975102       1.88260855581      837.002412672       4.82723553935          845.01991366       11.2586418588      6.01198076296          0.409701841918
   35     222.229747418       5.44099328596      505.592236182       10.5045604884         554.036586487       15.7116904803      31.1420402146          0.674678630251
   36     89.8430186508      0.870494688261      204.420720563       1.49244918932         174.482318964       3.30317386312      10.2654776853          0.426656384624
   37     130.964370802      0.970069469183      150.467062238       1.82222318065         184.885229577       3.60280423748      8.93745336213          0.263497069656
   38     131.424809744         3.347412658       219.47845815       5.96939781723         456.632753072       12.4464187432      18.6209418033          0.408250756789
   39     70.0428059405       1.06129687425      174.046946448       1.76535874769         129.083693602       4.95712498653     -7.74948373919          0.451378021441
   40     92.2643344411      0.917815342876      140.818605391       1.30696891442         111.439435096       2.83926162073      5.15077093708          0.447609711933
   41     53.4220348172       1.26156429338      96.1268182248       1.46668266381         47.9347948188       3.15687212371    -0.768601111688          0.419301791202
   42    -5.83473863051      0.883662378476      43.2300085677       1.57439637513         73.1635015388       3.23563121469      2.47796692107          0.353928552175
   43     594.794469254       2.53382375456      1440.20672401       5.67487179816         1240.82378494       19.7986159494      23.9634895621          0.526573722995
   44     51.0364762114      0.812304323861      65.6108083799       1.44492776451        -6.50014232274       2.57870209404      1.16281466168          0.416185608696
   45     77.5736923317       1.02382259947      105.766039978       1.52335813796         61.4712617848       4.09752962534      4.96202833116          0.307025576286
   46    -3.96702406689      0.828734020322      40.1636063799       1.55456989439        -28.0863124909       3.45025345969     0.695339034086          0.346549109705
   47     588.126290125       1.64983870413      1417.88077354        3.4304804601          1112.6323336       17.8450296502      25.5842878051          0.330305169625
   48     69.6085025057       1.03366282879      267.609639656       1.59316681104         293.480363313       4.09252082357     0.299306034492          0.428272195081
   49     1280.97120981       6.03854700122      3246.45647003        12.404052617         3517.50850162       37.0138554751      50.5479487404          0.584194382452
   50     53.5647736873       1.02627716861      86.4349889867       1.40691102184         42.1220638466       4.27879992668      3.38208126498          0.504205935888
   51     112.049219408       1.06468196899      255.804226945       1.47957936869         217.991302651       3.53920823098      0.44099593165          0.402167571851
   52     308.399997212       1.67084039178      804.852489942         3.795219612         723.094124664       11.2209158909      8.49465934824          0.531162378972
   53     75.4495102178        0.9436193337      122.000522344       1.54672631495         162.541803737       3.60156986238      8.39189540764          0.487908003121
   54     82.9497732449      0.879075707896      232.541094054       1.74543530155         240.396941198       2.69908044936     -5.51092168654          0.348254718296
   55     18.6624094168      0.880425065703       87.768065634       1.52919340714         3.59405457036       2.53775476443      3.86631484383          0.380346339329
   56     41.7077470217       1.11907626686      69.3411938768       1.55816848624         41.2524343059       2.58467281806           5.192745          0.510619185496
   57     133.420870773       1.14768662245      207.647561539       1.72834629525         120.076278287       3.03450908559      7.16781810712          0.410084589454
   58     174.534540978       1.16996963797      394.624125573       2.37984274386         307.949624888       8.46273675173      8.83870502407          0.420526178097
   59     49.0368864339       1.02040991519      134.447078926       1.46664803566         192.171649148       3.12751306564      20.6645782396          0.499655697186
   60      251.94789816       1.75468573631      377.485110594       2.66933241914         381.504467677       7.22158837776       20.277712842          0.479232563282
   61     577.198533707        3.8018269093      1404.99414351       7.89513250985         1527.89535174       21.3647624274      16.3372439551          0.563102992353
   62     132.685030449       1.24353747877      278.028135819       2.20932804414         278.437461548       6.43955687545      3.24153858758          0.350579315479
   63     47.3887522878       1.01546453368      101.724398666       1.64563205623         44.9136781284       3.83199856499     -4.78313369426          0.377052924909
   64      57.897204767      0.950380098972      112.147870545       1.64639950148         139.170751685       3.05978878202      7.94120053979          0.426115170461
   65     395.753384612       2.45441403745      929.584318836       4.50858337852         792.851947852        16.177005901      21.7327883843          0.547415890138
   66     564.689243366       3.76242937922      1280.33259223       7.28047856483         1398.86354605       18.6291656727      19.0467552725          0.444126430441
   67     354.049355317       1.45068422648      860.491219707       2.93277844218         772.335039918       11.1964316423      16.8272547099          0.555736757695
   68     60.9825802571       1.04237189126       112.48054883       1.73351115451         158.637428288       3.15205852639      15.7238903456          0.574386647007
   69     77.8362667951      0.850977748931      199.294714288       1.53219533294         121.550831527       2.44027297551      1.54344411307          0.458084946044
   70     89.4818680116      0.974984902738      199.164333465       1.77670852023         144.708316208       3.31403768746     -6.73281411385           0.45458952854
   71     61.2728681728       0.89730255679      90.0378321667       1.59393049533         103.162638269       3.01535089062       3.3991539055          0.395495131524
   72     861.716191409       5.11510529989      2132.70051858       9.53422295434         1715.76877354       34.9489006869      24.5297188127          0.617359112722
   73      103.95338053      0.958435321695      249.147043849       1.62947377467         147.628230523       2.70719670553      2.52496705229          0.383654263744
   74     41.2925230199       0.81050307172      67.4338802884       1.74374277069         106.281289671       3.29982604435      3.34261162919          0.379518349211
   75      107.99161094       1.33301911455      264.323830571       2.05113569551         478.707724056       9.23269895164      10.0184274451          0.418628667902
   76     289.149654456       1.80230268529      593.774783076       3.56095174534         496.717729644       7.13598945401      25.1162026108          0.512309839791
   77     127.083507746       1.19877791972      254.958209487       2.02401287906         235.547298037       3.29891675182      -1.7976989497          0.423474860095
   78     165.827386013      0.997815051154       314.81746171       1.44228014487         205.786886735       3.29666396881      1.58558275579          0.362775587447
   79     37.1507206555      0.959845117472      81.0634434413       1.84979353031         27.5165776761       2.82220919465      15.9432893343          0.424035130838
   80     29.5168353808       1.22211570184      55.4443373051       2.39570901443         78.4438988772       4.16534199712      2.89162955299          0.412275515602
   81     51.2367220406       1.39040881022      81.8467002301       2.33755582912         129.713636587       8.75293213464      3.24658833146          0.465290770471
   82     51.0991438986      0.923383856798      110.397761269       1.52143175955         124.903282694       3.37939633218      3.72684668756           0.42721150633
   83     79.8803442575        1.0861525106      211.614268273       1.45983872758         221.304676144       3.25157981946       6.5178561459          0.482919893394
   84     83.5684196902      0.809186768735      163.297830295       1.75502285859         203.499492221       3.63868462764      8.92785824357          0.312846458845
   85       165.3129724       1.27049870536      396.371052966        2.4613258223         243.774654509       7.25412594293      8.12299280486          0.467003202805
   86     20.1081195711      0.644032743389      40.0016686787       1.18448087089         31.4327771858       2.68089383403      8.86301959846          0.241378888779
   87     161.313793421       1.12294512468      193.879712824       1.61815425993         134.407564122       2.67148509055      6.01939961688          0.558561773926
   88     117.069144198       1.09391666898      172.700074387       1.69389817616          34.151746008       3.06867375803      13.5646039858          0.301848670861
   89     478.052735483        2.3461312414      1180.66508473       4.31474288985         1175.98837173       14.3424310431      14.8662959897          0.450093856486
   90     60.2530172644      0.935549028197      77.0872520052       1.63589633322         41.7428691663       5.03839002769      3.75144336506          0.375467034786
   91     1175.75677386       7.76418505344      2891.20609772       15.6875731812         2879.36599893       47.9381807362        43.38837237          0.686355367122
   92      101.61320232       1.12351825869      172.012518517       1.81681176737         127.245929142       3.29974189458      3.76243316691          0.432569349746
   93     1305.76654777       21.5740145787      1955.94168217       26.5769088312         2038.97728117       46.6774035845      104.522994541           2.56758547591
   94     1453.71514415       6.48660974383      3511.62611376       12.6791051743         3699.99542348       38.7117308648        39.94103144          0.639853134428
   95     22.3993771193      0.857904930356      51.1283333853       1.62050891679         117.941675219       3.75266366521     -8.65985254197          0.517024709107
   96     167.495235459       1.75360541207       208.68688185        3.2019357346         116.350089803       6.14608199896      19.6098376637          0.463006428007
   97     109.033528431       2.25590965384      191.573203604       2.88280145294         292.593637144       5.95536933559      14.6433526485          0.510441958649
   98     85.4347843194      0.857739169327      106.118729006       1.50487211035          56.967765851       2.74507297927      7.72285022385          0.343428413798
   99     191.322788088       1.31243933742       231.32043312       1.81471804306         104.111586999       4.66412198262      22.0380234135           0.47300706365
  100     84.3906154371       1.34736841087      204.329881604        1.9460125146         95.2451359266       5.36893677671      2.19962410616          0.453779023723
  101     873.660993412       2.81230933811      1840.31058644       4.65017791683         980.041168186       20.4103332534      57.7243481802           1.06179926078
  102     255.458477251       1.21370687565       638.96777095       2.23880192403         602.324692235       6.71179754041     -2.83718509277          0.517996336492
  103     161.528448335       1.20252581272       329.95627079       1.60407936614         215.718490193       3.98449796447      17.3914139233          0.551482994025
  104     86.1812456865      0.922221894141      207.704234957       1.67639249986         320.988111809       4.15692505712      7.07600382734          0.458928829854
  105     65.1572632144       1.10441656288      130.771513761       1.80624144823         86.5396679582       4.18950089891     -4.28010379725          0.459246474085
  106     64.6443960999      0.932715659843      113.082049921       1.50708911827         55.5117556631       2.94219672809     -9.25672033595          0.464252026887
  107     502.023345039       3.77749219469      1143.05987604       7.46245572509         1026.86303822       20.7051238713       24.274049807          0.490296329359
  108     13.2362631648       1.00878924144       33.932559252        2.2324505283         40.1015303731       4.85806404101      4.11293504298           0.41456833923
  109     19.8206242064      0.997504082662      66.9005501899       1.85394987661         148.271526521       5.74532244045      7.70995459652          0.363189936705
  110     38.4799290191      0.954174061515      77.5536293909       1.39059954413         102.781567149       2.78867951834      1.24965229575          0.431848001933
  111     295.271367294       2.08062869824      664.423629557       3.95266555569         572.862162803       10.8825740039      17.3104695999           0.48086720859
  112     51.6730194868       1.70768180738      103.530189643        3.2672998599         97.8271994565       7.43787346198      5.57214981316          0.440420810285
  113     23.0307906395      0.884360496821      45.5531719453        1.6523963941         94.9235008368       4.01350334628      2.02289746512          0.354600741804
  114     7.53659461713       1.00170839485      43.0962053898       2.21828884821         54.0232328168       5.22342429712     -7.84563614969          0.338709225139
  115     245.108768139      0.997249130085        643.6454351       1.65981781963         506.970044996       5.36739882279    -0.351159321658          0.453171743152
  116     72.5777764889       1.07430949258      117.461994898       1.61008823992         68.7166186597       3.69085384554      7.16685006038           0.39252398587
  117     53.2995129267       1.45899603408      68.6596688523       2.45779764648         26.8301527651       3.74658201564       6.6302190054          0.443623212246
  118     202.931848415       2.88885081732      404.141845714       5.48372820354          286.15838432       8.47256373651      11.5102051666          0.658521935979
  119     162.160825723       3.30431493087      319.024514126       5.78039942937         256.455726355       8.37558554379      26.5986276856          0.671917222496
  120     70.6267031401          2.65511234      173.086576608       6.09457406648         232.919501246        10.720262705    -0.400383980174          0.505312769129
  121     732.118846517        3.3816582429      1885.59002222       6.35702547854         1501.51539299       26.4991407509      12.7578061929          0.456803815453
  122     90.6592820997      0.950724182206      233.114187552       1.66457435634         168.800054612       4.19833050882      10.3448834328          0.408503246181
  123     23.1862446805       0.76901999111      54.3966760991       2.08831871919         3.26999209055       4.93979801994    -0.727402958953          0.442881386069
  124     4168.50196628       27.2521970032      11054.5465243       61.7804049938         10841.8322862       184.918332785      109.005581549           1.73096332639
  125     1079.21505698       8.48517335407      2713.40061055       18.3633428559         3002.66243211       50.9628918424      48.2642496101          0.721009368532
  126      70.708705263       0.87265601913       129.91503354       1.72041083831         109.317264244       3.80254433975        8.435917695          0.348854674917
  127     27.5192132448        1.0313909881      75.1647574615        1.9899785906         191.820952514       4.79255341958      3.75504271275          0.260194221114
  128     14.2416060785        1.1115656267      61.9721024919       1.94627975405         72.1963852901       5.19507167108     -1.54324228917          0.375368003318
  129     60.5865165551       1.42282600587       117.33066591       2.50416044367         139.908169287       3.38753039894      9.51674345124           0.34407726014
  130     24.2334220609       1.09475055848      47.2748429533       1.94031532535         67.8115536654       4.35830417948      2.03154505431          0.334697683912
  131     84.8724122782       1.02998300384      105.066504021       1.51221459691         74.2444480443       2.38330060766      7.46503617565          0.461285286364
  132     19.7291701076      0.977618044494      51.6002373602       1.55507220103         257.140702826       6.42293840656     -0.42671985606          0.322475390078
  133     31.9415203933      0.709557974163      56.3218382754        1.4247577512         272.036092208       3.48765980209     -4.15799452453          0.328221867625
  134     211.805864451       2.92055141166      499.945316517       4.96524084547         450.145005742       11.9586599712      21.8016749495          0.619430162859
  135     24.3685277929       1.02578425032      58.3030178206       2.06829860705         105.934206363       4.04457725969      7.18890458979           0.33622911779
  136     59.3809393104       1.02284517796      138.004987862       1.90261687331         159.107382308       3.45601737924      7.57406386528          0.383569169542
  137     168.968167391       1.04695468702      351.879384131        1.5332993791         222.637770613        4.4310761832      17.0844890226          0.409142388073
  138      259.22528601       1.57862251029      596.789657439       3.16787825696         516.628988772       9.57809737913     -5.47549800764          0.379246584388
  139     112.588255057        1.0649305604      149.706649473       1.58042146002         76.6799137232          3.26477439      27.7755599011          0.460165546535
  140     414.720957452       2.67573026154      960.112236391       6.53321592508         875.727984512       15.7293084808      35.9750936413           0.71695145968
  141     16.1974292322        1.0088267185      40.7421784853       1.57094550184         112.040650065       2.88805412199    -0.435942933463          0.308507588367
  142      31.925818129       1.00200258492      57.8095933151       1.94314453647         57.3175309212       4.90153392651      -1.9079549775          0.382166962698
  143     66.6913031829        2.5460365373      161.658766917       5.25867364447         286.528661867         7.959968181      10.6103526975          0.384591271014
  144      150.01577245       3.98338207099      423.421339749       10.9234916928         1325.11205277       29.7186996194      6.69122373246           0.49281792147
  145     45.8108332878      0.917949963448      77.3111608511       1.66993951301         86.2695441379       2.79493056763      10.1174186407          0.392182745056
  146     28.6582103609       1.04114731398      84.1656946493       1.54111383293         18.1689237824       2.75845431182      1.26572086842          0.446592513997
  147     38.0284804804        1.0936895406      94.8521804652       2.12401619185         88.6977510785        4.3744352227     0.884949540413          0.384522465089
  148     63.9241323896      0.987275382143      90.6975225637       1.81603840054         53.0044264576       3.38977365689      2.81363560413          0.520917174804
  149     357.727466415       2.01896133498      969.744692848       3.98793476839         799.941441866       13.9815711451      7.38563064834          0.439672707262
  150     321.796116639       6.49932694601      748.476901384       15.4445008354         1239.75911058       37.7158931782      9.77140651506             0.512749185
  151     12.3650879159       1.16776646531       41.822355113       1.97695247713         2.80392872695       4.15104176759    -0.301904206027          0.400411394142
  152     7.97821298202       1.10696560926      59.4617051065       2.22731939777          98.366577973       4.24779840896      -3.3251695993          0.337066577826
  153     44.5014472985       1.26070297556      133.870796518       2.49248799463         108.366180416       5.21235326693      3.90171155712          0.371466132752
  154     79.4954126057       1.11493747489      177.228048546       2.05040776206         132.196146707       3.80226610518      2.40164194422          0.404793983126
  155     16.2283938278       0.74345436797      45.9476565464       1.37664195453         155.592335518       4.08571293956      10.8501366298          0.366950251491
  156       268.1762422       1.88093966992      639.472131168       3.34110221549         553.076231796        10.234692322      4.90287331132          0.395875799967
  157     101.086736829       2.18304426427       140.05831152        4.1198398553         147.346068322       10.7375870246      10.3773214238          0.353534935834
  158     17.3795533356      0.937082310591      56.6036313232       1.86819311032          115.22444677       3.03706430419      5.58452389745           0.39279442289
  159     20.1380597138       1.05797295941      47.6921016477       1.91225541761         46.2154029924       3.46887087555      2.36269890036          0.390904829438
  160     394.281128332       2.88548737582      963.800454433       5.84588160001         884.159992392       15.1650084683      22.8162192168          0.497455273664
  161     80.4182847096      0.983782650252      170.506808843       1.80416269478          125.03185856       2.76884582442      16.6804048705          0.424028745975
  162     36.1543950952       1.14239352855      86.8233178554       2.12421844689         62.2434753846       4.60274419316     -3.78377722448          0.523391733676
  163     250.262202863       1.58966707653      519.586185697       2.86285750036         468.941344162        11.290943585      5.52488651915            0.3118750495
  164     160.851991164       2.76618985147      262.230741639       4.40238092947         377.795078581       8.08424651781      21.2997744407          0.724222514451
  165     16.3320135737      0.989986214931         89.3931991       1.60472513804         106.924095817       3.75260492742     -13.4303267732          0.424624920529
  166      22.244514322      0.844082931211      47.8364700065       1.88125457277          46.091861082       4.32425895561     -4.89403780646          0.332830759208
  167     324.644268876       3.18694139848      870.142873737       7.96362234999          2518.0376372       43.9092975112      12.8218904732          0.608004833924
  168     64.7877743255       2.58685095706      99.0137935913       5.93387000673         189.504597068        19.166081622      6.71272763656          0.555457618962
  169     67.2228563667       1.15205509276      132.292825226       1.84858820623         139.608559145       3.96055664409       7.7064957043          0.479226088276
  170     14.5958207976      0.954260633093      51.4237036959       1.90316176633         74.3391637261       4.69036082735       4.3389850275           0.37378435544
  171     116.445189651       1.14762928231      164.623630445       1.60522352479        -19.6796034233       4.53687018877      13.2768192059          0.377101568371
  172     41.4829933623      0.982952754797      104.470250862        1.4439807555         47.9399263083       3.12637875109      3.23428338682          0.402959804268
  173     42.1771351031      0.997536830087      163.456315325        1.3971157118         11.1864625571       3.03573935713      3.31061883299          0.417036678334
  174     1274.26186162       6.57528350151      2500.20132309         10.92325425         1783.27817852       26.1577545682      112.790735426           1.51198006639
  175     54.6793404163       1.23198292471      96.6746007328       2.01827531429         28.9842346009       3.84535455806     -1.18477623745          0.373309609467
  176     26.6167799919      0.989375431666      67.0350931324       1.71748676328         116.884975948       3.26493852896      1.06981672164          0.365225553535
  177     76.9962522906       1.13949708292      122.315831162       1.62941570142         97.1752713337       2.95259102252      19.6900536115          0.466863679279
  178     158.273951591       1.21260431735      331.683103255       2.46250738085         340.379568612       4.96796714647      8.64700858333          0.464861902487
  179     20.0941098073      0.857115443849      64.5293290451       1.42736329616         55.7366886039       3.29242552295     -5.14389660306          0.444183422561
  180     51.7628968731      0.994393451598      86.1961884724       1.33583712546         27.1882713699       2.42800947487      5.99070555592          0.293548861315
  181     90.3784303785       1.02053488853      180.482169479       1.48489419336         154.481543735       2.52855860881      6.81081033417          0.427492319861
  182     213.517696001       1.51198724051      371.653386535       2.43699163745         408.914890886        7.5180304306      21.8216746515          0.512783540432
  183     27.2553493419      0.886700929953      88.3514480607       1.60766618086         9.31945908683        3.1893744619      5.53200897878          0.463481066041
  184      145.20962889       1.02614758978      296.607866243       1.58784155868         240.285059096       2.74586887427      4.00001815835          0.420800334766
  185     12.6355985665       1.00329124592      35.7065990783       1.42005999487        -36.7957950258       3.15842602645     -1.01153626422           0.43287355717
  186     67.3742867749      0.820271442871      104.989279339       1.24498597784        -6.53429605761       2.59569780937      9.92385731281          0.478164532191
  187     203.437022944       1.25785366903      482.024176161       2.39767124941         446.157244421       7.34317039324      15.8923780549          0.388083349742
  188     956.964693684       3.35014587105       2534.4664045       7.54098014906         2319.60294142       28.8695506979      30.1450948113          0.430962045883
  189     76.2746526957       1.04910802325      296.311038247       1.89424288008         242.190877127       4.76256514208     -8.28560150534          0.404048942037
  190     694.235865371       2.53241961096      1820.78320627        6.0384386409          1507.1445047       20.9491786668      46.0707078762          0.754075678729
  191     45.7271287763      0.889189436983      59.2517641518       1.58742394351        -9.01565804864       4.07321817606      2.37036831986          0.376603285611
  192     7.34529224401      0.891346475235      34.9755259835       1.54217271145         162.971189335       3.79601901878      -7.9867387166          0.401542892619
  193      88.120679529      0.840848317181      188.751125654       1.42959685655          192.43033455        4.2774994419     0.855556831747          0.432788351382
  194     111.765181059       1.04114164965      146.928662614       1.57751888172         76.6730639935       2.92123816188      12.8852195547          0.410904263296
  195     50.3909170561      0.900217305141      115.965851997       1.52995218789         2.02747393832       2.72189761626     0.123222710143          0.358081235012
  196      16.126132893       1.20359254649      64.6162085124        1.7678448709         30.9498600671       4.41092683897      -4.5519464199          0.361398770936
  197     15.2514018541       1.01290748584      42.1008621364       1.31723955356           35.86120727       3.07588372622      2.46264365243          0.552979289976
  198     30.3562524821      0.951580731521      62.7071309826       1.61204557123        -30.5012522767       2.88110460294     0.634066162257          0.412472168474
  199      16.917849901       0.92601798806      65.4390647596       1.68660933892         79.2297958879       2.97361321207      14.6788656312          0.384201121959
  200     138.595664185       1.84248829595      180.343392379       2.33517777714         98.2865812045        4.2800762516      13.7980353439          0.588826275905
  201     232.922026001       2.57091387595      290.616586762       3.69680017673         229.769348828        5.1123751102      22.3199673169          0.931875900897
  202     13.5398796735      0.871074610774      35.2165015404       1.52111919115         129.438025524       3.34841632727    -0.506312777272          0.370912779153
  203     132.530543919       1.87308269078      196.642556924       2.66557155621          220.94561771       5.51806126649      13.9472013297          0.622458023723
  204     68.4797407595      0.923314445508      167.540774178       1.88686435198         118.793807825       2.78191516477     -2.02943200331          0.419010595214
  205     280.860243568        3.6073124519      727.535147301       7.19257195693         755.925702742       14.2212473677      23.8139524717           0.63746941109
  206     23.6278218392      0.901053576038      60.6176935721       1.66054946282         24.9222572639       2.49410203845     0.945371781832          0.319804484527
  207      30.486486534       1.24469061884      95.1897193778       1.71661382262         106.163326205       2.61810968496      5.31572774233          0.430351888873
  208     99.8940590903       1.01282748766      116.581949173       1.65463295348         36.0055216274       2.43691456814      2.63844480118           0.62964074815
  209     49.4569285579       1.09785302126       72.448107215       1.89502318564         45.8100834756       3.16562771338      7.24903960053          0.457627828803
  210     40.1583755916       0.93279469054      45.0323591678       1.53932828578         25.7741137869       3.43650020379      2.02642076329          0.419120801848
  211     118.002113762       1.24409174415      223.283189478       2.01307076792         96.5441954716       3.43745836937      14.3275137999          0.491078530094
  212     45.8077526868       1.01313662991      71.0654223411       1.55483797964         44.2582978011       1.86890356789     -3.67264329583          0.425669847869
  213     55.5029587912        1.0462228928      87.4563472113       1.49368582319         22.9942236843       2.53539808378      4.33929518278          0.510235140641
  214     79.6337232736       1.07772801913      124.019436631       1.79394449781          104.36560063       3.33984372571      2.75205237774           0.55674045752
  215     39.5474086731      0.898064214937      59.6202417454       1.33376047255          7.0134098788        2.3911063607     -7.21963228738          0.353863652486
  216     45.8186446938      0.971490023175      99.0107480136       1.58858064082         44.0547721018       3.15818355686      1.84407692022          0.402038348499
  217     33.5726483807      0.801582865993      83.5452392147       1.49753976403        -28.8785659439       2.17254382233      4.91921728594          0.443988105719
  218     136.794452802       1.80483172883       308.41195268       2.91488191524         229.843547416       7.06077639573      7.70716770828          0.577912677558
  219     129.103021711       2.77865973929      227.178744845       4.06911366227         190.123135212        6.1211376929      7.92096305418          0.476893153317
  220     97.8647312098       1.35359264054      215.852281341         1.900233078         103.494673245       4.51144649337       -8.165703657           0.35291367125
  221     152.181858391       1.81719375419      243.164465107       2.52816733474         129.775027895       4.54942731421      5.03789647926          0.482240216421
  222     95.4132314837      0.998001793844      128.968759498       1.34032375617         79.5559166039       3.04239931771      4.51697780466          0.398051606065
  223     432.062324863       2.92573478132      1028.37681977       6.18692057127         1004.81621268       16.2855045026      9.08816441879          0.441256724585
  224     65.0647038581      0.968336917172       81.866344694       1.56288018645         106.443811607         2.737432926      7.17609671498            0.4688030289
  225     35.8525551324      0.822808829662      57.6573750814       1.55683500253         38.6171129559       2.59245046131      4.96872111827          0.386698621192
  226     75.8952394661      0.810812601376      140.195347792       1.43207715791         66.5968100491       2.85838545258    -0.121154996778          0.408156931694
  227     1726.40340941       9.10499563735      4467.70968649       19.5807247196         3429.07834739       72.7434550586      46.0865287374          0.660690440811
  228     27.7908091832       1.14316686581      83.4908017873       1.84043797543         112.966766558       2.57344748843      0.54062862688          0.416146570684
  229     22.6286255657      0.913723023865      96.7946961609       1.38050073213         9.85298058772       2.70575439395     -13.2161984218          0.419958941973
  230     32.1754722464      0.995302242195      78.0129811486       1.70928861771        -67.9154163694       2.54789475516       5.6482805615          0.403113172989
  231     193.714782375       1.03141573317      304.387765694       1.51369438049         194.312089659       4.53964255804      23.6495943379          0.506887173189
  232     17.0270720864      0.986324337374      62.4206706428       1.80784657843         59.4122737446       3.06428477947      1.54055692671          0.340782797232
  233     85.1756581592       1.29590413038      111.436204529       1.68848394584         50.1434529802       2.14248517037      16.0957028468           0.47991387356
  234      277.42037967       1.88315014683      581.276192736       2.48363537711         411.253280275        5.8036846117      24.4209408735           0.61143002692
  235     155.308392896       2.84901306878      175.317848231       5.61051345933         185.902700928       6.83574387352      23.9438179649          0.679632009458
  236     59.1779391662      0.891398798714      85.1789462144       1.45525838571         53.9556766309       2.20876560817     -2.97577909686          0.506758015836
  237     43.7666336246      0.935133635455      81.0676773873       1.69102796288          14.910687094       2.56123860826     -8.07793956117          0.329269103453
  238     83.6162041943       1.39971891657      116.472867113       1.70477750623         85.7298700508       3.29633032005      16.6819028554          0.408833771414
  239     363.785773387       2.34338967101      623.328080404       3.33908331988         716.145414589       12.9448405953      35.5233444474          0.980087008027
  240     75.3869284025        1.4620899172      126.964260213       2.10001323827         153.238129801       4.43975014548       22.620477371          0.498004762962
  241     136.662018634      0.939179565883      137.060731166       1.34595061856          51.086154213       2.65448754863      20.5165793015          0.477754434466
  242      46.718269149      0.905240153938      56.4619629834       1.52811269973        -30.9319755033       2.49225046774     -3.91819786523           0.40593658694
  243     10.1465408231       0.80450880802      49.8835578907       1.40860957049         163.957039687       6.33596980909     -1.36040121273          0.396239641274
  244     34.2624897175      0.874047234889      45.8331007322       1.56008850971        -14.2345121475       2.74103876883     -2.52812975548          0.378740536325
  245       47.03039213      0.882125756281      107.992282533       1.49835193927         71.1396444011       2.91896556116     0.317333269977          0.384731151312
  246      673.10108989       3.90966741213      1635.79343905        8.1686713944         1590.28301713       22.2389575009      26.1903611102          0.476414670323
  247     93.3475612325       4.70855011914      192.564949561       9.44914077995         205.812237444       9.10645811078      7.23181601675          0.686260165353
  248     283.706308036       2.20855578322      546.305316232       4.32585291247         321.583881331       8.30261193521      33.0248625329           0.53632700974
  249     87.5382963731      0.926165692091      280.580564797       1.92194638487         187.371792858       3.78107730461     0.351237716924          0.480153161376
  250     165.735364444       1.13950155022      300.205599063       1.76348484869         263.756704972       2.92586175407      8.59342878546          0.415165670964
  251     49.3754975739      0.841142698065       149.63445655       1.38245014172         110.690675698       2.85983872919     -2.17574973949          0.376017392727
  252     28.2489486037      0.887372347509      166.152350431       1.50192813566         153.942608397       3.87836778909      1.84839110313          0.455689053633
  253     93.7707076568       1.23037044774      115.245632692       1.61740313698         99.7799897964        2.8904726985      13.0161522607          0.415966626544
  254     93.1290348237       0.99792452112      161.120220514       1.65060040407         108.301428716       2.64465381678      2.91462551096          0.424505129172
  255      23.078137916      0.900794631905      39.3964524362       1.53229188054         23.8923387097       2.37901546488      2.97921639567          0.448100492421
  256     43.3191814327      0.910777311112      103.771195456       1.62939390746          92.524109977       2.43744135341     -3.25290275912          0.464285738179
  257   -0.850384720812      0.808575562444      32.6157136071       1.54126598333        -6.78167139602       2.97420551866      9.49992391507          0.406588265663
  258     142.604032165       1.34805687542      309.651506104       2.35565189132         137.686998373       5.46352934977       3.1091672571          0.376525780424
  259     117.597730373       1.47129783139      203.707703685       2.54492197213         155.062502278        4.4435871252      18.7634991536          0.451495884011
  260      53.551877345       2.10232754426         146.173422       3.55326254419         120.703202685       4.65205583536     -7.64283531891          0.512671455036
  261      33.078111734       1.01551341255      234.298707862       1.59609501538          237.23438739       7.17232214931      1.80261494621          0.433029156394
  262     201.618219958       2.11521959425      531.177031494       4.89166628774         529.553977183       9.95485924659      15.7362746454          0.358703704648
  263      146.80194494       1.20482097052      346.661921909       2.63505596323         384.971610522       4.48999526492      5.07466494496          0.551776153143
  264     32.0703310116      0.854916891995       149.66472801       1.55559643921          50.483492758       2.78023251676     -11.2834501233          0.281944436403
  265     133.598818646      0.897859322243      181.707383253       1.51597094835         48.3774238933       3.01242728005      22.2167371378          0.442382439399
  266     303.824928815       2.24142296797       711.67971333       4.98852409689         623.085854414       11.8855094819      9.59765130712          0.353340805887
  267     143.511018077       1.10318226407      311.653060936       1.95232068698         171.344081069       5.79223113985      4.00701763349          0.422507083366
  268     75.5167199047      0.979179044766      96.8197754162       1.75893982459        -38.6924494054       2.41431229445      14.0353968812          0.416097695036
  269     93.1143270379      0.849396413371      227.697808477       1.52524000214         165.290457708       2.53885567305      4.24181877948          0.417626360098
  270     204.623420709       1.40790920523      444.066895935        2.2750815673         403.325806763       6.88071141341      11.2780054287          0.385521743628
  271     48.8235130689       0.81879555894      54.6208565802        1.4474866723        -45.0653921292       2.39921486398     -3.28387454376          0.438264480998
  272     150.369814215       1.00363678446      430.431062091       2.15300033366         434.564303581        8.9354589892      0.87564358008          0.460911640999
  273     239.275161088       2.43322832929      575.751639654       5.04956839844         563.146260579       14.5342696061      8.84848324954          0.364874546432
  274     77.3441175694      0.899978470312      86.6218184848       1.44967181022         70.8314950377       2.96622585319      15.3874985211          0.493027113666
  275     37.0785220691       1.14789696667      59.1708302822       1.57047447105          29.675346005       4.69037175139      8.00385807095          0.391724459436
  276      98.639586989        1.0401189159      138.964456317       1.60633587638         55.7703139291       2.39893992525     -12.0504529023          0.392036828242
  277     72.2814358265       1.04323062856      284.408561062        1.7057049846         164.405393602       7.19014439379     -13.0672138359          0.327852619894
  278     19.8687668515        0.8915683524      56.8724634236       1.68564647806         94.5880222363       2.42852048313      12.9820398337          0.369961006105
  279     572.557676173       3.00947176578      1418.99714052        6.8010371052          1054.9614577       22.6763372676      18.5883399388          0.346174683727
  280     219.237400707       1.57800783581       485.21483651       2.52303625045         430.150513812       6.24272161371      14.7772314834          0.399894855065
  281     50.8207211163      0.654568191655      71.7709632163       1.36243486024          60.898535658       2.46512289088      6.94153951184          0.360001854097
  282     152.020862451       1.94640246442      358.109458195       3.62184566189          326.63104333       6.06688824397      14.6514012004          0.563741958402
  283     42.3763361489       0.92453017184       122.47141862       1.56473257353         33.3169142781       2.26798635093     -1.32112172472          0.349230335747
  284     72.7398438669      0.871315064671      155.272076388       1.42961943334         141.673803542       2.47904540064      3.51182557913          0.442847071252
  285     72.6312051359       1.07701370766      155.342356557       1.73901382177         185.267306879       3.01148349835       5.1834108529          0.403692651053
  286     28.8468994988       1.02732280004      133.777625947       1.85804462139         173.974150734       5.23417810036    -0.755065753703          0.453430806095
  287     198.801587138      0.969796967733      469.767782764       1.41213296823         371.488944886       5.19470238169      3.73439461863          0.459482028545
  288     48.9291431011      0.962127743836      56.4108452971        1.5944084426         45.4146337905       2.72457624994     -4.00224013768           0.39946769225
  289      45.058964989       1.00235289513      84.1836114014       1.54759017694        -40.5972164616       3.07075470686     -1.22927784124          0.323225824171
  290     50.9463050191        1.3503787067      61.8835036875       1.99483192516         79.8719226355       2.77157727657      5.68753013544          0.452787399425
  291     111.154623932        1.3550023538      236.005457369       2.01450182924         244.077745183        5.1433990805       10.893989574          0.433988390266
  292     107.498920998       1.26404311611      255.748985589       2.22683380231          177.50000339       6.76350659251      6.77858739519          0.398255275401
  293     106.672876756         1.006271435      226.169885781       1.87977960321           33.34544796       3.84227594918     0.835003723201          0.356781454921
  294     10.9635371192      0.826220061206      56.1611762319       1.39258234619          220.58465668       10.1823592176      3.63613637487           0.30564708599
  295     208.258736107       1.99974641592      353.991953744        3.2111066064         276.717820611        5.7420201365      1.64214930315          0.398976626443
  296     61.6825765182      0.897581103701      210.306286158        1.5646972941         97.8524768659       2.47313114603      7.59108509529          0.487184905723
  297     21.6222773235       1.08125388926      47.8148341916       1.83446009626         100.623078028       5.27773084178      1.78144891912          0.367524351725
  298     25.9358436019      0.972804195059      52.4961063348       1.72942678506         107.634938217       3.14363533811      2.29379019123          0.341459307397
  299     83.6322091375      0.903984983833      122.788726658       1.43267019762          75.969682433         2.527854431      9.67388411227          0.454419759915
  300     33.5877028513      0.894338891019      44.8171994967       1.51041704623         11.0313136704       3.10608515095     -2.76784912889          0.466568004552
  301     68.1491237493       1.12328230907      111.442918646       1.75640235593         7.10047041901       3.21745284731      1.19423439199          0.504882343631
  302     95.7797213215       1.16640764387      128.118990338       1.62767713303         22.4741795335       2.97578481215      15.8874571093          0.406025710054
  303      66.555222956      0.952829125957      100.927139961       1.50006891853         66.6342635631       3.11715740824      8.74416825622          0.347727080973
  304     22.0027907824      0.892559740732      48.4141764703       1.82520158524         108.400877582       4.06632230288      3.92878304943          0.379262757705
  305     144.798018021       1.61401578021      183.658099799        2.5317583045         88.8050428152       2.68052815376      22.7651425828          0.529593780433
  306     40.5623908181       1.14097554218      76.1331894144       1.68501342825         16.4499776901       2.80774192389      12.4319138949          0.361197607696
  307     156.891724977       1.37418063718      284.724523747       2.71840024818         267.211128648       5.30086407816      8.73804648583          0.550307067785
  308     158.644313276         1.611963848      346.380400922       3.37494201127         283.171254042       7.06235555161      6.80555205266          0.526349961282
  309     10.5050529302      0.908817277257      41.4174723644       1.46902315619        -6.14138031849        3.0985976667      1.97844208732          0.498415813598
  310     19.8986558881      0.939223826845      55.0994051453       1.50441068098         144.198559193       4.04634459717      5.63049354845          0.308415772236
  311     33.4707656016       1.16976316008      76.9077747993       1.99044215596         81.2164913258       4.10241721322      4.54649313425          0.335134801601
  312     692.528673487        7.0921343838      1767.32806563       17.1399671815         1677.53898158       34.8837987372       46.040286221          0.901003307038
  313     17.1328820252      0.841591550221      47.6349918935       1.81917163655         70.1937774791       3.13334497969     -1.30499624638            0.3303407945
  314     164.900930444       1.70686107842      355.697220008       3.37116733541         582.016248909       6.95353203211      10.7214015348          0.457461668255
  315     13.3823934614      0.892513941848      59.4538008696       1.46493160131         117.647489542       2.63984601477      3.48106870815          0.295131701077
  316     55.6534044628      0.994711773146      47.8150157907       1.59281655099        -88.5624408087       2.71203108059      5.92574080691          0.406669747158
  317     22.3586447998      0.941762820862      53.9842785231       2.01706995574          102.22271425       4.41737038484      3.94401662429          0.297852906101
  318     16.1880553974       1.34114008621      37.5764430378       3.34943633193         1.12427235443       3.32031391573     -9.34207059495          0.443853798017
  319     63.2744648989       1.13150873694      88.2341874253        1.9283248172         23.6578627546       2.57175563624     -2.29495350464          0.393908897845
  320     45.9529171762      0.859446578472      103.725740186       1.45759735391         54.2739817886       2.62883183532       10.931689218          0.334051949224
  321     77.3836938896      0.940851631797      290.434924666       1.51503947995         216.701804341        4.6444282923      4.35423472227          0.376302819318
  322     50.6974367552       1.13013368528      90.7290675313       1.52726860923         10.9516266403       3.56657073841      -6.4312861924           0.39246470374
  323     19.4880606933       1.35085318727      63.3490021172       3.04527400466         102.880749363       5.16862372789     -4.00580712497          0.446582358763
  324     49.9829948809       1.87505587963      79.3623662948       2.78636322076         184.723682633       9.18053935797    -0.402631628609          0.417204056959
  325     56.1132290851       1.43973815291      63.7433703648       1.82262947885         291.375626981       6.72171385177      9.55329260918          0.296596037291
  326     195.829625171       1.80876664445      385.406557524       3.68253979291         258.512772535       6.43736875432      10.2912994579          0.545217415385
  327     40.3693764024      0.966171446608       71.625843666       1.56688957929         20.2335560386       3.07254561782      1.90780742475          0.339132387753
  328     54.0466730106       0.96366803295      81.3094199329        1.5180723758         77.0291322181       2.56180389589      13.2925539426          0.323445059023
  329     118.160491821       1.37776316653      200.550717314       2.12260942543         127.107354364        3.2725489306      8.98612380993          0.472508113183
  330     30.4324178014      0.909802359177      41.8009694913       1.62619897395         170.095249965        3.1559506149      -3.5575396828          0.380591803345
  331     72.1934684913       1.12137071441      133.399847187       2.04935175411         157.990348987       3.46171629661     -3.99323624351          0.430488393542
  332     79.6142260669       1.06782397805      89.5904487655       1.39840075688         63.2504685515       2.08837651647      12.8808421075          0.410041071022
  333     97.0020536395      0.958732062606      248.596296269        1.4656157785         68.1728672059       2.90972015754      7.74751022048          0.454562219965
  334     114.035903244       1.68125567283      194.074791793       2.68819800419         142.397382936       7.71628375025      17.9904152982          0.467676724564
  335     77.5629522341      0.958642224746      148.497641614       1.84707295787         54.3454917286       2.34680772747      3.70017095397          0.360776981335
  336     119.907148824       1.13736813674      536.847365219       2.72354407563         680.122555225       7.14093370195     -6.07082970434          0.397026329091
  337     34.7110971219      0.969678900656      76.1551799693       1.84681313691       -0.223722215309       2.45867610693     -3.12272366087           0.36051612553
  338      40.172988942      0.986733903675      54.5863371491       1.63635864527         143.631565102        4.7261486284      14.4080814476          0.348678802358
  339     37.2576389903       1.17128487566      80.3864022493       2.58320952753         101.263458002       5.03076987563      14.0261457024          0.316590005479
  340     122.288330919       1.28900152739      245.080869544       2.31459176027         194.625569683       6.27148877137      12.1335204506          0.374107485641
  341     146.243577354       1.34153455411      265.938968836       2.21485109975         212.698753603       5.85953844469      18.4390256731          0.469851751296
  342     40.7595948425      0.862561824171      81.9111645201       1.52300691375        -33.2660795919        2.6876916757     -2.98369405258          0.464481585967
  343     83.5323785529       1.32500138181      141.286247842       1.96041530609         108.208739571       3.41358440882       11.130299052          0.433598525796
  344     92.7230906858       1.01108573986      226.689793722       1.83229026096         371.520175381       7.47297402803    -0.283141401359          0.349367957706
  345     48.5169788495      0.818166431269      112.344288276       1.38529871166         88.1758191305       1.91428840812      8.38579826339          0.301269588386
  346     115.157077073       1.23711542413      274.552426987       2.28833879783         272.014259912       4.53067221179    -0.596158365376          0.412861116059
  347     31.8113650695      0.939803741125      63.9423404639        1.3751196476        -36.8880244689        3.7170974761     0.535451052063          0.504213503621
  348     79.3844519633       1.38023288547      157.850583841       2.85958286261          121.34683022       3.88841001455     0.024820494984          0.424708972348