# id F89 E89 F90 E90 F159 E159
   1      631.291926237      2.20746126135          2062.85394448       5.48288645149       3329.17815494        25.4742662994
   2      88.5531962574      2.34946054752          178.866244697       4.02680187273       217.934564277        8.33986592454
   3      209.616106946      3.99671301723          583.518879031       9.44291487606       1103.51199774        19.4367015621
   4      443.431831574      1.49162606759          923.412873157       3.01929433878       1053.00889048         10.443296356
   5      27.9770449107     0.895662627321          55.1946520166       1.68680368174       153.614724267        2.74811566616
   6      29.1047966834      1.02426231541          60.9500024891       1.86179875426       132.156161266        3.52020864574
   7      172.074599046      3.16047192617          307.492098806       5.53364843014       412.595991648        10.3164071676
   8      60.8029621644     0.834031345908          92.4451489135       1.27900127204       85.6528469451        2.05558772132
   9      250.531060513      1.49646756815          332.720994553       2.15774059231       373.295503195         4.8915354156
  10      49.6211831425     0.830166252754          254.536348824       1.75595458376       696.475995835        6.80143965902
  11      113.960280888     0.996870232988          153.372838295       1.37414176909       159.221761471        2.41075757347
  12      153.655249298     0.919299740808          343.192440375       1.98950846258       332.391074256        4.01415389788
  13      78.7815516735     0.904819907326          154.721717928       1.33206133404       163.434277323        2.52132170851
  14      61.5968960414      1.28484052863          112.536799288       2.30648870651       198.057949752         3.9532618092
  15      192.860081305      4.73742417289          365.438315559       8.31113465539       660.773926582        16.2288998523
  16      48.4096858529      1.84927319496          49.9437893895       3.81682438926       53.5887047721        8.69681687841
  17      193.247636724      2.25180058942           515.92130976       5.11826546126       756.543948876        10.5297697612
  18       62.503942806      1.00502171986          68.4454134937       1.43918679838       51.0469450768        2.13436370172
  19      163.870487079      1.25488392764          201.623940663       2.06169117141       126.456696861        2.94912901169
  20      59.0695288917      1.11867958224           158.34777984       1.74364120139       141.801158323        2.78221373534
  21      35.2733013722      0.78932085758          50.3694353987        1.3920474801      -61.1027263962        4.02441249479
  22      41.2499138001      1.03858468026          65.5892485023       1.63236317388       115.362535822        3.48476922749
  23      33.2902267498     0.920722114484          49.7100570262       1.29626941745       -15.049514323        2.22158196934
  24      379.591227532      2.15905982998          1365.69910876        7.2308922338       2085.88013632         28.543103486
  25      33.8818079763      1.09415277632          85.4907833618       1.65953832724      -1.38288520815         2.7636833793
  26      32.7107421169      0.89587177494          56.8230393722       1.44125176105       51.5846286862        2.95259088709
  27      80.6275856391      0.97353219879          128.204372039       1.44042314227       125.409491665        2.16396780838
  28      35.6557900182     0.950475822246          87.1546018789       1.29296886678       89.8380619073        2.35333617845
  29      47.4525261755     0.874749659365          63.6737151041       1.19298571416       118.900027547        2.61508149539
  30      87.6734729549     0.949663486152          104.860227637       1.67226070246        100.47817156        2.60039368618
  31       63.668311716     0.901233402913          139.192310528       1.60177036171       197.429987629        3.09578640246
  32      104.575515468      1.27428913266          171.677652608       1.86264073507       176.601644769        3.65057585742
  33      47.7506334741      0.97077759802          70.9743719299       1.55991764982      -15.4107454241        2.57681550135
  34      58.0277677433     0.959374010179          92.6543652607       1.65849934138       27.4209652757        3.25084376715
  35       74.174982461     0.996537237485          158.174362078       1.27881241772        211.58127203        3.03190947619
  36      60.8987809253     0.873510245671          120.431227843       1.59717234792       155.026626113        2.94902758957
  37      58.0387596514       1.1430829877           97.939889903       1.87577386146        73.055646145        2.52993451576
  38      474.259995062      2.16857280209          2258.59283722       8.48666764217       3875.63266552        33.4393098447
  39      101.068137809     0.919662166355           206.18603792       1.62067342235       100.354584874        2.74087048409
  40      45.7108352156     0.786775785038          72.1292580629       1.28061730689      -10.4077086683        2.73095272105
  41      14.8550407836      1.05307101369          64.3838678922       1.64836322982       114.753653874        3.11088732977
  42      53.4533730875     0.892690908785          109.117613129       1.41722175749       97.1864427147         3.0212422347
  43      31.6933330796      1.02541662774          56.9329802398       1.63950370389       45.2438426434        2.75130619373
  44      30.0348685338     0.934027888372          42.7748921624       1.58833923952       7.45885762823        1.53161847185
  45      19.6086345014     0.917435107134           42.877147749       1.72827879998       53.4203151588        2.34149840099
  46      36.7439501453     0.788789136314          68.2405352091       1.25610355242       102.563325198        2.53616190899
  47      59.2869776303      1.11326977283          74.5306362475       1.53206185922       98.7479837782        3.54124226865
  48      21.6719100458     0.833568509376          41.7081430518       1.50233108014       40.6860768027        3.51653745939
  49      128.890387342     0.897993227826          144.358445647       1.50450891873       112.542486059        3.15022767248
  50      24.0914874013      1.12091596451          60.5439683542       2.15096573904       54.2504788028        3.48557148494
  51      50.5440279234      1.18459242564           110.45033218       2.39230875876       77.9256334455        3.50768330897
  52      16.8915574052     0.915220388276          51.2193491347        1.4530860972      -14.4456378068        1.75476903798
  53      26.6739622948     0.871768049218          59.5288471536       1.46530774938       44.1938891554        2.69255557266
  54      42.2139462534      1.16611360538          83.7731782522        1.9659306798       125.655515312        2.94180845358
  55      7.07963326834      1.26296246714          52.8940432677       2.02561697774       49.3464811554        3.31384950457
  56      31.5936825233     0.837489474783          66.4034049341       1.23270565316      -9.13985305541        3.57619831849
  57      23.4966867737      1.02903764571          64.3461399232       1.79286858854       78.8865081968        3.36458185516
  58      35.6611056397     0.907433225202          93.1187633362       1.99993756248       86.3427880137        1.95703274301
  59      29.0598763718     0.981128791691          60.9858033924       1.92436331233       33.9909798176        3.15303046057
  60      14.7908984783     0.896343291906          36.6234713918       1.37806824748       69.4114005751        1.92310327566
  61      392.885305222      1.57127651533           564.38971617       2.51704621007        626.29261821        6.35612702893
  62      81.4563742918      1.03494764646          166.126758665       1.83425249286       165.566064122        3.07309620213
  63      313.422046055      1.44573623826          1452.47728844       5.78703650979       2586.15590061        24.7851954199
  64      59.6609358612     0.984457309688          82.5571399518       1.46958587448        87.716395181        3.60907036998
  65      31.4013273697      1.05876879227          64.4859804278       1.78645547274       141.471845912        3.67333138387
  66      33.5366681435      1.01995063779           73.147825365       1.17617805248       115.570115454        2.50581910271
  67      227.629781417      1.80127888355          509.775123988       3.33375622262        647.67412884        8.52908986808
  68      32.4933741052     0.780433951161          51.9906524192        1.5836854798       88.7873768656         2.5126433683
  69      24.6833627301      1.00338896997          50.5223003635       1.56437315505       39.0392254082        3.35230226276
  70      39.7617199658     0.809579782149          53.2835389248       1.54092015283       115.928340023        2.80815071932
  71      33.6943000939     0.775477408635          65.5546289499       1.30682911731       51.8907102379        2.85029375402
  72      14.9198012336     0.867748215497          41.7300108519        1.5995836785       31.5874623174        2.71815302273
  73      23.8663014106     0.763942396024          42.2582654708       1.37340173505       49.9499771107        3.38828095811
  74      21.3373463284     0.845264254855          55.3672045869       1.39606926848       126.724187408        2.25208586857
  75      21.6873683651      1.11215972313          37.0512811384       2.08740421509       72.9834675776        3.07824294297
  76      147.894729452      1.28155054011          624.963313105       3.75265788693       1361.12598287        14.1130759692
  77      64.8155167511      1.22482044942          137.442437567       2.10737353433       202.627968354        4.01364880402
  78      42.0517543254     0.913214912304          66.8752797381       1.45944049288       62.8267035338        3.31426472549
  79      102.286006006     0.934555999133          144.541430783       1.29001081059       171.035466294        3.14305419895
  80      125.559422015     0.905278350439          128.762832602       1.33214767518       53.2077297176        3.08074218139
  81      239.997298579      3.30818562464          406.229397229       5.90130836127        497.86409022          7.436392951
  82      20.6730328671      1.14461447585          34.1569381484       1.63892527205       48.7688021915        4.61121068001
  83      151.980857704     0.989410296522           214.43393306       1.47150739672         184.7902363        2.72631702537
  84      17.1960749516      0.99418483807          37.5041864302       1.42099905951       30.0039168407        2.92012482396
  85      59.4328948446      2.37352516836           110.08256886        2.5561051226       119.084156229        2.69871672429
  86      144.939860775      1.34532755213          140.807498227        2.1654379153       145.132200109        2.10710819005
  87      41.7846489738     0.805271180214          77.4513992625       1.33631323962       48.8256759168        2.47994287875
  88      35.3826519487     0.848271110338          56.0605549405       1.61560213509       69.6687697244        4.11123765417
  89       20.598383008     0.812464929418          33.6775728709       1.23076032847       68.0016245922        2.46707925983
  90      21.0406716573      0.72645809631          44.4478068874        1.0534863275       75.0861940798        2.69385120715
  91      51.6085896008     0.801205541176          64.8068288099       1.23797825615       36.8551434658        2.70001402731
  92      48.5579570392     0.756088001241          52.4254083874       1.45298656943       3.86030606845        1.76207298822
  93      25.8624438302     0.857219747184            58.27663278       1.62358854695      -25.4736729924        4.12438465379
  94      174.357909014     0.867120368797          208.209056886       1.61589236549       247.515991481        3.22448138038
  95      42.7303976472      1.10214111478          34.6618635559       1.61225507669       110.553702736        3.24256556941
  96      32.1505184302     0.738475482944          46.6893674932       1.20792389549       69.1477222222        3.64727414067
  97      101.784127106     0.918061772385          183.776395933       1.47212367215       163.380824026        4.83552635553
  98      168.805023306      1.20760929455          783.097005596       4.40625776978       1956.37000919        18.2970012992
  99      23.5108217848     0.807690361265          71.3450539274       1.39980968551       161.166521537        2.35208720738
 100      117.693121976      1.57605664731          177.261343722        2.2808971462       234.334871942        6.11066892918
 101      187.405888417      1.15351613704          204.284832521       1.79306306691       182.876440262         5.1247016401
 102      57.0052174474     0.984617897359          64.1278889833       1.45405070204       101.332792938        2.52314684609
 103      99.5630952697     0.907485126715           228.35886214       1.23599971389       213.087970367        3.10114988544
 104      135.776026048      1.07186231605          268.046207106       2.19688969356       423.278481958        6.01355741384
 105      28.4146349518     0.976273769243          67.4943535734       1.53321072661       38.4911088783        3.49811193366
 106      37.8172246579     0.886635230276          90.5560791245       1.47874358468       126.547342308        3.25391983828
 107      75.2470812917      1.21040012047          98.6494132156       1.90392660626       156.162842498         6.0374081051
 108      42.1005378551     0.910782163832          99.3735353931       1.33348361327       97.7164022735        3.46293630098
 109       256.85796843      0.94750109379          492.093979731        1.4976758022       539.705039161        4.68968973119
 110      85.3855263187     0.854476302289          152.815195524       1.42537371373       154.385593402        2.78059216901
 111      117.321645735     0.996084953574          157.118710403       1.61492238959        205.24170546        4.57027629576
 112      26.8047593534     0.873972141321          94.6302355948       1.45583469983       198.745667758        2.13125055412
 113      10.7247853056      1.10570368004          50.1363763703       2.26822406755       149.233953383        5.87265952069
 114      30.3712893009      1.12086232031          49.6034098429       2.29658126749       143.814105179        6.88436677544
 115      39.2279525889      1.32338556314          93.1944875019       2.03950437296       163.334885607        5.79786328719
 116      150.215202158       2.5052517798          294.201279086       4.41537773717        524.19888028        11.8402305795
 117      96.4212004369      1.60230040157          115.807730156       2.37686618843       298.583664758        6.24811864323
 118      31.3133461981      1.34868667481          56.4627953391       2.63948831983       36.7353837414        6.54099834242
 119      49.2322783474      1.15448502074          82.3797023254       2.46979911515        88.706667872        6.65742870979
 120      17.5002755623      1.22417341532          49.7262925931       2.26461352724       103.421811746        5.07752047023
 121      28.1054292079     0.985842548629          37.0060582721       1.72415057383       49.5597865483        4.63800996847
 122       51.663300215      1.09818156493          85.0172965482       1.71366582686       133.650603947        2.69548254115
 123      128.945668366      1.08971880765          322.075385835       2.55184113819       1012.93008826        12.6504818787
 124       246.90920001      1.84850424865          587.178368002       4.01103868508       1357.93323222        17.0588763055
 125      16.9627763406      1.16218031052          42.5138790637         2.321354843       128.660279171        6.65324413991
 126      125.712523828      1.08965283402          143.634976123       1.39590755701        127.42688297        2.44508951699
 127      80.6338118642      1.08923645254          177.439266781       1.91797802833        168.02550331        6.00180569485
 128      236.584962529      1.88291546011          1131.70709581       8.05154895718       3080.39824265        44.2661918456
 129      31.4387884742       1.0357718524          55.9731643971       2.34752818495       80.3224033356         4.4269466643
 130      32.1980354116     0.817667307213          79.2768128192       1.58601187695       130.971914259        4.58439314503
 131      44.0523583901     0.997487665245          97.7747409811       1.73016034105       24.3615069404        3.79391562585
 132      52.2895827417      1.10649188096          74.5919858084       2.14780861269       94.3004213647        3.87850377637
 133      35.5212867541     0.896617539062           57.368635816       1.45027135189       77.6916593636        3.56734060742
 134      16.8590838913     0.903047005489          32.4152525962       1.42481017821      -33.1593902717        3.05043884975
 135      30.3141067692      1.06987000911          155.974090575       1.92523392309       587.768727439        3.73526574905
 136      37.7349327496     0.906007871171          129.760576478       1.41362618572       192.311801932        2.16761650715
 137      43.1439749769       1.0288553427          91.1597878254        1.4416653095       102.398684792         4.3541021845
 138      38.9266833331      1.02866728711          87.3465385136       1.83346670093       72.2121853713         3.0951094087
 139     0.601733652861     0.588129942082           22.626552249        1.2062655864       59.8266496551        2.79194275963
 140      18.1253457978     0.888738154283          36.4652249737        1.7941937026       37.0413288668        3.56356882766
 141      40.0011330551     0.937694273863          105.273316208       1.37196716583       230.177052152        3.77321662199
 142      40.4703444832      1.33937552823          56.7037625767       2.26606243979       62.8941415399        4.83689011958
 143      50.7555177344      1.16666191229          77.0416407772       2.24204616567       162.732197543        5.30130940612
 144      62.8279645971      1.53425963256          132.232770503       3.88166743012       90.7447565984        5.20952178618
 145      44.9864462629     0.832798842614           75.447181572       1.39073167044       74.0599880218        3.17436944661
 146      162.947979536      1.09583691624          295.549602913       1.71355252208       340.157073071        4.85971445147
 147      26.7493557394     0.999745996816          50.7710397295       1.74205847681       50.3181425083        3.05786934394
 148      25.6576464612      1.09167674023          46.3418922545       1.85000062619       138.744081091        4.09471886686
 149      23.0311971523     0.865356825265          72.4484199094       1.53434884534       72.1835170391        2.19833244904
 150      61.1613890639     0.914381507924           113.11918092       1.23473944022       229.059049303        4.87197347385
 151      23.6244311293      1.01761691526          45.4863544453       1.78037002237       4.30637964801        3.63334325875
 152      22.9619948137     0.941400729755          39.7759915915       1.73905396697      -95.4334814993        3.84710229274
 153      71.7932814747      3.27681098633          144.970394111       6.49976747863       295.137549066        14.3513900421
 154       22.587905619      1.05082304262          87.2415118009       1.54510990151        80.225891573        2.60430873848
 155      44.3370180724      1.04873819435          73.5591668828       2.03109867939        176.55440878        5.25741823953
 156      192.560910504      1.46799822661          633.740242894        3.6082799422       1198.83147399        13.4138132715
 157      109.570724944      1.02959021985          372.931709094       2.49084497223       600.214511746        8.41989158103
 158      21.6379365028     0.958659799116          55.0819951585       1.89784159181      -32.3927281499        3.57181609212
 159      71.0093707888      1.10280652527          79.7768007752       1.74420558701       141.752123919         2.6390363224
 160      53.1405446093      1.15557058806          55.0152284198       1.95158623773       69.6415021983         4.3309812903
 161      234.485941343      1.85641467662          440.656258356       3.70943578006       628.772632965         8.0418293928
 162      26.5691843878      2.55925557136          55.0582443552       4.21889100983       31.4349882998        7.22747633231
 163      29.9424405015      1.41232101448          58.2200583895       2.28657427994       97.2456665744        5.34650933838
 164      59.8065616287     0.845624269172          90.6383040699        1.4326959486       76.2185165184        2.43136994706
 165      51.8137793597     0.839923987042          97.1622088742       1.59704063199        127.19363076        3.57937023111
 166      32.0000665604      1.42850165278          52.3956356838       2.41556108422       70.0322311854        4.93559840917
 167      64.0923710643      1.28493614976          84.2132455232       2.38197706266       113.514747881        4.40533965984
 168      201.229194998      3.08955137923          372.381211895       5.36390615308       556.222755847        13.2208411568
 169      79.6471582248      1.35101410348          141.123990989       1.92227672835       200.185422108        4.84198532136
 170      19.4514674563      1.03167345962          61.8941696435       1.96598520842       22.7055953141        3.27044441667
 171      30.1608187595     0.932339294113          57.4612280842       1.87627470781       44.7200421901        4.30841631985
 172      77.4027829333      1.36995105904          142.151373611        2.4169204701        147.81377942        7.17514048288
 173      30.8119009112      1.47889369847          81.9652720831         2.354570723      -43.2890540139        7.81315643575
 174      26.6320992525      1.29040471264          56.1957092721         2.315135526       96.4711074442         4.6019231985
 175      49.0348079508      1.35174931702          152.575146229       2.82723850267       313.026925445        7.70246809914
 176       22.636002083       1.5549908443          59.0664995374       3.23970666841       133.861441919         7.0891352289
 177      47.7984457607      2.35088106169          98.2133651872       5.26334352959       26.6016490644        11.2077284088
 178       32.174524025       1.2708475545          70.3509760337       1.84986380452       93.7805016547         4.4628295276
 179      281.477746335      3.64626278058           581.15125783       7.07223690487       880.541800106        17.4794693351
 180       42.264315196     0.962613168928          49.4476525284       1.58207304601       69.7036287815        3.34586306551
 181     -24.8773270887      2.92797486029         -43.2594367651       5.04188094286      -97.3932799142        11.0973645196
 182      147.193228951        1.081555072           300.33483579       1.91821250297        436.62615459        3.85476128445
 183      34.8890499939     0.957337056104          63.2774778016        1.6697794787       117.388665704         3.6582420621
 184      90.2766628051     0.881206329917          83.0926660681       1.28321069734       68.4464123868        3.99468029497
 185       10.785159664     0.819934266752          119.550126857        1.2869253412       411.782238915        5.64001398596
 186      69.1973892783      1.33880225412          119.657770448       2.01307961163       250.089238034        6.07055760208
 187      17.6018234114     0.921971648163          43.7222206351        1.5601289021       19.3585742896        3.60549411214
 188      166.062860022      1.09516361194          163.790122699        1.8526141827        100.12930347        1.93510897995
 189      75.9878490043     0.934459163871           77.068568561       1.72776359514       58.9668096884         2.9655061386
 190      32.5410507902     0.899503346568          63.3786603449       1.39852885841       72.8167532216         3.3587633082
 191      32.0154455002      1.48812822724          38.1955335414       2.63372774874       79.9764065062        8.05142316759
 192      398.054222703      3.43838180182          604.449083137       4.53212134752       727.362961017        10.9772249247
 193      109.192327805      1.13176316699          191.688460903        1.9528388896       271.322584419        6.97002728956
 194      64.4305163482      1.01840155142          96.3424588108       1.69810371471        85.687112904        2.64288940172
 195      29.1462710136     0.875936974602          54.8319930438       1.38269996638       155.480551617        3.40372649818
 196       103.40844783     0.926231898937          159.946908015       1.52455684063       281.531823739         5.0645799296
 197      58.0694273338     0.810675481507          128.964907812       1.58517542879       177.212569473        7.32003370379
 198      15.4234970311       1.0220088485            52.05532342       1.81051165332       86.8073659431        3.64948853742
 199      27.8064545864      1.09177930291          56.5812781296       2.03946801501       99.2372381715        5.74119228595
 200      42.3557295986       1.1042495452          69.5880233457       1.82806499805       65.7966877087        3.41662021433
 201      18.8856432604      1.49371293901          50.5817854972       2.54352497152        149.04035207         8.5017018721
 202       45.630880077      2.64219320496          70.5988850868       4.15879486241       217.086242283        11.6721985973
 203      36.7377467807      1.23061815157          66.6859433106       2.11961813864       109.815556624        5.49286469165
 204      40.6928245334      1.52133216631          69.9948641681       2.72200945573       133.348680772        4.04318747296
 205      22.5372721035     0.963562500011          78.5006415768       2.40798399802       186.381156777        12.4741293331
 206      25.1989248286      1.17793567122          55.3519123246       2.43725888354       122.534160439        12.1492469862
 207      20.4558113201      1.16547833414          38.1907686018       2.47989858764       92.4398329617        5.06342777744
 208      43.5892853251      1.34974398444          76.0098602575        2.4671803285       198.314932645        4.09920526882
 209      82.2586168477     0.984230818713          106.950613337        1.5337282206       100.982870241        3.29604096294
 210      33.1890034063       1.2720273992          57.3393719462       2.41441209442       136.279614492        4.29197182523
 211      27.1586894545      1.14041906216          68.8864782675       1.98421156581       125.006714046        4.00046611441
 212      149.372640878      1.41243680508          299.396618537       2.92060462202       464.921380988        5.05303279464
 213      18.2075603306      1.41948385842          43.6979235597       2.44295383837       164.631586169        9.21208307791
 214      161.053344528      1.69100446076          317.260691535       3.60151313405       530.139140107        10.5938978912
 215      12.0590012624      1.21449599104           49.806925728       1.99781220163       84.7518497376        5.07613752825
 216      307.596550389       1.2637557166          648.768533548       2.06807501768       1028.01818312        10.7917683976
 217       90.484277897     0.954147293581          141.328575436       1.37224260657       210.827848132        3.49661680309
 218      105.876179527      1.24505953138          161.278525732       1.84359577231       322.619939314         4.9037393966
 219      51.2011493886     0.915398300486          78.9632742538       1.41995627961        8.3686423978        3.72938260826
 220      11.9964913115     0.895581633945          45.9242840709       1.44405810404       20.7034933696        4.03113916017
 221      43.3427888838      1.25238504417          105.486190348       2.14082074355       164.301319262        4.51816425063
 222      14.8920142925      1.06543205798          45.2929659194       1.59759653196       126.627349541        5.08809367928
 223      31.6261980261      1.13353881019          86.8019908831        1.9611122044       86.3759312587        2.76031535983
 224      26.0951348267     0.898152386697          43.3159626733       1.46296957553       175.729439935         5.3618229926
 225      44.5337097698      0.85362508753           67.927492799       1.47896598361       68.7364475742        4.54307451672
 226      52.0042881187     0.788772573227          151.954131734       1.33573794124       180.301114347         4.0021164127
 227      26.6318603232      1.00475267164          33.2928112548       1.49194134855       77.4477666721        4.96683252948
 228      44.5610772486      1.01278643749          90.4666676358       1.84877223456        78.571062762        2.94747663969
 229      42.0547592238      1.04134490956          86.0702478861       1.48840352456       116.097803571        3.69440166928
 230      208.407548014      1.89753047631          297.891461096       2.74096384056       347.685504316        4.65809378731
 231      91.5929196642      1.26123087872          131.426917378       2.26945542626         172.7238527        4.20465198057
 232      31.7133368731      1.68061860787          77.9018445916       3.22814729292       124.904667477        6.14385475431
 233      105.064574526       3.1650024084          215.548091109       5.70326576069        340.10976756        6.32002358599
 234       27.796782552      1.12717644761          74.2822567218       2.03677007363       75.3786236441        4.73390584051
 235      31.2896220848      1.21133787368          66.9158186005       2.12035583003       133.438859861        4.38660034669
 236      38.2461529689      1.23452061857          79.9398082016       1.70209424634       176.560371996        4.42176538539
 237      32.9868109583      1.30004000856          72.0004534718       2.38790544387       138.880632109        3.85344124473
 238      38.2592660279        0.627390314          74.4356451577       1.15132639764       219.198470619        2.63323466953
 239      43.1544330728      1.41639605824          82.0856842706       2.97973310492       137.138925954        5.14304156261
 240      26.8087503166      1.02875898732          53.2401336042       1.92821026407       88.3100788739        2.81611446672
 241      128.328810206      1.15151162448          271.946349505       1.97630466547       301.983045623        5.03943772284
 242       54.492900876      2.04107809764           103.84907608       3.46074374639       166.505861556        6.09166192443
 243      99.8302238212      1.29997299108          247.015820599       2.19134274871       355.378678155        4.86391823879
 244      36.4855747533      1.21669943898           66.600951277       2.31178374062       84.4593046284        3.25967605325
 245      229.372026267      1.12537745054          489.675256653       2.19251973545       608.602087384        8.25353552157
 246      166.244906762      1.38062205814          314.573394679        2.3392265912       511.645545222        5.26584771073
 247      175.454385175      2.03512721671          286.723558299       3.43506728484       235.713382957        5.60719241461
 248      92.0807072652     0.925501799571          238.477354588       1.70796991297       304.647234694        2.70233180516
 249      37.5026294415     0.821445549963          75.4629564715       1.44120448567       98.5599990277        2.52419539649
 250      34.7835891142      1.49568107956          78.1958376448       2.58207621409       84.5421868741         5.0513901712
 251      41.6177168317      1.25631978418          85.8162526726       2.33268175041       156.069172226        4.80445780505
 252      124.075248916       1.4868727406          169.379454861       2.42076346474       150.446647287         4.4707556311
 253       44.505101617     0.816851059113          83.0708185002       1.71085792334       201.955326866         3.1167265237
 254      127.159598043      1.11096392567          228.107772283        1.8028428027       280.915923338        4.60134314571
 255      37.8647478053      1.44702656618          60.3963592762       2.66527543065       78.1791716695        4.40897630281
 256      83.5158554453      1.01209535803          105.023135437       1.47965461969       136.148077249        2.53309486731
 257      209.014457481      0.98866500865          377.545415628       1.48354797999       703.741305345        5.17447371965
 258       12.173106014      0.84893140748          52.2281889971       1.66399600348       71.9376207892        3.93985719495
 259      26.6540046472      1.27396507206          70.1916122119       1.97036263615       111.033316622        4.27175841989
 260      6.51636993375     0.876000544562          34.0713191925       1.44645174605       20.9189462609        2.96854627032
 261      28.7845226071     0.986507888371           127.45977948       1.37041142146       182.954750653        2.55387016574
 262      19.6868077238     0.874706280098          51.6065604364       1.63434589854       183.182742467        2.11233173861
 263      24.5213426132     0.829342283451          46.2487623362       1.30404656063       154.012482874        2.87096867723
 264      38.3872761594     0.718640016991          56.2039918879       1.51082676941       98.6012642355        2.98732847631
 265      77.5634004593      1.38635652672          97.5734399453       2.37128908083       48.8988892629        4.56075747606
 266      49.8543797271      1.13704497681          70.8057663085       1.96185011609       95.2829671409        3.30081859163
 267      64.2156124954     0.962598232061          139.290916122       1.95268175835       135.365440162        2.79600191253
 268      35.2067943952      1.33569448796          62.1750186708       2.65134377806       137.631308029        5.08202384855
 269      23.3745987015      1.20259082593          65.9107330639       2.55518693454       36.5993771179        4.17135425302
 270      95.7115376978     0.909791985522          119.989326452       1.35624226698       111.531405901        3.26525351104
 271       22.314218311      1.25122538842          64.6968052066       2.39961249324       72.3880038889        3.25282041384
 272      27.7562218282      1.22290955504          53.7149286868       2.52371931625       32.1098216481        3.32061563715
 273      42.8643401879     0.935198248455          67.2003683188        1.4157588631        52.909972048        3.08995547129
 274      42.8331730191      0.80143755181          69.4364918096       1.39419992624       131.634183832         3.5685500555
 275      23.5824189541      1.17251291483          51.8356279586        2.1467878284       98.7158333644        3.19568329497
 276      10.3802638785      1.48089354963          51.8714447303       2.49217921989        58.072440347        4.66840922662
 277      62.4753492408     0.869276524844           65.545767552       1.18402411394       133.103596659        2.44884736048
 278      183.497891098     0.851653552258          391.437649554       1.22550696174       499.590261238        4.31936984077
 279      87.5861128661      1.04138632999           105.53785212       1.77347247394       81.5858485548        2.97490038221
 280      31.8465157739      1.35233042377          67.5887013829       2.65343287731       174.506208868         4.9433774981
 281      29.5349527591      1.31518238032           58.331219669       2.48487896115        81.994466021        4.46111823643
 282      26.2369465108      1.43603821158          54.8369313105       2.82875977809       64.8743559734        5.58794040466
 283      21.8420081793       1.2362718263          70.7583641977       2.73971283539        92.541455565        4.48691245972
 284       80.632953887      1.28995698285          128.507442646       2.35803628176       104.049246783        3.89540233849
 285      27.8728319745      1.17245254043          64.3987678278       1.95465279587       65.2166991179         4.3541105445
 286      21.6877886638      1.16412743187          41.0918251363       2.23961625893       88.8997745684        4.31806035072
 287      7.68928657085      1.27581130861          52.6446782408       2.17383392229       61.8060073954        4.34076102115
 288      28.0189253619       1.0832336511           72.574866345       2.18755953002       151.042516455        4.41932317138
 289      12.6268167478     0.871215633845           43.406278938       1.44558769658       36.5519649571        2.07449275518
 290       16.581679691     0.908612214506          44.6928603492       1.58535161605       65.3183847599        1.89382098489
 291      65.2448632387     0.709837572132          74.7498707187       1.43374196849       32.0321963575        2.16918682336
 292      16.6319701264     0.594392413219          39.0658735656        1.2351753884      -1.04446809779        1.67927201067
 293      225.969023812      3.09253538083          338.724260507       5.23874002766       495.120709974        8.41788567225
 294      187.302755024      2.49658800614           372.97019099       4.75667535009       516.767761555        8.41697991786
 295      32.9253792347     0.832472675373          82.6779038216       1.42745290794       83.7651951899        2.33815712339
 296      25.7346102034     0.857525318979          44.7030532032       1.44367289357       47.9272991322        2.24677097103
 297      95.9966826558      1.13619617491          192.100610168       1.75829155254       490.000251119        6.03675254489
 298      45.8380944828       1.2124275434          80.5509932969       1.95157775854       100.391446743        4.96886246851
 299      24.3321629925      1.02982277182          64.9394716708       1.97685068782       111.612992093        3.06004698364
 300      59.8624375855     0.728587647427          77.8228802627       1.16764394999      -16.4136412242        1.36242769187
 301       67.139128292      0.89889073236          99.2823783431       1.39320039029       210.983253422         2.2778451242
 302       26.098242323     0.711833665472          57.1874776529       1.22873699347        70.618116966        1.66726635414
 303       50.933369709     0.887276144684           101.13718966       1.41158859884       119.317883605        2.32515834972
 304      79.9642118625      1.11118182321           167.01178851       2.24115378679       157.117829146        3.44015847383
 305       79.259117412     0.774253309126          133.488110092       1.46459769174       81.3265590145        1.67025661763
 306       56.027205683     0.796144996212          77.3281840064       1.20735929117        39.409134978        2.10570324072
 307      57.6882768844     0.941805534839          101.229449848        1.3385836659       232.095032841         3.9899555755
 308      71.3093504298      1.56574188154          105.737157242       2.68953724184       136.968281329        3.49154964772
 309      287.984054647      1.26846480813          576.401168299       2.18970735282       626.665964642        6.29358953015
 310      63.9273686819     0.976634629167          80.8677086991       1.30708882573       56.9576634998        2.77503465978
 311      76.4402451115     0.777865302531          89.6263618658       1.31344066876       74.7418222884        2.33837507822
 312      31.1095959849      1.43638569258          84.6241909652       2.26711492181       161.089113336        4.59732480743
 313      160.174762203      1.77358741297          416.322490653       3.72128789304       820.076292317        9.82143219094
 314      75.4475275047     0.953765919892          121.134944003       1.53115314819        160.42388631         3.7214674487
 315      177.308508835     0.821798142664          252.902659885       1.60113768581       264.787198529        2.70140387298
 316      21.2775455342     0.897110229599          68.0366861847       1.72988202416       73.8830065421        2.59939003512
 317      42.5382728467     0.691732424103          71.4466200332       1.19342766324       103.787363516        2.34318740831
 318      37.9865364647      1.31257494171          88.2254392053       2.31505446032       84.5992408651        4.52848561917
 319      25.8163922016      0.98693538848          63.7469348013       1.72898054641       96.2310995916        3.64470216742
 320      27.4979393076      1.11346865832          59.2786759811       2.17406404664       118.423861454        3.62269241863
 321      28.7534441724      1.12904476009          48.3835653555       2.04831418142       96.0962205943        3.96035307379
 322      109.505791844      1.13603756278           130.21109503       2.08087529596       127.847987387        3.27647524574
 323      98.1732878919     0.929843822115          110.980234426       1.65089527648       87.1803689662         2.2613870589
 324      32.4479542123      1.05996410341           65.534896488       1.79325107326       111.205201953        3.36497442352
 325      68.4197246414     0.982429321663          156.524966169       1.51425253627        259.99742846        2.86968935219
 326      58.2675527564     0.854299619846          59.4571917834       1.55257734469       13.3834113391        2.91801816137
 327      95.4244833161     0.904194279722           130.75725953       1.48602865681       100.687861739         3.1110591746
 328      61.1162659712     0.948850424918          63.6724933344       1.53438632709      -9.56492640276        3.39298242887
 329      102.796286078      1.08363875596          417.716367693       3.02951626077       863.278552505        7.97912573544
 330      24.8221755821      1.02665721277          59.7261950289       2.00752452843       86.0876307878        2.96329817485
 331      41.7440828036     0.792894097915          55.6952822187       1.31922772863       1.91539337318        2.24800213589
 332      55.1794127172     0.877138060114          111.743484948       1.67251689607       129.133286008         2.0875103805
 333      74.6920523425     0.873607001302          116.471266378       1.37906635611       87.6799228125        2.43631322306
 334      94.8497202549     0.909302348157          109.834572347        1.2559176799       131.994121051        2.60301317268
 335      38.0924292055     0.985966411178          80.5099892257       1.65424309644       90.5391511699        2.28548251182
 336      75.1633483002     0.977380808843          148.223173471       1.46563177869        158.65134948         2.4704789144
 337       235.26417507      4.60625914382          493.964667832       9.19175932032       843.068050502        18.5680987767
 338      110.141395615      1.26158698153          211.574743586       1.92365454374       401.283700505        5.90713639196
 339       81.344989274      1.06392528918          157.994624126       1.74145416641       214.189724611        2.60486780074