# id F89 E89 F90 E90 F159 E159 F156 E156
    1       2231.81998556       14.6798950036        5363.82319016        32.5994986173         7537.02787158        122.084661173
    2       919.152960927       8.36829780732        1538.27709893        13.1682301014         2208.08278512        35.6101266542
    3       76.0092855486       1.42915819498        143.108406688        2.66640001091         263.928315843        6.82570606403
    4       268.856775442       1.67970211239        556.169041584        3.77418802923         1205.03324112        19.0366655105
    5       347.749644053       1.32516193155        827.992847811        2.55326858054         985.148693381        12.5006522885
    6       34.1803104409       0.91983643218        65.1560369055        1.36195364469         99.1416169789        3.07766537586
    7       55.6247214655      0.776950524585        38.3606452721        1.44567797671          54.075337825        2.46540563772
    8       328.100468049       2.32452497828        703.006281769        4.41855683038           916.6810813        16.1874328916
    9       98.1688756613       1.02566714147        219.050157366        1.84398162516         283.375845554        4.54076445754
   10       22.7285052246      0.564169520543        57.5061696794       0.924562041527         190.470052597        2.18665538652
   11       47.7982112192      0.724014831711        72.2460757285        1.54137743374         147.379347439        2.95185003462
   12       52.1892006205      0.810519963502        73.5025202738        1.53185846269         109.069945197        3.24582723532
   13       50.4977938103      0.801296926773        64.9616096344        1.42348222399          84.142366267        2.03007426833
   14       31.2448474883      0.832199079897        38.9394906498        1.48886894369         33.7150809297        2.23567374708
   15       99.2145655946      0.972722591418        213.555671229        2.00884368945         320.845541721         5.2335539558
   16       44.4490184761       1.68646426149        79.3048483313        3.20020283199         214.478822494        6.92093372733
   17        117.87118232       1.18884167531        248.290443567        2.11595282636         521.826222525        5.77250582539
   18       31.0828118576      0.722590085084        65.3010431378        1.67644294893         222.194960484         3.5373576635
   19       23.3795507849       1.17675892339        61.2593673737        2.06600088437         128.992095334        6.27071834708
   20        155.16080204      0.847929980672        312.025490762        1.64355730308          269.58448054        3.97612774891
   21       90.7464403565       1.81129794977         102.46261138        2.24293590839         93.6782158257        4.34473257644
   22        70.285443874        2.4229484406        97.8122718621        4.50068418477          49.606981581        16.3036393353
   23       85.3195804148       1.98753354045        109.088631257        2.45712521824         235.908770084        4.67753629661
   24       108.684676445      0.953793359688        127.779908686        1.51717610304         121.548644625        2.27122387681
   25       32.3364503347      0.793796429614        50.5636241872        1.62558852973        -9.34913546121        3.63792607638
   26       45.0005340878      0.818404616439        77.6556172693        1.32778527471         76.2280659008        2.77066646044
   27       29.5337284624       0.74679810692        57.9964897731         1.3762508705         75.6070711666        2.73798450353
   28       14.4410936921      0.691959167169        36.8506165443        1.17051550124         44.7927754308        2.37591940454
   29       130.387109547       1.57578956704        264.428382427        3.01739896403         419.561035733        7.40420536465
   30       34.0774106335      0.842317124781        69.0415386907        1.36461721886         78.9109176743        3.77991914593
   31       54.7210584048      0.838240236735        110.888424047         1.4874914372         94.1727921894        3.53189316473
   32       73.3059889722      0.752624190701        138.349653125        1.45749918046          166.48448825          2.280015747
   33       351.355523668       2.70247664721        771.234388674        5.24726681742         1001.40752646        18.5522026251
   34       18.9714965081      0.973568898153        65.2323373075        1.52855755293         74.0535331827        4.02605364863
   35       58.1245728039       0.80177476409        72.1393537768        1.29662186738         29.3515454068        2.20572822924
   36       16.5354776878       1.15511791035        37.5968302422        1.87623694154         71.4509370709        4.69304554636
   37       39.4023490354      0.907882683661        46.1610078255        1.58097084576         105.217423295        5.34489968297
   38       6.45444632482      0.870208754962        36.6613038311        1.25010756729         80.3801153605        3.27137325759
   39        106.27510436       0.74601518896         170.19021891        1.40550549395         169.069509402        3.37086055813
   40       67.6203322693       1.03417598764        51.8543496635        1.28816133081         122.600286203        2.19338809666
   41       26.9319401146      0.798049570066        71.3159672262        1.21402376651         66.7319048633        2.55715925951
   42       119.072737107        1.4207956173        138.074839128        2.00300124744         222.138244667         4.5448427304
   43       50.6529390528      0.875349387503         86.355538501        1.38414732391         65.5691013381        3.19061525099
   44        242.94279534       1.73594926817        426.410311849        3.50094713573         464.814523984        9.97061771131
   45       158.312936591      0.963850486927        176.742557382        1.47605673102         95.5530196418         3.7739082391
   46       47.4321131372       1.00234034507        52.9965796598           1.50462141         35.4041157231        2.57791721982
   47       37.1047317528      0.767182782291        47.5011043313        1.34182410472         4.54589989636        2.13985725435
   48       113.694205924       1.43030955684        252.847964346        2.45332486342           285.2467986        5.84388677517
   49       76.7729095066      0.897481177868        103.526782334        1.72541916944         202.258726329        4.81702224825
   50       54.0804769583      0.727537139011        53.2300660499         1.3845537592         22.1613476082        2.27393456937
   51       66.8132788412       1.97343122832        101.009978821        2.52505035694         167.029644552        4.78265549221
   52       38.1275719194      0.711354533451        69.3175500444        1.39381162592          110.06620464        2.30491744536
   53       36.2456793468      0.762792590319        76.8543437538        1.24559096592         48.8002205886        2.08331432518
   54       196.789746818       1.63439181711        289.729255285         2.2949025506         296.165839015        6.10570174728
   55       266.427180117        1.5228347118        547.008417704        2.97036811775         664.218221715        10.5640235079
   56       209.673033982      0.909328838377        321.610581279         1.7071895048         284.689526432        3.99665219819
   57       38.7805533961      0.827671527364        72.5816666507        1.34231924305         10.0336684161        3.28185077848
   58       17.4230101524      0.804046688291        51.4358696195        1.20905423662         32.0709146522        1.96260583984
   59       46.7238107214      0.764791013603        68.5641252002        1.39745642561        -16.3542646217        2.24708147457
   60       115.422252215      0.749044198885        230.535062078         1.4717821718         227.737027505        4.64506166722
   61       16.6194196895      0.759403515937        47.7995110917        1.39250413178         38.7048096811        2.60781650028
   62       114.925102789       1.62815418224        212.347446468        2.69845403048         535.009540573        8.71508120914
   63         128.3195074      0.696453017394        214.576094707        1.46076940358         363.040373721        3.68491486686
   64       37.1752143249      0.795870697561        79.4611443576        1.33340665669         60.6982320569        3.20600181882
   65       73.6078165108       1.38017610002        96.6265843763        2.35349490538         107.118027098        4.80433512448
   66       40.8782634452      0.860766972619        101.297163357        1.92945973223         221.494775795        4.79106052291
   67        39.718239399      0.969336436998        48.9938116151        1.58299597592         45.8722752577        2.56504622295
   68       43.4283979081      0.887212102711        74.7112288229        1.24231619159         57.9562615162        2.51218139396
   69       131.984016992      0.836541342248        261.077814402        1.34299103328         363.064716655        4.53733731379
   70       156.139992342       0.87706040916        210.450246521         1.3516914582         295.671963066        4.21543664245
   71       24.5303978388      0.806338409313        40.3362959443        1.51603256386         56.2604883912        2.72527185907
   72        158.10539314      0.948835713436         152.69239674        1.45912293772         81.5713894977        2.98288727387
   73       44.2863792921      0.849117593266        81.9602874672        1.66863796785         221.160013346        4.62644172907
   74       53.2700442598       1.17057920919        55.6471937828        1.71645292642         41.2414639245        2.49080200877
   75       74.6216828718      0.861693212356        90.0071533646        1.25187316651         88.4312343014        2.39628563412
   76       254.188355214       1.53728304079         537.86167321        3.26418155738         595.431232279        10.9433844573
   77       168.440266694      0.883890124472        193.615808744        1.55916539903          231.91779951        3.46239217651
   78       29.9122147992       0.74513519392        60.9020452585        1.29916099473        -13.0191340719        2.14347309948
   79       414.157260877        8.2530610752         535.09871926        10.3343586525         782.529807408        22.6136841081
   80       157.672077356      0.943767804987        251.250013734        1.48875173552         126.412511345        3.74097537791
   81       62.9478612156       0.85603407298        57.1151995701        1.26738495588         2.91045350293         3.0383400044
   82       43.2364913232      0.795408051803        55.9220723072        1.37817914393         106.146820252        2.67320308737
   83       117.237081863       1.19966389877        322.474980096        2.89893444536          510.40962976        11.6100477581
   84       125.574415514      0.865252963001        148.929657263        1.42925143116         125.245061519        3.33882921403
   85       12.4869294566      0.974033726283        57.1355680589        1.37870489425         147.423777186        4.42902171435
   86        63.932141682      0.959018983796        59.2390656155        1.48808681645        -7.20171148194        2.06411282642
   87       78.2831574779      0.833539497618        200.541944635        1.36019562074         269.608666296        3.63790593834
   88       100.582296311       1.04894751053        88.2375825999        1.39122657386          144.38628498        2.83729343591
   89       100.619703131       1.63073181225        166.758758236        2.29656596986         308.661358748        5.95970347075
   90       167.919066231       0.94767354334        330.526166653        1.71141255328         349.953718339        5.48061546877
   91       173.089305133       1.25531569222        366.733888236        1.84000707653         444.571478064        7.96086802761
   92       95.0770392657      0.807203756357        150.096247543        1.30244192214         109.412806902        3.09279664233
   93       31.5492717976      0.851489906537        116.564573392        1.42913324262         413.832293974        4.11306910531
   94       245.422527184       1.22480914676        501.327672221        2.62826146712         598.184014972        9.15614174228
   95        68.359734251       1.08567627956        108.226762887        1.89472841354         126.551409545        7.05559606797
   96       381.252796375       1.64770092922        796.301570898        2.77923866916         962.414103091        12.6379393378
   97        43.799250076        1.6485693785        60.2610982541        2.03029751107         63.3724716011        2.77582106776
   98       107.827899661       2.08060870346        134.591196593        2.69618334333         57.0225894489        6.94629326327
   99       85.4799114055        2.2475823548        95.0062667833        2.52070456222         78.3107182642        3.90456560136
  100        767.18011623       2.09502567397        1089.99560464        3.14202758703         1104.95468741        10.9481159419
  101       93.4440073726       2.16231422012        107.084571569        2.56766375925           35.04917855        4.14893500749
  102       12.5755818592      0.944998554869        45.7511170828        1.87137211525         1.50762969613        2.77612324069
  103       288.876295089       1.78807026718        639.702910898        2.88346255916         870.698602899        12.7771067659
  104       117.924241932       1.59094721998        141.462833778        2.59274145801         218.430202832        8.26997494252
  105       102.635019468       0.91030695712         90.020065934        1.24724882238         82.7994378195        2.57378847967
  106       10.7381930256       1.04331014012        36.8254331048        2.12972058368         96.4331079969        2.94418338423
  107       2.37804932655       1.05161789696        25.1433928044         2.1695510978         21.4219486338        3.80144581086
  108       180.123681755       2.78451886853        282.337962601        4.02849863412         560.513085846        11.7358908241
  109       207.320909603       3.22118519973        303.869459425        5.27348251973         462.484514173        13.7442152196
  110        113.15493739       1.17258683491        230.100380143        1.69817193075         300.380976175        4.66543149757
  111       69.5620313295       1.32481453062        77.7079484903        2.48351171875         52.1666506829        5.26712098437
  112       16.1550753198      0.837400747426        68.0555718295        1.63319826719         89.6731979322        3.30960339865
  113       6.55899000258      0.969887570451         48.607752753        1.64479188297         73.5723572495        2.83458240503
  114       70.9641132149      0.960732637428        70.6727961032        1.30355609094           154.9742447        2.61177947145
  115        58.346285633      0.722972390643        87.2248977639        1.37974483529         143.931544496        2.23010340271
  116       65.3664085054      0.924443968971        141.249217886        1.47077633879         168.612897665        3.02556949858
  117       40.9799770351      0.815291305578        85.2375183888        1.37553688889         117.238565159        1.98516591292
  118       51.3944687321      0.939340436727        60.5210905931        1.63328150087         54.3337529338        2.62328313962
  119       45.8187541663      0.779332891318        50.5252837502        1.22637098679         12.1710774561         2.6426522014
  120       2922.62293053       17.0520473377        7023.93718633        38.0978962181         9639.96511153        145.493549128
  121       2789.37552591       8.86682988056        6857.78791543        20.3378973516          8746.2527321         109.44502674
  122       2033.77279088       13.4523763416        4913.73678063        31.2647931945         6949.56120227        112.766502434
  123       2089.85973109       8.20080707214        5222.35491417        18.3223618987         6595.24018609        84.1735043609
  124       154.151728548      0.802122413441        182.814867451        1.49285726206         188.407008387        2.73222416759
  125       54.4833438621      0.836021162703        66.0087012573        1.29192708485         36.0101935093        2.16670288174
  126       21.4800471976      0.859205182506        54.3184899111        1.69895041544         19.9140370036        2.95366993814
  127       72.0775278141      0.799353620939         121.37134745        1.51689452591         148.183148671        3.44705755664
  128       37.2113784031       2.00522119309        75.6310992749        5.23241332751        -4.03700928923        17.4718032689
  129       56.7060815977      0.882365168319         78.858296201        1.35509356032         60.8299546506        2.52523637061
  130       88.3734529068      0.853369429663        172.031583885        1.67064720571         146.429665349        3.02600490691
  131       257.788806938       1.29304726211        421.248099475        1.99314895896         465.160473563        5.60200183997
  132       56.3078256556        1.2472122176        69.1384301425        1.52310605163         60.8392527351         2.9329347072
  133       62.0981811597       1.41056009451        80.6671936475        1.94794153288          148.20424142        4.42296716002
  134       592.898794198        3.1381796202        1348.29221614        7.16142660597         1760.42251271        26.6152635082
  135        22.684121929      0.820011905432        47.1405417178        1.32466830599         55.6532507387        2.32965822184
  136       48.9108183915       1.19388499088        45.3516166743        1.82749603736         9.86597524805         4.4325807954
  137       39.4466175333      0.958154746199        70.6933446795         1.3932452485          56.196303524        2.50553717902
  138       78.2061350615      0.656087518666        111.457584892        1.22595713588         187.723808032          2.224456795
  139       86.0360776697      0.955078561364        112.174589083        1.43497043725          94.243213997        2.47196306232
  140       13.0720486013      0.637207105698         53.320556006        1.24387564034         221.013016247        5.32443909992
  141         29.51407258       0.92247679406        55.4815914338        1.65201337717         38.8134876061        3.11251776282
  142       106.712020237       1.01893927999        116.994465639        1.57997546908         131.669506179        3.81438376071
  143       26.1851003347      0.724832808491        60.8630723802        1.07210810788         93.3465664546        2.53437029609
  144       37.9093157868       1.16651155354          44.94845103        2.02733770727           38.30818089        4.25750802524
  145        783.91838671       7.06554922338        1727.39577452        14.6504725276         2641.54283006        46.3845484976
  146       63.5799530044      0.761414011814        128.188160315        1.29096803809         32.0568605817        2.17240180615
  147       75.1555279031      0.822976722412         152.37534855        1.46104570364         148.281903965        2.41399947477
  148        497.93767497       5.52218428648        1196.94306764        13.3991744762         3578.76071567        85.2601895391
  149       1607.26223961       29.3313862958        2616.09233371        42.6780214475         4376.45199244        104.067726052
  150       276.357263114      0.935644014198        610.105642588        1.73467829443         729.885554768        7.42525804029
  151       16.5766073034      0.928949057956        45.0321193337        2.29441181493         178.978923536        6.74162237318
  152       27.9946891371      0.931051883171        78.3069674458        1.23658191754         257.408114855        2.93804780412
  153       121.304028614        2.4137156679        241.321180295        4.25215413554         573.063454257        15.0049408546
  154       200.286274752      0.896827607293        261.994016226        1.45276045346         246.098658914        2.76128750969
  155       43.5666066289      0.945015495677        240.846541284        1.40033784212         619.660722906        7.35466281756
  156       2307.09875615       5.52470719374         5713.7645208        13.0239105552         7541.04480904        79.5401824016
  157       2286.35488499       8.29844788927        5461.85596262        18.8277455788         7274.46395495        88.7120433888
  158       420.291141574       1.18388643757        922.248015643        2.60251916998          1160.2996984        13.0313694079
  159       23.0098556246      0.754731637805        66.4476639317        1.31356164634         96.9544095206        2.09370326473
  160       722.743477053       12.8445388969        1422.68679978        20.6372199883         2333.12991204        50.9056702052
  161       1284.06136972       5.61916957634        5242.66331031        20.4944845312         8085.94100442        106.586852349
  162       39.6078231837      0.690938507794        62.8621084639        1.47121170749        -1.83060735749         2.1673172083
  163       49.0966638543      0.763540984635        115.311784567        1.28086562289         127.790085802        2.81872304832
  164       329.864115367       1.27216494032        742.837274965        2.42342713965         918.968534647        9.43814505589
  165        3166.4255307       14.8487942383        8015.63232715        35.2365799578         11270.0167744        153.567707245
  166       81.2774393706      0.850575757569        119.989553193        1.34030498299         190.643223601        3.39402254121
  167       3716.47368757       22.6078675795        8933.30085637        51.7199458782         11707.7895776        191.986850479
  168       24.7474712559      0.868852408081        48.9553647988        1.27500997599         42.9770994292        2.71688244801
  169        6809.4855421        49.410753565        17901.2777724        121.031188974         27343.2745788        461.190198759
  170       4135.73386836       36.4496581962         10505.304168        85.3035428528         15914.0523859        316.896376967
  171       3293.32688041       27.6323342491        8245.03791815        64.9020000666         11587.0769936        243.453499932
  172       58.3853904638      0.740625670767        55.2582498638        1.25974519547         29.1275320545        2.19001171301
  173       93.1992757763      0.759301565924        174.039663098        1.42915177921         206.012237438        2.64236970002
  174       170.363428094       1.68943636766        235.523563427        1.96026954727         296.712431237        4.30468220951
  175        104.16723271       2.03339381223        91.0590387804        2.48055379281         17.1152824208        3.85844748689
  176       34.8363059357      0.740493417431        82.7650548491         1.2268665803         51.9092592971        2.59047462386
  177       137.267085086       1.53878352966        216.056422081        2.32512728838         238.677918795        4.03543243361
  178       147.593980345       1.58829615135        207.117587096        2.56455895201         317.735905136        6.77603997838
  179       73.0872257712      0.928772362347        168.173318731        1.21736292414         203.803785757        2.73646956605
  180       13.1386125693      0.789247164348        53.3589865125        1.32588493582         40.0243894615        2.01437136756
  181       68.8802667679       0.76483204311        90.3758161568        1.33650681772         181.629509335        3.09786829082
  182       35.5552308244      0.788689056379        78.7605281466          1.303458902         44.8573341832        2.02228786639
  183       178.815950949        1.0908360602        207.482994773        1.59653818926         144.673941491        2.66762983675
  184       316.342509787       6.17788156098        490.244487978        8.08442024874         635.914784841        17.1082705958
  185       394.448806958       5.65235883363        535.125293349        8.14262636396         631.004733576        16.7054740622
  186       53.0670014737      0.862498659668        114.137902439        1.38059026347         177.708655872        3.49883582113
  187       87.9670595824      0.783018891368        97.4420345272        1.52549730326         122.892053864        3.23202584569
  188       122.764662419       1.01338690718        230.628746154        1.86274080949          291.68102571        4.99918818798
  189       3829.28292754       16.8278621627        9587.51625393        38.9985303893         12498.8867462        174.888811833
  190       52.0672766627      0.823813915462        66.3594570344        1.20568112966         117.108976927        2.25618426025
  191       17.0366144072      0.925957203777        34.2046639078        1.56851118532         81.4187074852        4.01083705774
  192       112.010168608      0.979690445503        141.151768826        1.31903950804         164.703541375        2.04766481423
  193       46.5809031724      0.821875632186        48.5117098377        1.40359165111         66.9806096417        2.43816164278
  194         6.875927486       1.01521818988        34.8454278855        1.86252389257         73.2894655053        4.65070302571
  195       171.974894149      0.873951350852        170.727314871        1.31073070356         133.613649439         2.9684742534
  196       33.5646429178       0.73143713862        51.3910504703        1.27351677315         103.037072384         1.8345980533
  197       188.011039526      0.952031378874        198.207831922        1.32829889042         194.401673354        2.90266814587
  198       259.064017658       1.33422018523         299.19050171        1.68335860892         335.502921273        6.00566761763
  199       76.9221577129      0.840712948277        165.677856845        1.43741783584         197.630474671         3.2274740488
  200       59.6673043481      0.714932967272        65.6631546939        1.44458604973         40.4138047299        2.61997180048
  201       188.434930486       1.23933601847        382.264123295        2.30411059127         527.636078187        8.81742152008
  202       58.3565636129      0.790804897601        125.665872078        1.43969792274         189.958141704        3.39643934953
  203       114.812115308      0.815086810495        209.989262075        1.53998799453         214.475277913        2.91908495466
  204       23.6023484095        0.7718893717        64.0652995881        1.32458613738         136.798533317        1.62759077727
  205       1507.36448948       12.9248254188        3403.98637196        27.9323051148          5071.0514881        93.9932934569
  206       67.4372013909      0.682395868082        153.746530377         1.2750435619         167.728456217        3.57039141554
  207       33.4984637595      0.998184339921        37.0298556626         1.5671239722         79.0737274791        2.57804354442
  208       253.833416461      0.940429197137         379.12942619        1.53106281348         325.972467772        4.73862240826
  209       42.7777592867       0.90304701725        59.4902598109        1.45402765188         56.7376141335        4.01984146087
  210       62.0767759257       0.76520107992        155.086840981        1.21063073121         190.115817497        3.73788193803
  211       374.823966668       2.69257997416        841.628355519        5.40239613456         1190.88750863        21.7842528562
  212       242.049321916       2.99917783398        569.036423175        6.33424164855         860.238003499        17.5104811151
  213       245.421588888       0.89184550752        409.073710944        1.86022816327         470.937994371        6.20063097667
  214       25.9194153345        1.0989970249        67.4902574952        1.97799605748         119.314327386        6.26423777279
  215       30.1588436189      0.830158468699        69.0082902842        1.51361157342         206.309135314        4.31081617061
  216       574.765135178       2.31594085103        1305.48668922        4.51144052044         1800.64565297        21.3330145702
  217       30.4464056481       1.03310415508          43.88170892        1.69250204429         116.042179994        7.07621078869
  218       15.7980289214      0.810757341996        71.4418203273        1.37604327001           64.58497238        3.19051506394
  219       132.466764478       1.12114416944         259.98857583        2.16328833423         339.371173079        7.74169149575
  220       329.424558311       2.06894386677        622.316128643        3.43455721217         860.017868247         11.269832194
  221       42.7094823409      0.901183123668        62.6804926015        1.86377357982         151.583428047        5.82505697592
  222       34.6105828809      0.799273063734        85.8392533247        1.45799349081         119.039265658        3.20773087285
  223       24.6592905948      0.895589650904        40.4626440364        1.29220910244         22.7860031379         2.7132746385
  224       32.6390270736       1.90600572962        67.9758590421        4.19451316051         279.690854018        11.3446850405
  225       204.414176815       0.88023643735        333.048214263        1.30363431708          384.00770625        5.37348089478
  226       35.3349834007      0.971951282972        214.159681222        2.49608926651         695.223875998        13.2656593101
  227       43.4677098383      0.687566906373        89.0415642367        1.35495786318         245.853700323        3.62253736852
  228       31.7867442561      0.820414985914        48.3539609278        1.25033760264          38.446385313        2.15605295496
  229       37.1008231576      0.901591081099        56.4236366823         1.4466945285         75.0704146068        2.37191107969
  230       280.763274082       1.26264790433         639.66587229        2.32244840739         820.815503713        11.0978084129
  231       40.3742242954      0.781607978644         80.619987269        1.33150850161          77.872505877        2.53127911188
  232       37.0887782793      0.779246112251        69.1238432604        1.19669114044         90.0274727074        1.97823216841
  233         36.47309406      0.809022701363        87.1139070506         1.2718709617         74.7019482432        3.01258930957
  234        118.63689584       1.26626963747        245.424582101        2.19926647453         387.695430473        6.60197856459
  235         110.6106103       1.07869965956        193.576981589        2.58948069084         252.518948904        6.67513754685
  236       562.368704002        1.7717752912        1243.75718002         3.7926831548         1564.06231188        21.5853411889
  237       43.5658548229      0.838705877178         75.023856227         1.4987029866         75.9567320314        2.75189139734
  238        66.116474653      0.813349033651        137.171958352        1.18680772528         166.624181979        2.71030932827
  239       42.5024709099      0.839503432619        91.9651366333        1.31750856605         107.568407628        2.83291858258
  240       22.1046004673      0.815094923404        41.5985830156        1.33671079955        -17.2064283466        2.63864013256
  241        224.68801748       1.05342974235        467.592919418         2.0873437248         568.149785669        8.27449814018
  242       50.1662508081       1.12785095805        131.028245092        2.24266453098         235.051836464        7.50090531429
  243       47.0906526869       1.07296905204        124.609788798        2.35123917827         208.812042841        6.22429001295
  244       41.3498077109       1.25793839497        125.526014968        2.90108332836         285.916313674        8.07835266295
  245       70.5352567561      0.815794714262        92.1468394771        1.41631535197         53.7642561251        2.12158064027
  246       71.6558814131      0.915135353415        101.367995865        1.36186678305         62.2944243137        2.44709387223
  247       122.868568555      0.933559545767        203.800244252        1.34922824517         308.801833652        5.58106630146
  248       74.7758718711       1.10771322113        99.8619344291        1.55273886986         97.5183722913         4.2417252501
  249       219.875820531       1.61747951252        331.209263751        2.51174353786         684.414184026        12.1011355396
  250       28.3621840099      0.800442843644        77.0631427924        1.50531915851         325.108020713        6.15569597471
  251       177.734244589       1.00164788877        356.478833268         1.9880481446         416.033978447        9.94763271488
  252       104.680540299       1.35344933178        211.811363742         2.4596054646         248.630858836        5.93046154293
  253       49.7509531518      0.775199033802        55.7364612405         1.3956575355          45.594753094        3.04850692689
  254       31.5113831012      0.701608204799         75.827231339        1.43435707391         231.842718584        5.46696391501
  255       296.541309538        1.1621158948        646.743252073        2.18169640446         776.574950301        9.73775898107
  256       42.8049070224      0.725060751616        67.0302213533        1.28998000235         165.075195313        2.93121116879
  257       33.7594112533      0.781031918491        76.7331780904        1.28823749017         241.736349702        3.94292121315
  258        62.670271193      0.809458296069        100.413533086        1.24767866326         103.597771118        2.51566759091
  259       60.8398340458       0.72162267508        107.477282259         1.3345131713         116.293551127        2.30024832614
  260       183.395554547        1.5461279212        411.699696391        2.84066868885         691.573218944        10.4989653146
  261       62.0721323381       0.81600184619        49.9543826261        1.28302395226         39.7832240018        2.03465754094
  262       53.4503492127      0.722657479062        110.272168951        1.37571026565         114.798881472        3.11567002318
  263       94.4601736097      0.752258669515        206.165925416        1.34272984633          305.89169058        3.64059049383
  264       45.3183054674      0.820763768696        36.7232272406        1.25817629294         53.8681009583        1.87774415834
  265       43.1273000134      0.944652394311        68.3264036011        1.63100283782         95.2663075207        3.63935994171
  266       112.224646959      0.735176946977        215.413961153        1.65258849861         263.153005452        4.07332384867
  267       34.4042533911      0.739996286398        65.2651117423        1.56811661989         92.7245306972        3.09050591648
  268       151.951752422      0.976233550242        132.018333995        1.49383697699         126.286907394        3.78322126166
  269       65.7325463482       1.23083286615          71.97675419        2.30336298629          81.742799274        5.19994167438
  270       122.380867807       1.34788389724        280.912703855        1.95216092233         312.504408122        6.27904785634
  271       79.2442099668      0.980154449767        114.027279133        1.69177878994         150.102680786        3.09686732484
  272       65.7331745428      0.877865733816        106.467377269        1.40967113305         94.8225306882         1.7032008895
  273        171.79293022      0.864992333708        210.682758414        1.24223287429         227.375024422         3.0925073321
  274       24.3126523233      0.825813172321        69.6557702629        1.58984540458         132.959774727        3.68886595386
  275       40.1848198464      0.740656778026        59.2701608179        1.36006399516         49.1520580247        3.06634444444
  276       16.6255461039      0.797557773267        44.2682221875        1.45754585814           10.94072021        2.58321605639
  277       31.8988817311      0.978481875774        43.6894645739        1.70450154686         13.1248532799        2.98316747653
  278       35.5292632697       0.95148292117        38.7455836978        1.56242233751         91.4101674741        3.27244673672
  279        56.421720394       1.01920068641        106.689065526        1.63704832553         142.796867687         3.9131679164
  280       57.6752531062      0.887467450084        103.160796541        1.52107675278          121.00294136        3.80054821135
  281       47.7855308159       1.11506348797        51.3158773403        1.61324122199         23.6195859076        2.31716532469
  282       47.5056823502      0.864824801155        78.8281527064         1.2978879243         125.076012011          2.656978927
  283       33.1895228429       1.02818521713        53.5054548668        1.46110119777         84.1795908058        2.16893472128
  284       55.9408272298      0.972194813629        121.059850659        1.60564479106         141.788053982        3.47466741216
  285       110.889056427      0.732944618205        97.1359099207        1.35502588639         102.852612565        2.73369075572
  286       204.706699722        1.1525192053        408.198204146        2.15428090226         523.685873799        5.82638483379
  287       72.7472107016      0.935648875899        132.862572851        1.76266589494         235.498955993        3.55978213071
  288       88.2665143084      0.726572262538        181.213874387        1.66218714373         186.676248291        3.30390267667
  289       83.6155213967       1.55965395793        189.376762404        2.54723506843         439.218417031        8.71023179813
  290       178.945541916       1.68213908752        408.367211498        3.34716363373         658.894978882        10.4097405906
  291       40.5818790829      0.487973386641        75.4483410678       0.948387751001         136.927559921        2.71120594318
  292       85.6942492336       1.12067016695        111.537815669        1.78389850054         147.266011219        2.95192123033
  293       77.8281510242       1.07424867469        99.7009300413        1.63669688096         151.292435883        2.80397823501
  294       151.023077357       1.21432198096        322.946165247        2.15471191684         324.952998417        7.93427115178
  295        255.09358248      0.879994522435        866.104990307         2.1374130405          2287.2775374        21.7185105638
  296       140.031220535      0.975569024388        145.244038081        1.40938927806         165.022009917        2.58144167603
  297       148.951170235       1.48009821966        336.393443264        3.09667447353         494.448227145        8.17461009535
  298       120.676561176      0.796645822218         178.06593621        1.28300356059         137.526598061        2.89336682599
  299       60.2514068926       1.00061072532        55.4506225418        1.52106532429         66.4159564638        4.31348728845
  300       21.7453340636      0.795726345006        26.7001124657        1.42206832117         92.3141365263         1.8897214399
  301       60.6684370806      0.847963808178          110.7042508        1.29308365344         60.1433639035         2.3792589945
  302       57.1520423814      0.812029632554        45.2067370041        1.33812707867        -22.6610517392        2.93393287211
  303       44.9776479522      0.768830232681        46.7596427506        1.24540637742          15.250615208        2.63260493155
  304         27.79909924      0.773658859135        55.2912476467        1.42267677664         83.6733539162        2.14057046946
  305       102.356391393      0.858832538727        210.809541946        1.36420378084         264.984138781        3.17458267614
  306       75.5472978738      0.930834119079        155.811589117        1.79316964638         161.095713004        4.63065363817
  307       39.4777985466      0.755410445955        46.2436491699        1.50500786005         148.762946782        4.63662910069
  308       69.3618330451      0.995609124912        149.529799757        1.76269487688         258.458817162        4.91977521966