# id F89 E89 F90 E90 F159 E159 F156 E156
   1      41.8422032412       2.45078359686         92.3487591356         5.13428874784      459.068192242      25.8294289535        -1.19740586324       0.412649159372
   2      117.570948819       2.00852739845          216.73521999         3.33948046477      546.375327234      11.9364929811        -1.65362991723       0.372719834609
   3      228.641152853       1.44575592206         395.173126634         2.48814361747      744.697037439      10.4118238839         10.1696431299       0.424422624889
   4      496.980210192       5.78746203494         1002.19011845         10.7499357805       2641.7171021      51.1207097103          21.286525725       0.719848746643
   5      124.503710471       1.05352236197         242.270746766          1.8854960574       563.41903706      13.4293883218         9.62505355973       0.507608174719
   6      75.1396418867      0.832936452878         142.866643645         1.46385498425      357.989715244      6.82800986354           18.00364439       0.380210107153
   7      35.7231595261      0.770799791711          52.990551762         1.36376773222      32.2052202378      4.78232406808         5.63415771773       0.389610217632
   8      69.1395116245      0.810332378712         185.424290308         1.56679087859       416.39057907      6.12907108778         11.4797526953       0.478885186307
   9      60.1390039017      0.684782315081          53.692925987         1.45630950139      136.386525443      6.28204725127          18.161881944       0.496505541169
  10      42.3789452052       0.67975581257         65.5999641533        0.934923518568      216.495592865       4.1580115201         16.3505211941       0.262838309104
  11      57.2619268434       0.76114682771         131.180014202         1.31325483833      402.655887365       7.8161960468         16.6868525995       0.385269155861
  12      17.3437508805      0.989523672176         28.0653588133         1.82607491752      94.7283955078      9.35443536056       -0.484591479629        0.44356217496
  13      22.7171240493      0.887403551246          36.278089228         1.47341251743      269.890505602      9.96067244537         16.8626833347       0.320920081689
  14      12.8175161113       1.17572542647         42.0279151485         1.60406030253        158.6088092      8.19745992374           4.167189708       0.461696654199
  15      28.4838629328      0.936628226317         55.7130102959         1.45363965826      275.934356438      8.59196965645         9.62325981848       0.303475255803
  16      62.9890588823      0.741672074895         115.668331296         1.23070740603      199.370062909      4.39226357094         4.30291338532       0.395561494597
  17      98.1338691598      0.881174436984         182.889910594         1.46620524723      336.450397248      6.78623218344        -6.36724151334       0.467448973418
  18      497.247298488       1.12222173271         634.480211721         1.62541469528      958.182824875      11.8845263042         36.4222931363        0.65457918582
  19      18.6110048668       1.05663830124         47.1673931767         1.44307980034      300.436333804      10.8527616435        -3.16735265925       0.323665891969
  20      11.3831592539       1.03678514761         34.9181698822         1.94886492754      265.328656204      14.0130553225        -6.69061865711       0.388314980867
  21      63.0247782317      0.992240138685         79.3837706065         1.23642549467      130.970289138      3.27033762214        0.402228483296       0.368807967019
  22      62.2344380668      0.745042363266         198.503745894         1.15131700374      499.481575623       7.1826277796         3.93748303271       0.443061785354
  23      49.3905845588      0.649815267252         125.839891798         1.20601349131      159.055059139      4.33562837691         4.28034396627       0.412813964873
  24      188.090872259       1.81005198414         228.412721328         2.73385351271      528.762822705      14.7122079992         20.9419390421       0.671350367942
  25      14.7473631139      0.575673464567         41.5185694972         1.09285926443      194.843428597      4.71835968997         2.08550581162       0.347680216485
  26      103.284803698       1.51869556428         193.078404945         2.61723638776      622.542846118      10.3499801492         10.3602767379       0.381042332769
  27      71.7836217192       1.00232207217         76.6548538681         1.67973684379      135.561109601       5.8809864761         20.2991292878       0.554030496592
  28      97.0462253748      0.819810412055         197.941356354         1.22814585485      523.909018262      9.48779917896         10.0090506594       0.398836705025
  29      39.2699862306      0.842536104952         43.8049359671         1.18957321444      15.9573529184      5.51415734985         5.09604814245       0.438350961826
  30      676.782394619       2.76266697652         926.545924828         3.99307284578      1845.06769811       25.633539025         60.3723338583       0.954027960212
  31      76.3968056342       1.19555864421         240.907680292         1.95887013341      1172.25215195      14.5103796371         9.94610975965       0.549997909655
  32      87.7540990393      0.856388222784         87.4610628966         1.45344014306        245.7206734      5.45375794362        -6.24817106412       0.472899530224
  33      82.2157530623      0.781973383013         98.4910592902         1.42327781336      195.099656788      4.24001606554         18.8339887078       0.555042956731
  34      685.678742825       7.33130339161         1204.94833051         11.4276043699      3160.34990592      53.0758161017         73.3434871608        1.85361485519
  35      130.728131254        1.8604331567         276.192478868         2.89192973752      594.394316584       22.153175081         13.8039211636       0.715379967823
  36      33.8122421102       0.80063976081         71.7685022095         1.35720762908      68.0856264862      3.74599223239         3.14653254749       0.351473462219
  37      147.207862709      0.825109000088         162.726772712         1.28995795069      195.216018042      5.12135732208         9.50756720122       0.473868857385
  38       23.190509965      0.796880537584          59.404944404         1.16593813487      28.9460346683      3.86511361338        -3.10353500298       0.406023676221
  39      17.2753399766      0.695066348204          35.789079136        0.835478478546      440.941610187       7.8915356026         9.34101818775       0.356992912914
  40      32.6645608292      0.775790832044         46.0315613141         1.13371528099       180.50519572      4.55967631412         2.86202278546       0.410139263513
  41      60.2801887286      0.991827972779         74.4734551887         1.18524433701      174.103675927      6.00946658928          1.5130914096       0.379821608857
  42      359.257458008       2.89249803127         545.221107686         4.36076663646      1285.54689669      23.2293812411         44.2751152346       0.789833064706
  43      504.778812181         2.644230228         1857.97085759          8.2840497066      5140.60251814      67.9536213607         26.4296219307       0.382468901596
  44      51.1559106384       0.94514136173         80.7063271461         1.34971627747      186.750050398      3.00410329729         6.10952336713       0.246983698497
  45      43.1888415447       1.22334771366         70.9147281961         1.88971629592      76.0822276184       4.6153800064         4.76651750146       0.378714351442
  46      179.610524068       1.13054370788          194.04525216         1.43447854708      357.746493039      3.59782740624         27.3713015024       0.620585394513
  47      76.6040834797       1.23092753506         143.618437885         1.97357831522      406.280487572      7.86412585138         3.10149549286       0.409821313012
  48      20.5229595259      0.763758771727         44.5333379524         1.33109247151      86.7116874423      3.94481067821        -4.72839577166       0.391455148738
  49      88.4110007466      0.865355606624         121.720303209          1.4840526622      216.626845494      5.16322928406         9.47160975226       0.428839335286
  50      203.339864319       1.19712497134         221.527584539         1.53828459745       440.91513455      5.99890886575         33.3108566496       0.727881763481
  51      20.1056643084      0.765322190141         37.6032757331         1.16164703901      150.508653821      6.69098849836        -7.12499463342       0.391291301528
  52      34.0000967739      0.785968588659         46.6800703947         1.30511563075      66.7415142717      7.43732332773         7.88137529644       0.426397563307
  53       305.84750722       1.80365458417         607.565730799         3.14811642621       1395.5914663      15.3962162328         36.6727075646       0.498403201872
  54       59.131543246      0.838054742419          106.68957272         1.36622268386      253.795895323      5.13928440436         12.4256223331       0.391657152995
  55      16.5523637429      0.516194495966         33.9243708823        0.902021728061      324.358635035      7.25032861089         12.1017860544       0.361289939601
  56      90.4531003944      0.755536349877         216.263429997         1.38000771877      657.428383343      6.31179364619        -5.55073805413       0.427919663086
  57      125.189536469       1.40177358982         200.882895345         1.85811273376      560.179229076      8.34782811332         18.7986425261       0.629110867247
  58      406.310388521       4.44008305353         605.637154431         6.55313119894      1449.19377178      31.7939915743         28.7818469287       0.954176274666
  59      2675.25761865       11.3884853206          4034.6308213         12.9980048499      6879.07284901      94.6780232708         168.059601939        3.63545202524
  60      2168.89382242       7.41572631655         3003.50724386         7.88571795751      4856.86069467      82.0586619149          170.11202146        3.25312553801
  61       26.601676619      0.760173976285         51.7753137939         1.28814602156       76.115782269      5.43041055675         10.4087471076       0.384709732019
  62      79.6531899072        1.1603638913         100.595481736         1.80318676893      271.692953681      8.45716783196         11.4250306298       0.414602760024
  63      49.7286497315       1.64486156215         78.0234181347          2.0567723709      172.225520604      8.11695706122         2.68827671733       0.464719781449
  64      41.8522587144      0.734437862595         58.2186002177         1.20805310379      32.3831292427      3.41465979498         6.95872142916       0.496530640052
  65       20.372851412      0.910483364898         36.3345803885         1.82921539228       219.18186728       8.2435536049         2.04372657654       0.453519148463
  66      39.0470193509      0.919076158187         109.253318415         1.47451023651      228.431843302      6.90491664292         1.51606925943       0.449781083315
  67      49.2432678316      0.825152796625         47.7648676675         1.27896381636      77.7411967949      4.71230905338         7.89608414153       0.457710076085
  68      68.9868213703      0.831415424425         91.7134350816         1.38493167344      149.423696816      4.65571240134         1.87245008109       0.419364300964
  69      27.7312177488      0.775703728409         69.7563609431         1.07155246233        145.0873724       3.4808193154       -0.861255482015       0.483309218046
  70      14.4443313458      0.807925781331         33.2718034831         1.39521091128      238.190377176      8.48611524179       -0.322102669114       0.326768444404
  71      34.7569008142      0.757820841979          62.701377073         1.30854841505      75.7199057841       4.2561842027         7.52099919454       0.513793008018
  72      14.6870219238      0.784123593575         37.8368833026          1.2921156166      195.436640377      11.8261629936         7.40335209439       0.384315543857
  73      76.0562690889      0.828154083116         121.639774994         1.30672104112      250.648922538      4.52093302744         1.66243041689        0.31487126619
  74      23.6420360377       0.84634653557         67.9603572501         1.24345720844      381.019584084       5.5996714674        -4.30750695008       0.350006814068
  75      67.5724184466      0.794652375535         92.4036008862          1.3998449874      63.5752157062      3.99702956333         15.3560746857       0.352451159321
  76      38.2447376397      0.878526556464         45.8168480393         1.31996629669      123.541281371       5.9162333209         7.85595678158       0.424473577686
  77      18.3421629596      0.584613135411         42.4853781252        0.988102382723      316.524696307      10.2263520939         9.33795328601       0.335802158215
  78      71.0552006923      0.835329824132         122.244584724         1.64346803595      360.055210799      5.79840672628        -1.54925300839       0.541491930395
  79      85.2524886746       1.06833019888         122.429557964         1.66167101967       193.91287061      5.68139407153         10.3729747631       0.404180585343
  80       16.946944764        1.0946828229         49.6298225297          1.8992298815      113.241164776      8.03220005419         6.14028645315       0.464835449642
  81      26.0607576235      0.799297734857         47.7690882111         1.15798510474     -12.4319582548      6.41881447163        -9.06637328519       0.389732565234
  82      8.19159740636      0.638422258291         46.2231181496         1.02574185496      295.342549093      6.30104190312          -2.390168772       0.320195740493
  83      74.4568534345      0.842497183679         119.914344639         1.28016420504      257.688220729      5.17896141246         3.00791877127       0.384062946962
  84      13.0881808922       0.62970725442         46.0121718538         1.49366242745       247.96911971      9.18514267516         7.20555501978       0.287499561991
  85      167.924506481       1.35383362507         320.264803177         2.14125599661      704.207434224      9.93296311396         10.3931089017       0.428972565179
  86      62.7138991322      0.832943281402         169.594661658         1.60759773642       360.93025597      9.20008179724         8.10824245416         0.4648220951
  87      74.5235312155      0.934477451108         88.0331911062         1.54889194515      226.838219362      4.93844688083         21.7241341502        0.44782337727
  88      43.9100732084      0.716550039282         76.7198696801         1.54231333235      137.294767906      4.98877797113         2.97656326774       0.426450861011
  89      53.1497798734      0.904793631769         92.3289725608         1.08290948243      127.542341482      3.89265984483         2.50148501036       0.402359683271
  90      300.994355706        3.0173125709         587.824782691         5.51495957732      1624.58926615      28.0235872809         12.8493111626       0.598772672763
  91      45.8238902335      0.846110382932         58.8249424082         1.17125305166      92.6077653669      4.59283961647         16.7384231115       0.387990013643
  92       27.118740042       1.73459796815         59.3889049761         3.53071165989      345.906133904      17.7418631334         4.80001491473       0.441407812672
  93      12.3515648388       6.02167080565         11.3579678343         11.7967733739      408.332365249      36.2144074687        -2.18212526021       0.577483111296
  94      249.649812609      0.927244193997         247.753319894         1.45619316621      441.387668179      5.07776053182         19.4863693421       0.724653436715
  95      13.1694782101      0.813369837927         36.4020583045         1.58786689514      188.070605921      6.53394924492        -1.48244454695       0.430701405402
  96      52.9505686524      0.727356820392         63.9185728306         1.16025750873       109.30576681      4.98806028469        -4.21790591558       0.368459330656
  97      46.2776473545       1.04312838059         57.4672383966          1.5093066751      144.926920044      6.17552808269        0.331305417889       0.518804998852
  98      136.065954313       1.50942350008         242.998436839         2.29341764182      616.760518228      8.90631444369         24.1167529698       0.469201479268
  99      277.219242835       2.09752073644         544.893303862         3.52655785553      1345.12651567      16.9000236408         16.6907116856       0.535578512949
 100      31.6204656208       1.01619821711         34.6088207163         1.53903870493      19.8390206279      8.83578865068         6.25441586065       0.409798888832
 101      23.4198805823      0.679881703856         33.2874315495         1.06809650096      131.198003424      6.01024757791        0.235310845436       0.298365076419
 102      49.4681457968      0.752158506752         34.8382933611         1.50950594534      86.0565699194      6.32396401875         14.2002053732       0.499837555649
 103      17.2859416694      0.762053008326         41.9172546782         1.28889332726      79.4243849128       4.6493408537         3.24527184766       0.351229239747
 104      16.9562973469      0.665168298575         30.5444840516         1.07418038328      226.959766357      6.75158698596        -2.79286153707       0.351466543401
 105      28.7343159585      0.879214419126         41.4492154225         1.56886291044     -8.12535891589      5.74388122511         7.36497396582       0.316478409911
 106      25.0828217658      0.665234439975         74.9295865487         1.29511906444      32.9825756599      4.70056724831        -4.26948854479       0.289188773144
 107      41.4968081314      0.801109268861         108.338399704         1.41213113879      293.884780995       5.5946693146        0.735596029268       0.411902846373
 108      93.9808063856      0.860359103277         142.250349172         1.36706160921      280.402224056      5.28050502602         18.1686589252       0.375462846129
 109      10.9716494724      0.733719609017         42.8782721953         1.39882490403      92.5914939961      8.22716567757        -6.26174928873       0.434426761069
 110      27.3759836076      0.799078573012         79.2961165215         1.32672884924      216.250146488      5.56667322855        -2.23978656128       0.455915153426
 111      37.9141274964       0.79235020723         45.4865812554         1.34947645968      130.185891989       5.8838526155        -5.76975423718       0.412192972436
 112      15.2337702965      0.640750171807         36.8230534784        0.957075302575      170.863358741      8.35104969037         5.87856941972       0.206465558628
 113      11.3800348267      0.792377703731         27.7994463344         1.25303624983      64.9705467196      4.42755245661         4.07168415263       0.497478442742
 114      161.505201508       1.67813247844         632.560217128         4.65540749042      2215.71142227      35.6329092035         5.76829823082       0.404841912908
 115      88.7272696135      0.900206042787         123.853199033         1.56031135726      113.346296276      5.22821357007         16.3980365812       0.386072082587
 116      54.1171366894      0.950505354776         127.794881703         1.61040472133      227.208526158      5.93950070268         3.53243358305       0.478169887132
 117      27.3157775164       1.01015907343         73.5425638986         1.79295730828      122.022796306      4.62706085904         0.11497179946       0.514279398668
 118       26.531817521      0.866264812092         155.135866388         1.61751479357      616.829350204      5.23492745003         4.40343959957       0.354422181157
 119      12.7491411323      0.867493355316         30.3033837397         1.29035516649      124.948147524      6.39542891372        -4.55016918755       0.347411763968
 120      19.1694654659       0.90418570399         35.4316655827         1.72808477388      136.208514279      9.06764030027        -2.86107119273       0.448460208955
 121      58.9445246793      0.892435914198         90.1673974836         1.52093213296      211.276117417      5.42328901345         10.9423467683       0.428087363999
 122      26.2660824577       1.02002953583         65.9816130586          1.8779978571      20.0398481329      7.15401663461        -8.81761770686       0.521713235617
 123      27.9345474793      0.905449456203          51.515185931         1.22544627384      48.5882687444      4.57904387774        -4.69217611619       0.445950192134
 124      421.259224814        1.5662356451         653.066874363         2.90436691058      1269.95372044      14.2592077336         33.6134969861       0.672719074045
 125      18.1608586707       1.01591962579         42.6723308695         1.81485925152     -6.25250217557      5.61920958119         9.18803459399       0.403650553086
 126      11.1802551427       1.08849719697         40.6921079443         1.90297104017      239.869214864      5.43034131763        -0.21612673336       0.445813221835
 127      49.1519443574       0.82555924364         73.5960176296         1.33208940487      189.864585805      4.30779709783         19.1010350185       0.431457434695
 128      3120.14921444       6.74824459986         8331.26282805         15.4451078565      19209.9119844      194.536839349          41.037617471       0.893383936474
 129      772.230659793         5.819936512         1528.29354331         10.7977236344      3790.45737321      64.7646174455         31.2068147157       0.884950148375
 130       52.908670477      0.823550673303         94.0825492859         1.20143795529      243.491594628      3.89927957223         3.90681255931       0.517832244075
 131      203.117955647       1.39424609463         749.025459719         4.03261207098      2297.83698702       28.046240446         1.16415691744       0.421187992022
 132      1054.16398162       6.90673937113         2220.92996641         12.8547049335      5574.99957256      81.6391579383         40.5902187495       0.970619923703
 133      42.7404705924      0.739205908914         99.1561036139         1.24227973674      236.595878542      4.34061811648        -1.96760624054       0.427820025036
 134      79.8154380182      0.902914806337         162.243170462         1.60424298317      381.895680202      5.39524123287         1.60650922468       0.417128516618
 135      2374.44101134       8.64439444911         5406.02947106         17.1445296135      12326.3763212      143.594100792         75.6838920446        1.55821721238
 136       1369.8370427       17.7422702681         3019.46789848         38.0803178322      14035.6762065      215.687312776         81.0279603971         2.2044834086
 137      120.785524491       1.08358184648         118.759762255         1.90409750888     -3.80247220088      11.6238086948         6.05303964819       0.507633902132
 138      5.15340998532      0.876798734173         24.0417071402          1.4535244604     -25.0556038535      5.49494716309        -5.01120791351       0.494583016605
 139      36.9066165852      0.796124749437         78.8665171265         1.42097168209      81.0544619998      4.16668633226       -0.787180440398       0.416613556706
 140      123.050953928       1.14622178453         145.672438534          1.5371966824      221.535715114      4.29591261183         10.3074305937       0.529072186803
 141      419.917428158       3.47448622187         879.218746225         6.37111825062      2142.87979246      28.4769174721          17.737986822       0.747258408947
 142      204.681968299       2.09335215535         637.190449604         5.69243825028      1936.29417127      30.8720650748         9.02763912719       0.509897029672
 143      359.845131224       1.50101184345         739.327221045         2.45595208487      1616.48897285      13.5938559532         10.6021381884       0.571600029724
 144      796.377490512       21.3931879206         1726.50246575         47.1382259776      11381.4186038      198.547900005         87.2462643502        2.45612150436
 145      4028.11493957       49.1354357088          8640.8260446          102.27464999      26362.0383037      518.879741128         198.924266424        4.69682420625
 146      32.3103493782      0.717007201162         58.3631083983         1.05253129794      131.992475404      5.43284904401       -0.017398985063       0.360863848854
 147      127.103071741      0.833421499406          445.92960607         1.74354780749      1247.07095707      10.9209938252        -6.82334788285       0.409127435881
 148      46.0874071239      0.848849222261         59.7013908315         1.54007498101     -60.5675224013      6.81376335727         15.7273768848       0.475638907151
 149      185.670333995       3.83759243737         344.163347815         6.01037892759      878.558709022      26.4035127745         18.1438210386       0.810865804809
 150      49.8880164991      0.815524621367          90.024948443         1.10434981186      138.088860841      4.67787017539         3.22988520943       0.354795342837
 151      64.1506988789      0.794679576715         78.5705979301         1.13884622489      86.1141825646      4.39622288446         10.9291125767       0.471101230012
 152      2647.57079701       5.20566113784         4922.84665428         8.40391843792      9124.14345941      87.5083504283         97.6082841328         1.3167065348
 153      16.7777130606      0.864590698739         43.7970142797         1.25497868385     -37.5662489191      3.96659715227        0.649961609706       0.478551116248
 154      171.863068051       1.25628080174         330.772096428         2.24822089406      829.884532895      13.1886310344         6.29617305805       0.520606430318
 155      572.275832866       1.45435973429         1890.92920661         3.88527392724      7461.17978921      73.8133281131          14.817168246       0.393756317395
 156      146.724838781       3.87559490113         250.326824679         6.71044871403      1212.83412876      43.4650606711         25.7394956442        1.34624214984
 157      73.6212559636      0.956708530005          103.51120403          1.5031898904      242.955945384      7.16041248959         9.90099713702       0.497017028774
 158      67.7452928694       1.47891355941         325.293638827         7.35702620285      1772.76673119      70.2187593482         5.02908824172       0.343930497216
 159      108.914241936       1.53408371516          649.41044044         7.27195378289      3987.66910302      78.2471998042        0.115887222229       0.485472689235
 160      107.042409067       1.14564274233         239.015967853         1.97691163046      505.029567432      5.80158491981         20.8994873754       0.484754676516
 161      288.481197337       3.15330286117         531.648741892         5.66210536517      1382.13660994      26.4398280487         18.0591675318       0.546725589193
 162      49.6673124486      0.713280982575         112.479305141        0.857284240043      265.349803629       3.0830367814          12.432556802       0.345123324715
 163      31.9033351737      0.990559559946         57.7917316009         1.46737099166      164.238928832      8.06209508376         3.67795785115       0.509364571401
 164      166.535424251       1.21030506898          218.58292851          1.6905309715      417.242626135      4.67995152735         17.4067305129       0.588118982636
 165      299.009204206      0.989727495688         334.840516476         1.39810033008      552.288786345      4.58131607235          38.402255794       0.821399143232
 166      26.2869134729       0.70829444343         61.4084253431         1.23473438007      92.2859888011      3.39160543679         8.72063462134       0.455042290049
 167      22.3910298236      0.917369898902         77.9107983885          1.4501546996      215.889062001      7.56901610762        0.908385018859       0.445472408184
 168      99.8747591662       1.86253775378         183.529725763         3.14200071876      433.915366824      13.4383588894         11.9837306158       0.510329066964
 169      40.5430618875      0.711098199419         63.5287912203          1.2325880721      65.0655832871       4.0677539224          1.6012431593       0.531402463258
 170      50.0315181421      0.738601816483         203.407169427         1.19790391282      690.878204048      7.44638847632         6.30729957786       0.457058581265
 171      123.649277436       1.32363319165         195.700294007         2.07812445144      496.933869644       9.0965344795         11.5235771226       0.554809136321
 172      426.012018556       3.08002058513         1885.07000658         11.2022406007      6208.16390006      89.3167092632        -1.40801736954       0.446262384652
 173       103.11893296      0.841618512852         257.257566804          1.3054366487      667.020090035      5.92167032394         15.2821426581       0.407777607171
 174      263.516725934        2.9607538025         514.858994685         5.77078626036      1399.53353573      29.2866811908         3.45360261306       0.578589815255
 175      87.5385323173      0.906100176647         167.026801902         1.40163017713      330.527596343      4.67640229377        -2.24206849821       0.499070635065
 176      55.3226424503       0.88520102063         83.5882073864         1.15225512123      22.0791147719      5.14954394494        -10.3059743021       0.405276486385
 177       111.63442362      0.846335240531         127.191634017         1.36998071724      108.546121059      3.23829606258         17.4430632191        0.47222967337
 178      76.3066152386       1.21347593884         111.399623194         2.47066777682      321.298764898      12.6029254527         3.10442904819       0.422332017001
 179      133.676843668       0.98108243116         194.102479312         1.28607508477      224.748465895      4.79204861007         9.15045925173       0.410533178529
 180      29.3587684656       1.26780726133         53.5846597135         1.63645359229      74.8571298148      6.02535731762       -0.768365755185       0.500793520901
 181      15.3033852386      0.793327207204         62.4216678268          1.2897498736      325.490335892      7.75701284239       0.0980826251009       0.364055197727
 182      674.711596348       4.09098117093         1396.62536476         7.76167617251      3279.78898534      50.6339630384         22.4501760743       0.575484696111
 183      151.135459583       1.99536237314         276.753375789         3.71929992906      764.957319143      16.7624516875         11.7739282266       0.542824454405
 184      23.6498743866       1.48567913705         78.0026594047         2.89686998459      211.115468115      15.0494033313        -6.81038293511       0.457584345686
 185       40.001434531      0.838347268175          53.668103054         1.25982105434      80.0344116288      4.69708174794         1.75181831969       0.638700797976
 186      48.2279732163       1.29828246095         56.3248752146         2.58374574047      105.929868494      14.9607946619         2.35504352752        0.39080401585
 187      179.882418154       1.34793479678         414.448226937         2.33430245296      809.075520467      12.6677199111         17.8074279276       0.592945270693
 188      36.5154289978       1.07877095992         77.9273451123         2.21220215844      553.079136231      14.9387167122         17.6588704397       0.408090999361
 189      52.5730873083       1.36264665613         100.245014124         2.16285352949      255.130689934      5.52679470378         7.17837576472       0.501286454691
 190      59.4136684576       1.12085883074         76.5579584447         1.70950021057      143.212398713      6.13662833775         3.81901861662       0.558312221575
 191      44.8343732079      0.750876572735         71.5342752555         1.32238856562      223.072245583      6.12864484045        -1.77546359782       0.485321273708
 192       226.96196997       1.04914017716          445.52139077         2.09663112747      910.207825573      11.0501394486         28.9594433747       0.641377716057
 193        102.2207725        1.0583117358         219.028209015         2.08918788553      550.626335889       6.1436122049         11.6728452884       0.539893360899
 194      37.2326124333       1.17853653167         39.5390549951         1.95558655098      140.978530542      10.4286940489       -0.415617435597       0.499632692134
 195      33.7040666491       1.39015717854         58.1125794218         2.94578220778      350.923863315      13.3458212481        -8.82400116544        0.44009021067
 196      33.1516233421       1.25769814462          71.337957902         2.41666479293      394.794477253      14.7959134751        -8.01808276907       0.360719136477
 197      29.2574839868       1.52614805451         67.5475933774         2.98011885576      239.730799982      16.7405681589         6.57349315187       0.477327751794
 198      29.7376884085       1.36656619438         60.9477696732         2.73884697413      244.326891727      13.5328377414        -3.71312981657       0.539247542878
 199      23.9255209517        1.2709069635         56.9107018201          2.5956970016      215.819145126      14.0534261598         4.31558304097       0.529954673123
 200      17.2335328353       1.37758777309         50.8293226062         2.41465732113      186.901807523      13.1009776142        0.128264118169       0.445683747628
 201       18.356332208       1.02295233478         43.8732529988         2.02803816933       156.98055743      11.5022759769         3.55513739908       0.431314127764
 202      39.0698662109       1.24110465422         74.9995042895         2.42303677998      524.076726671      16.2272089383         1.58198180752       0.402198440431
 203      41.6325064712      0.833771151938          148.65076914         1.23032033291      425.639261101       3.9423723331        -9.85788693482       0.583044154685
 204      29.1470281673       1.03069041855          59.934743361         2.20169808309      263.260082861      11.3608328389        0.975473941648       0.440249410683
 205      15.5491853798       1.41155256194          43.545413591         2.85246416661      255.261636912      15.4639817983         5.16596410933       0.460334341819
 206      30.5478972853       1.31425704451         68.0692471632         2.37476819193      344.121947215      14.5741136295         10.6644300803       0.416323160961
 207      60.5403759099       1.54463576824         124.867139467         2.24424596183       366.42485721      7.75002689682         16.0290182154       0.692429824584
 208        310.0062017       0.97845184888         631.404582501         2.01329326634      1177.50931023       12.137545363         22.7390306636       0.776362491841
 209      25.6372403236       1.05802732605         58.9114544922         2.22390166935      296.450642525      13.4705500913         5.32792648185       0.314396978659
 210      26.5299707805      0.734352954066         64.0140191794         1.24740581375      100.463530782      4.01978269971        -3.77713355152       0.540314309633
 211      13.7746999707       1.29393882217         49.7687940557         2.48742888933      152.042263552      12.2767917388         8.75247279061       0.486767216823
 212      19.7868228399       1.41835744802         68.0768733192         2.47853145372      257.081813809      14.1300832801          6.3161779319       0.444409575793
 213      15.4068449313       1.00440109153         40.1909943877         1.91441369005      112.150485242      11.1832538946        -1.64544673103       0.473322117838
 214      124.976200394       1.39915098408         283.770519576         3.04040124098      738.103623848      13.5262263462         18.0525047627       0.594038157081
 215      99.7877202728      0.833794435083         180.761893485         1.24019667687      182.614335303      6.46594607585         13.1135058185       0.503836742006
 216      15.4898195139       1.22138751333         50.6065687179         2.31581019434      125.821401803      11.7208649991        -5.50936555768       0.457827221629
 217      21.1102050467      0.691551175683          49.843036916         1.29728488318      298.376677667      8.46036297622         1.82842593643       0.382068352732
 218      12.6932621552       1.31567570665         57.2834607444         2.29033125076       206.45771813       11.854242585         3.72811536767       0.439708943981
 219      38.8345690985      0.973878397032          64.536243684         1.88231202908      101.793199419      8.29530800631         9.76328334565       0.641899827601
 220      39.2161459762      0.856990791025         51.4047329438         1.18606539288      116.248390615      4.16620506356         18.7278741327       0.544113291932
 221       30.470737669      0.957000739787         74.5667289493         1.64444265975      636.921781067      12.4761407827         9.52524314613       0.297637802263
 222      124.558719353      0.951837802713         163.346394479         1.25265351829      359.074072445      5.78529662028        0.784555052229       0.476871621173
 223       46.195818622       1.29905948278         65.7490283532         1.89899131925      161.209547908      5.02355536814          4.5251299052       0.487992608793
 224      26.6108412544      0.798888226784         38.8738989772         1.54613735345      51.4192367277      5.41590214364        -1.69283480137       0.429873551335
 225      30.0296443593        1.1351940292         46.5961451741         2.37818010531       236.17237067       12.539390228        -1.62462962728       0.464526476115
 226      65.6819285262      0.872573834921         63.1452022743           1.127012702      153.958240916      4.36821016366         5.66791082922       0.464814610391
 227      238.716503401       2.17389510558         486.619638746         3.85180877648      1359.66212264      21.1171414668         15.1819045042       0.580535987434
 228      19.3317470455      0.905528490193         49.3404832517         1.59086281085      252.937580731       11.137191165          11.791322172       0.439247329767
 229      671.647324914       1.46070746062         1054.33308321          2.0207882289      1845.78061317      14.0443585317         28.0826253729       0.707284933849
 230        30.68019647       1.02800485619         79.9364666572         1.80794921608        293.8234284      12.7518753953         11.8368566848        0.35471047282
 231      22.5456689377       1.02170858496         57.7178155087         1.95758842685      357.477885248      11.5337915243        0.485323597263       0.324089739044
 232      85.5913234071      0.986168708813         268.142489044         1.74669844272      1187.79307362      15.5678043963        -0.36652162073       0.414234747754
 233      18.8060271441       1.01560681681         48.7644728927         1.86466756388      158.524235687       11.090167165         1.52409912596       0.479029376703
 234      42.0494233556       0.88430759164         72.9729763037         1.66774972096      136.842247773      7.14521936056         5.98531102373       0.468502388918
 235      25.2936962116      0.997674616781         59.2247617207         1.75712983778      521.525138686      14.5337371743         3.05915131755       0.352236793571
 236      52.0368820213      0.781494863114         54.9976343066         1.27264055423       95.500886906      4.43110740097       -0.438972610521       0.462012238422
 237      54.3626032627      0.802827137563         67.8286912087         1.21707584117       90.016940742       3.8848227747         5.18877964298       0.407691199529
 238      41.9390900759       1.14039345574         53.4182994945         2.00580714307      170.945683104      9.05348936191         8.55635077743       0.440274827189
 239      115.937928544      0.887571433615          178.04398383         1.36767939629      210.502797728      3.80978757484         3.85390559874       0.420500753104
 240      21.7037418049      0.958625468066         52.1555476636         1.86760994961      391.198644205      12.7908580688         12.1783513956       0.466280526365
 241      39.7456238072      0.859575882003         44.8909089232         1.16829219763      23.8551427341      6.03596372475      -0.0657157287298       0.415630698175
 242      25.3494033587      0.969051418924         42.7532673726         1.35790777185      130.695947508      7.09217276135        -5.65226860061       0.406013140356
 243      18.4957684425       1.26719126819         58.0580758895         2.38068899245       315.70519066      15.3379344891         1.46973006625       0.350918039917
 244      115.902745516        1.0983893601         219.355645742         1.54726783619      473.314695151      7.65855168791         12.1860855826       0.449504247802
 245      12.1374053835      0.564735345333         38.8988824734         1.14331658773      331.396057378      7.53053880282       -0.685655279599       0.388575776865
 246      22.5029298335      0.926162584075         57.2089845779         1.68954582165      242.983033088      10.7126648346         11.0454044833       0.452068935276
 247      898.381677252       5.62166639505         1891.98709087         10.4292222041       4746.5359497      67.4899696932          44.455048533        0.75390779462
 248      76.4627776468      0.747226253996         91.9135874034          1.1903063649      81.6960708394      5.32280136864         11.9511634247       0.555215027562
 249      3271.57079443       7.25408264564         4756.74427306         8.83266095762      8145.77352082      81.1537218593         232.207551518        3.76183761836
 250      15.8740047323       0.82745977351         42.9861429774          1.3896332025       204.92814348      9.66647373723         16.8307096479       0.514005039572
 251      35.3300945661      0.796391286331         34.5263114413         1.21804798422      190.269789715      4.99102258707         7.29544761386       0.411055480715
 252      80.0895417489       0.76989660347         88.4615191481         1.15084217979      133.728360551      4.49046226414          14.070768031       0.492593472054
 253      62.9213749209      0.859097314586         80.8198212956         1.48762188536      191.601220573      7.12105116891        0.106516733626       0.505256095756
 254       36.153072595      0.799438725221          72.962993619         1.57152120768      354.241115896      6.15855518882         2.03202303935       0.556820514608
 255      23.5457552629      0.786719254499         57.4226591335         1.39418667269       272.74796807      6.96472087766         3.78871450197       0.434366684978
 256      127.559096306      0.996282002137         196.143609032         1.40063246458      370.168325182      8.44585354039         21.3103396814       0.599517170512
 257      27.2558030172      0.771775640086         62.2068620482         1.27371057132      251.341214455      4.06420437691         5.42697636324       0.402628195531
 258      39.9289158997       1.18370359394         71.8171665177         1.77268904022      157.653441806      6.85141819851         4.29867715761       0.456702642976
 259      26.5170963579      0.774009285547         64.0816831101         1.33890295026      101.850053866      3.39196993518        -6.81796216563       0.505107508005
 260      12.5517806777      0.766226810802         45.0076756355         1.22596521737      109.360294073      4.32027318338         12.0133202286       0.497782753948
 261      40.5894657225      0.754909880599         53.9050895818         1.44194722331      128.271827942         6.00567633         1.20725691376       0.482590543856
 262      40.0178241247      0.733175631166         80.0191553501         1.24426295224      163.954719648      4.56333251438       -0.147036923654       0.463420542042
 263        19.81865227      0.770514031757         38.2046533147          1.3316558544      87.2694377214      4.24061018165        -9.63235625994        0.40990231456
 264       60.864886993      0.720689047059         99.5237940125         1.42825254127      135.465989131      5.34199552696        -3.43118801635       0.501981644175
 265      8.35708204291       1.12249812933         36.0488293429         1.60446915491      96.6506525191      11.1078308342         11.3088801641        0.43180431009
 266      15.8397698835       1.03996956732         56.9438853495         1.45003650965      151.113571155      8.95224047923        -1.15165397578       0.274145014572
 267      33.3687245079      0.800776316272         51.1835791849         1.27596376065      70.2549390029      3.45608870426        0.401711209875       0.352659491124
 268      169.451967706       1.49050187344         214.850511414         2.11635768321      631.047814808      12.3486209698         18.7854623924       0.677882012516
 269      34.2151624316      0.642626712089         77.9160094685         1.16768685831       100.82924485      2.88715611183          -5.377645946       0.462932107916
 270      129.807004792      0.867237760328         143.446587173          1.4260877148       329.42511554      6.06970277804         11.9058679332       0.524917887288
 271      63.5027777048      0.789426688627         68.3385093278         1.20073520544      51.5204484329      3.51531205235         16.6062073519       0.561348524507
 272      106.308577895       1.02541751072          115.09365183          1.2167184288      324.702029106      5.37437929646         11.4653094005        0.43879370497
 273      42.2625475873      0.853973818732         52.5921386638         1.45687480471      120.444144253      4.40763409433         4.08074574238       0.362703127759
 274      120.942318205       1.43210905677         143.900096099         1.83442168001       362.54465122      8.95380487756         9.37795485523       0.731646802047
 275      36.1364189311      0.969901133077         66.5078362827         1.21581883315      160.008038567      5.63537771877          3.8412132936       0.516504343209
 276      27.0332419144       1.28044157486         51.6801677155         1.76112885725      127.261400224      11.8155241574        -2.72349484564       0.367446933057