# id F89 E89 F90 E90 F159 E159 F156 E156
    1      152.755635765     3.30218753224          252.28646775       5.90400916079       402.316536335       16.4245509045       35.7631103394       1.62988391926
    2      -9.2166788634               0.0        -16.6157578811                 0.0       -38.507380801                 0.0      -3.34084502605                 0.0
    3      594.970622781     4.42508119885         1092.02577701       7.85045556913       629.577232063        16.576447387       101.890647635       1.77219758974
    4      108.256729316     2.18859494633         312.695623094       6.27218837563       371.575815921       12.8170722475       46.5370028204      0.930903930449
    5      10033.4293145     84.1151234639         13121.8417834       116.723438782       7026.02418725       201.884697836       3127.35003111       53.6546471295
    6      463.796974997       14.95801805         529.994496852       17.8895512566         612.3130163       24.2952898056       232.950361495       9.25145956025
    7      324.095542589     1.86581015793         658.705937599       3.19152449672       282.793981938       6.95785978184       29.0404254833      0.909402908177
    8      43.5692588403     1.05271216092         122.487904485       1.91238726913       272.946960671       7.94528544896       5.41597353506      0.949066770427
    9      23.5892745298    0.846088922315         36.5029517138       1.65818957414       219.108161126       7.74850065641     0.0839880206808       1.13710516465
   10      689.169449034     9.44446455549         1430.42303766       19.0000972664       1334.32405154       33.1327987196        106.44897686       2.00770294865
   11      57.2549245391     1.22835919569         100.688374333       1.84611516271        39.998104257       2.59713293309       33.3608980801      0.962479192976
   12      25.9414057326    0.576080651102         94.3867604165       1.15610306771       1673.85747104       13.3711402158      -2.21456287406      0.674900927655
   13      142.665433801     1.13505335752         440.395534839       2.21429046569       157.566677332       7.05776940589       22.4723911193      0.925656228651
   14      332.535885181     4.11350223894         691.031541043       5.63422284021       412.987217773       14.5392710994       22.9899643086       2.43830725349
   15      59.4726668197     0.96760674065         86.9024918606        1.3589994772      -40.2879308286       3.00443310933       18.7552966826       0.86210079835
   16      109.302368641     1.16287687042         342.234485648       2.10010469497       330.194066127       11.4648140699      -6.88523232866       1.01980919757
   17      77.8182007593     2.24545534561         146.035072764       4.51280855161       842.596099655       23.0253807762       33.7151372978      0.822957233451
   18      38.8551381167     1.11969512403         61.1465351282       2.22607048321       162.365120774       9.93740281592      -5.68299976171      0.773464744994
   19      16.7006775434     1.19180456081         51.0663346035       1.79671399264       323.761249403       12.7160436273       8.96855238685      0.766796669031
   20      135.799418436    0.972743323118         241.472197147       1.78776765588       188.608146635       4.09632698452       6.92281005402       0.87077006758
   21      12.8740916484     1.00532556534         46.3522887555       1.85594872269       212.838045309       9.04525621066      -21.4623034193      0.580376137352
   22      81.9874375164    0.833374193018          394.14287186       1.59486617528       298.434394884       8.40432817933        -12.13399019        1.0058572843
   23      56.8861377507     1.27253267507          82.851105372        1.9767158675       52.2790678037       12.2958451593        17.366015075      0.774298831837
   24      16.8442697308    0.984801030237         41.0745198767       1.76681383461       292.585285999       8.63791171674       9.73667337776       0.76364375238
   25      5.68277946809    0.956619104298         43.3701558995       1.61802958084       242.334909639       8.68735320883       16.0738857794      0.720433762808
   26      14.1913429469     1.22562810545         43.2724368144       2.32331101013       72.5495355907       10.8091656057      -1.70861927335      0.768057562806
   27      46.6444074202     1.44525057058         76.0772489568       2.65869090438       398.816440887       13.2714227476       4.97666015539      0.787036212771
   28      43.2474161372     1.29121785538         82.6722529982       2.82919522733         445.5744648       13.5628164809       21.8167134826      0.906879617813
   29      20.7330292975    0.981017277817         24.1564207796       1.49402547872       123.832560509       5.31722737716       2.73626134305       1.07049817664
   30      23.6871416316    0.830229661529         29.5070977365       1.37069882859       87.6825661201       5.66124231342       1.31155049309      0.900552639974
   31      39.1229675172    0.800182919895         72.1198849936       1.58150334024      -50.2443325429       4.06848310507       17.5004928868       0.67929607109
   32      261.822662953     1.07991863251         446.018761823       1.49629822173       97.2812697966       4.78393606358       82.1777772414       1.79663123458
   33      13.2876265242    0.709357676291         34.3165137435       1.15113241408       292.302589344       8.60596150929      -14.1072487861        0.6572066954
   34      17.3712978093    0.860416361471         36.4315634506       1.61584755892       381.018409934       12.3587814663       29.4144326284      0.798806513036
   35      96.9845687041    0.614956614201         170.302314369       1.05088925006       202.394416889       5.18457029427       51.0990469382      0.873074066934
   36      35.4592164684    0.742958188053         45.7279900846      0.963432404195       268.025280007       6.37098424307       4.57721644447       0.96117979093
   37      15.0817556432     0.88534505779         38.4355811675       1.67992477911       369.630827436       9.97416099699      -3.34281687887      0.755254659371
   38      65.2697327519    0.921162500615         80.0667338259        1.5963900087      -22.1229945492       3.50307672246       24.5940218874       1.03246273313
   39      14.5350229663     1.03588255699         40.9048804403       1.41754449115       93.1594943892       5.62317708251      -14.6871068333      0.917140555601
   40      63.8469535322    0.755240512719         66.6621181124        1.3059502937         43.36357827       2.43424309486       35.4250067277       1.09497493599
   41      167.128761975     1.00798362486         197.298466892       1.53913757461       108.845048358       3.26380043579       38.6335177093       1.29796809858
   42      12.6578878935     1.08050380566         39.7117865966       2.12403447913       202.255744962       10.8369097001       12.5991791711       0.67816004965
   43      29.4440244029     0.93574625502         44.5735044411       1.42146617821       656.100041155       12.8615045391      -10.8073146318      0.770998588732
   44      150.498184319     1.59513177196         210.318339795        2.6175962057       1444.43458618       21.6683671326       156.357154215       1.14031096937
   45      51.1193672768     1.66689037352         165.613067945       4.45267413252       422.854474441       24.0982961435       20.7247539085      0.981017014734
   46      60.0929043782    0.797460689214         80.3091997156        1.2011420409      -74.9618455448       3.00952007058       29.6850169319       1.00587104192
   47      47.2423373664    0.906441737554         98.5443646938       1.56127979044      -41.6430694409       3.14891640894      -15.4085968403       1.00954040832
   48      67.0983787258     1.00203695014         71.6639261964       1.53643313117     -0.561865899536       3.05075353087       27.7141081065       1.30525619978
   49      102.424837089    0.990942122334         107.471134063       1.11584426433      -16.0340883464       3.68483524048       28.4515572163       1.34749605845
   50      108.501933589     1.17451884553         135.813658767       1.55513379971      -33.8268695406       2.99271877576       51.0313900755       1.12900842409
   51      232.636388796     3.27903112996         356.550974211       5.24796675961       258.202727525       8.66012721067       55.6658289427       1.74425040234
   52      114.705382505     2.71729825248         227.345699658        4.1109607234       80.3649247489       7.95904234693       35.0709321636       1.49945072343
   53      151.771819451     1.71252340444         201.998789552       2.77319297885       84.6288944831       7.23769381949       49.5516459768       1.33023143933
   54      20.8705162224    0.793349644917         80.7891228435       1.17347830753      -12.9425807597       2.72468756134       35.9048744602      0.719790665765
   55      111.287871425     1.24223242402         134.125557939       1.76247420578      -13.9545184447       4.39683529355       72.5163395873       1.26311988494
   56      41.8629739005    0.912535644619         44.0380025705       1.11720549834      -13.5614917104       5.83104679828       35.7711703478       0.73547871862
   57      58.3619546308    0.954319557016         109.690783587       1.62894740981      -58.2398026995       3.29627078406       4.16926122474      0.937881967871
   58      35.7013083074    0.866540037262         37.5104883806       1.36055758306        58.012937999       3.22830304431       35.9502515387      0.793593949612
   59      3.23640620719    0.946679303548         27.9156441017       1.53973882113       371.997676288       8.83004501716      -4.10259531836      0.857557669839
   60      134.044055868     1.06955594453         141.091016686       1.80433825871       8.57689997578       3.63086571433       61.8383804411       1.34505906207
   61      102.485952158     2.11856490028         193.241995745       3.50329279225       156.268673405       7.17377592157       20.8940742257      0.950058977341
   62      182.806295459     2.77388707937         343.122340603       5.37387669199       162.093043825       7.99653275665       25.6627580254       1.58065293494
   63      38.8873890005     1.11042989781          66.393942126        1.8108993215      -37.9951514289       4.12666558788        31.657644809       1.01895332253
   64       298.52535677     1.85553654921         589.205836759       3.44770247501       284.779407291       6.19431291029       33.1520732998       1.13446200075
   65      23.2119050218     1.29280635941         81.5214854344       2.28236275884       30.0117060296       5.14483569076       2.78985591383      0.891345631736
   66      21.5448298736    0.898829590516          64.548500587        1.8106046156      -76.9102055864       5.11118169554       15.4117423143      0.815857516123
   67      60.6510781282    0.771980501102         71.4450651021       1.39084521754      -86.5818511236       4.00056566127       27.3864007871      0.918323821181
   68      93.3321365391     1.27326607865         196.978231785       2.43018871466       192.498766746       14.8951292865       20.7987826351      0.830180694538
   69      178.689935126     8.54916441134          360.35430864       18.2163198518       850.976519766       51.4887950458       16.6228922404        2.5072758879
   70      57.0712830445     1.49118830274         111.538041499       2.82019365526       46.1148230257       9.12488675478       25.5772525075      0.984023151217
   71      24.1687317659    0.724566658299         63.7158294864       1.24351809518       136.818864848       6.19356365787      -1.90138010893      0.895316997583
   72      11.2495255192    0.940063460674         44.1163677095        1.8701557718       111.016051087       7.73071354144       15.7398607315       0.81580745935
   73      4.47618535658    0.991270150781         23.6821721302       1.98271742685       59.5621236916       8.24275307042      -15.8214304774      0.895081238861
   74      11.5388395855    0.796561544586         38.1487710066       1.26871376243       75.9422960378       11.1887274241       5.87784235049      0.684338214936
   75      31.5255439908    0.839174209654         46.6761941751       1.46510740179       18.2761295539       3.88996009353     -0.798069798684      0.853647922404
   76      97.2634288453     1.00431258963         255.605069691       1.84035859439       151.919215992       5.33799712618       15.7846659334       1.13064548293
   77      74.7814908266     1.66898886356         129.402483884       2.75334611758       155.827928234       6.42144381536       59.8764947132       1.36799293732
   78      90.8065978786    0.811735622435         79.6625104721       1.23261026929      -107.097844465       2.92068023675        45.604150969       0.93734037912
   79      19.6504701489    0.838054258808         41.6683189577       1.42870375648       578.597474906       12.6966664793       16.9420339891      0.643971924205
   80      57.1814384932     1.02741086475         116.078639205       1.41398707982      -2.91043838756       2.92023238655      -3.33774430685       1.15374164275
   81      32.9520981891    0.700594044845         71.5435719186       1.42094939293       12.3632382031       2.76554004853       13.3185188085      0.863413710115
   82      22.9107233652    0.957010515254         37.5481752818       1.67883334715       500.216792157       14.0782979568       16.3157860679      0.685050505061
   83      12.2899343541     1.07815699619         58.6973344929       2.03855327778       124.539701871       4.20146647303      -12.8735553189      0.995224037699
   84      237.666385601      1.2799025888         999.169968639       4.68258358426       879.697761275       20.7336079051       18.6967577985       1.11383836393
   85      109.850408208     1.94359388081           201.2073564       3.98420389852       158.895560517       7.00142025208       2.52252013238       1.04219524552
   86       55.459426818    0.971972530772         64.5573655637       1.52096341516       119.893602077       12.7313311176       27.7463621623      0.972332954739
   87      37.5008636635     1.05699660793         44.8933524957       2.03832604204      -35.5887664113       3.43319974148       21.7334526152       1.25283877018
   88      29.2380803294     1.18521405907         50.8653001981       1.81870180749      -69.5363345537       4.21299033452       11.9856333443       1.07166477262
   89      214.125260476     1.10758123996         670.868358794       2.34542252054        452.00790632       9.46287979809       19.5353792511      0.660367405652
   90      93.6349420643     1.21130714111         131.356799509        1.8933656077      -100.183342655       2.56765409007       12.6312732621       1.25586191618
   91      489.772998959     3.00411023588         988.908432526       5.39871956665       547.311680201       18.9444667609       67.3426016909       1.54079676679
   92      28.3667158881    0.737155044536         67.8769427681       1.49783154193      -14.2864335858       2.77276930906      -3.43859562761      0.811128925344
   93      105.058781161     1.44421956893         138.752232079       1.90064857026      -19.0129165131       3.59280246204       48.9041305923      0.874374921632
   94      9053.83371947     59.0610278818         20513.3041364       123.953028602       11739.7123932       305.629032644       934.386746824       17.5354753923
   95      3444.80723714     49.7889344492         7714.30078942       106.491820166       6443.57297099       190.674850025       476.188022695       11.1010264037
   96      24.5405721987    0.831403433666         37.0252733362       1.55303350737       318.713669571       10.5324424294        6.3263343696      0.755751689061
   97      7.94594959053    0.779396420131         28.1704630866       1.35388475954       302.332804973       12.3642888022       1.38791830602      0.793385191818
   98       13.479622034    0.946287967892         48.2324981024       1.50930699321        420.46812644       11.8815941241       6.15243521639      0.712977431338
   99      64.1275781551     1.58315799928           132.0933193       3.28418058787       49.9816920136       8.46373424517      -3.74111124084       1.11734052046
  100      1258.48072939     4.17650110209         2864.75750536       7.80478297282       1284.27479867       29.1150021542       133.834411799       1.86792038088
  101      277.251144812     4.71559812437          426.82305933       7.73716593675       319.182216738       15.6292811352       52.8225660243       1.64421454801
  102      48.7646679967    0.936166291201         118.138036569         1.266290276      -30.4951997133       2.97754926715       7.25539936499      0.817624416427
  103        328.0399996     1.16596221701         488.197480203       1.85136628351       82.1900956182       3.26934014202       60.3394173598       1.31953702527
  104      35.8161468554    0.907411730795         45.7677555874       1.20157481834       7.74144309096       3.27506069496       22.5572697956       1.10173789221
  105      262.524597682     1.32536081194         493.104280925       2.09154932654       133.033336873       3.14235768705       98.0419839599       1.71602565498
  106      55.8400475225    0.999569299275         68.8688645663       1.51030244572       99.3723368344       3.77952012731       44.7280508666       2.05632875264
  107      121.265755189     1.34219421857          125.51995151       2.43160194615       31.9713193579       6.13945058345       49.7911467238       1.00679377263
  108      62.7006556819     1.24577760359         120.976747538       2.06146153563       60.9842540966        5.8890747153      -2.52965231477       0.92602151458
  109      1039.39076999     6.40333350516         2169.70889842        11.549231363         1121.326254       27.0671811373       150.271383166       2.19482900079
  110      69.8541784494     3.62382128355         70.8176056011        4.3759303205       266.678559693        34.130442855       6.99890033091        1.3631708081
  111      20.9006223556     3.88786722061         54.5500851179       7.82720867248       123.879404982       21.3497551405      -4.90199253907       1.18005049572
  112     -11.5134161609     2.47999133556        -6.29143904675       4.53763983688      -18.8944502855        13.150255456       4.07981261551      0.794332455416
  113      31.4637744004     1.41170405884         71.0413592676        3.0344013005       19.7000099663       6.46508680579       13.1830920758      0.913787146795
  114       133.22375262    0.763855669338         209.451987357       1.21536966455       71.6087978057       3.71052984797       30.7169545259       1.09974884623
  115      73.5970683446     1.02079359379         175.006285163       1.89072610414       439.828094499       10.0908235058       8.60709808479      0.732705910341
  116      63.8172116099     1.46142147343         94.5338691861       2.09653193073      -45.5391314383       2.73644472482        31.234053936       1.04006612929
  117      40.5847966403    0.758955670497         58.3954819762       1.16832142976      -33.1586520579       3.08204383923       7.87804816292      0.861461683344
  118      314.611530992     3.52617559591         717.877237579       6.68252302903       434.396940436       7.48560084936       158.358084873       2.99365428504
  119      72.7416064881    0.896651341252         372.161373319       2.13723398673        223.54630212       4.81383807992      -1.23960042602      0.890034538397
  120      352.423862074     1.81991231949         464.297519769       2.77568452412       121.936453042       3.49136217884       210.575564018       2.77795166189
  121      34.1788581519     1.30362348057          74.368265461       2.54758540555       16.2588041243       3.87389778183      0.567699072682      0.805011597297
  122      37211.1932632     143.966198916         56993.9178451        227.20209043       19314.2418872       446.417702906        6884.5259727       90.0467881928
  123      129.329480943      2.0627784871         178.843909112       2.58650215452       76.1365006406       4.95762986313       86.7009989818       2.18983884205
  124      122.588826853    0.848049457037         249.620408161       1.71094911394       21.7362617424       9.92672351464         32.56751157       0.69031985576
  125       60.311309291    0.956895750135         76.6802850599       1.60855962049      -22.0691399518       3.57300188347      -8.39758778846      0.638035818458
  126      41.5422928827    0.887918245644         36.6270740418       2.17078113869      -72.8313065749       4.88359065461       22.1525711496      0.962723786311
  127      128.079760906     2.67235776357         348.782269195       6.17933148787       228.866442079       8.63266327503       44.8650259861       1.51227199489
  128      76.1086728982    0.973265846809         270.202091144        1.7429747771       134.365506312       5.13011641704       10.2845791391       0.64373960923
  129      188.918905624     1.48436032055         337.989516095       3.03436465892       96.3028147443       4.19486894954       64.2607006289      0.889538401511
  130      25.8635245807     1.56534196042         72.4452299817       3.36753759327       33.9513307122        3.0760417345      -3.78071330968       1.05850348314
  131      78.2017119815    0.690547591532         121.584692002       1.35340337609       6.16316934447       5.43613098945        26.518762103       0.85129759847
  132      155.654891111      1.2411527761         293.407686225        2.2871255883       148.714283752       3.55393118469       1.07117742359       1.04211174818
  133      15.0670078511     1.96835239531         52.9500334503       3.98413231781       41.6860949013       4.28564451094      -16.9238905537       1.11802157226
  134      86.0846764475     1.98360741544         176.891279038       4.36953727058       11.3039448718       4.44855847866       1.54049737111      0.819902664783
  135      69.0593533659     2.47885961147         151.189791162       5.25298289427       22.5745029732       3.52179977864       25.4325943577      0.986024640608
  136      120.473396646     3.14550029477         337.125624659       6.58000429115       159.863592025       9.12991349009       16.9512527371       1.85415346181
  137      34.1289765209    0.981620872955         103.372896365       1.58787882014      -52.4464452311        3.8362205946       16.0914603179      0.614827899885
  138      48.2364917948    0.876174861206         112.237753585       1.32719029421       8.80413267127       2.59178398469       21.1603470814      0.840211328738
  139      60.5690449607    0.755603314337         34.2830210161       1.29137204256        16.571062808       1.96637003621       26.1155955794      0.917432242601
  140      23.8598170749    0.892312755093         42.9707604519       1.48114469008       49.9636555525       3.57081150236       16.0690143433      0.628265870484
  141      14.4653631188     1.34713610002         64.4914917625       2.99012638085      -91.1173834492       2.92885913953      -8.02431426444        0.7975642045
  142      11.1726932542     1.10118666056         43.5707030115       2.80589459772       15.1098432593       3.44186824433       9.07662711913      0.945595610256
  143      140.938053516     2.99303208842         220.294446651       4.48536126731       195.797555948       8.51422667907       12.4962613954      0.915752310365
  144      186.790142306     1.13069175293         465.077968427       2.23144464743       149.263876103       4.72396047811        75.400775018       1.10856120738
  145      52.0101781975    0.902923758538         54.7902744712       1.49081961878      -49.8343308142       2.03507657275       8.83982869327        1.0735124907
  146      103.679814266     1.06631662177         161.486468051       1.93979395086       12.3796615123       3.36889215355        38.416735708       1.03245564094
  147      3.35177835714    0.946580457467         46.2707001085       1.88095577989       23.4049925881       11.5063363451       13.1262244222      0.948031617214
  148     -20.5326266653      2.3972575572        -29.0895503317       3.01214388758      -506.824084583       90.0205057382      -16.8096923312       2.32715936238
  149       3665.9310593     12.2101251346          12110.920329       34.3004232329       9116.74570992       215.703550644       179.724674141       2.66626921478
  150      130.456162402      3.1241697736         157.398863045       3.49146772462       951.577969054        52.479459088       14.2547678453       1.53083359669
  151      55.0443666857     1.65237045272         51.3097984486        1.5222821185       1864.14136582       44.3846298537       6.46611942928       1.24967688755
  152       1298.1623433      6.3233900518         2689.91850088       11.6712518013       1326.91698238       30.2232956395       161.118903738         2.351986765
  153      48.6591473881    0.843733571014         249.187215095       1.78935806205       169.583194923       8.02081156563      -6.32788088651      0.895326656625
  154       386.42648669     3.31088231602         806.684186116       6.28926126511       430.514235413       11.9626404522       37.8506461142       1.68665822385
  155      243.271395341     1.07680652786          327.10037997       1.58615680981       142.114130415       5.24994042825       68.4800994931       1.27247859114
  156      3290.29916169      6.7859863097         7554.67656057       12.8236310599       3179.32121848       59.6622868277       256.930062372       3.35962721891
  157      345.020795489     22.3247251336         759.380012896        49.467197169       3351.56175213       159.537169906       45.0439318161       5.83426185367
  158      258.013754772     4.36597761214         483.212516902       7.33287906939       456.434240719       14.7988865827       149.927439893       3.67928160444
  159      332.379291781     5.01783545436         638.072344735       9.02083516322       547.883476988       16.7434297465       89.6765700232        3.6447894995
  160      114.736912389     1.12409977074         229.065515999       1.98595496655       11.8424934819        2.5215825053       33.6555365592       1.94514098326
  161      73.8381998112     3.55959244815         63.1657149171       5.23297822817       132.016013649       13.4725740574      -14.1594010187       1.19387083732
  162     -18.4915973413     6.48420650943        -33.0275493628       11.5729890321      -84.0939754986       31.1165345032      -6.59910942996       2.24397764605
  163      17.6558063012    0.916278337526         45.8236401644       1.46987141621       32.2784927776       2.97476826531      -11.0645157638      0.852735978096
  164      77.3373773974     1.17786722825         129.908614554       2.21771401109       27.3713659682       2.25406225322       28.4609447871      0.942983000072
  165      73.0137602243     2.64401541446         78.2406683826       2.85311051711       194.810072701       28.7027153852      -8.12769860903       1.09319811692
  166      129.046508009     2.50639605191         298.917183768       4.87251525358       242.650736991       5.52438322279       76.1204670944       2.51035477304
  167      41.7329197901     0.84414984099         63.4364108267       1.49629459971       -65.799971195       2.82778595025      -12.5823683727      0.872867754381
  168      14.7809734218     0.74882996104         49.2591115398       1.41737239714      -68.9447901368       2.61138517882      -27.4140667703       1.42046949094
  169      32.5390893725     1.13206638204         57.8103615734        2.1933025757       9.69493778927       5.69848871787      -8.98000282265      0.861711642401
  170      33.5585571421    0.967534986962         71.7743809033       1.66587051948       34.5937965733        6.5019057444       22.1529607016       1.15268214623
  171      146.812050402    0.908545979793          126.80643853       1.61979979718      -134.346390865       7.20447561563       98.7124294728       1.20859146056
  172      92.6081400879     1.51340862238         72.2513825446       1.50981820147       1264.53070347       31.7551066352       19.8705812648       1.17369551554
  173      127.740994563     4.90836591708          272.03575515       9.90307309516      -139.224569685       5.05080326095      -10.8095661019       1.30502709593
  174      1398.39485485     2.93611729022          3263.7851199       6.72257534487       1339.54617818         26.70366017       101.851485572       1.45041977677
  175      30.6568372866     3.61126937854         71.6758190703       8.56710390141      -0.68825628164       6.35538359632      -2.26536085561       1.17568157755
  176      41.0989486891     1.45729813095         76.1969948155       2.46395824737        392.75191758        11.608652595       10.8337992071       1.23039449531
  177      170.748415006     2.11029979251         336.952941987       3.32949334718       316.269655543       15.4776406439       86.1146588746       2.23312984612
  178      232.303358877     3.15187441356          459.21626307       5.32199498224       260.595155241       10.8454987534       94.1825783597       2.90841121379
  179      56.8243177596      1.0709701427         122.933722428       1.74279065002       48.6662441414       2.40288769577      -13.2281818517       1.23598245718
  180      75.9168754526    0.789576849525         113.066386072       1.41062890833       16.3754317287       3.86597755385       1.93890685657      0.755512383463
  181      8.19658401263     1.21168656589          42.910459962       2.22841913421       90.2561953461       12.6546819645       17.9176409128       1.32524792487
  182      128.652562066     3.22349786671         134.590356394       6.16868534372       -105.20335474       8.70015696711       90.4543677293       1.55628805554
  183     -7.13374545193    0.769831856246         22.6236472449       1.50672519859       61.2476253504       2.63018272357      -26.0220557183      0.909001458742
  184      20.1002349704     1.23885407869         44.5539961876       2.55064018764       17.5282552595       3.69394306221       7.43928508181      0.900348746285
  185      201.321723216     1.80875403879         362.545307589       3.38853423449       145.471662928       6.13504356946       45.1394494886      0.911546013492
  186      107.215320982    0.963226573442         375.785839822       1.88923790556       320.517254503       5.58279392595       13.3228631882       1.08452783826
  187      124.263838275     3.43945216218         301.384884874        7.8191222743      -307.353019327       7.93941572815       1.91936515531       1.72752158557
  188      10796.1663484     45.0512039546         23836.7362432       93.2231522404       12028.9146775       265.230297865       1146.34515562       15.3696860496
  189      66.3274614788     1.23433917316         91.6730365985       1.92756942318      -175.547958476       5.40958775589       34.3651934539       1.06788217925
  190      29.4484983982    0.774008785225         65.9572478584       1.38846639117        58.020323938       3.43900814461      -44.7248072977       1.18394592296
  191      103.857960794     1.10916987131         110.718307257       1.52119826652      -148.124108282       7.37914050404       60.5596071778       1.37167930457
  192      120.641565787     8.70315908587         438.827723659        33.166203463        1623.5661836       67.0652210019       32.3681061599       1.74684436011
  193      790.784502686     9.19240259632          1658.5763619       17.8078155053       1083.72531547        28.317956193       110.272737252       2.92373016872
  194      111.082372896     1.12924613441         186.495797862       2.02851855411       54.0790875972       3.02313005231       55.4009388893       1.60067287362
  195      149.160805791     1.62708430435         291.894303399       3.02709277013       211.766047628       5.59450218362       1.01914080342       1.00046708612
  196      162.982632025     1.24445060404         428.739491072       2.94627216435       269.477919141       45.3719117906       79.3477152539       1.04438882336
  197      45.2707559777    0.688495438082         84.1870983838       1.32617391557       76.3378843492       4.00839096096       12.2543789881       0.88397049212
  198      68.3907865369      1.1059846683         149.330824861       2.16806107248        460.54247079       12.7047666673       54.3400364919       1.07190662924
  199      106.134315523     1.22277934196         500.732504905       3.81214331368       426.604302484       14.5708591733       5.96418015879       1.09012288679
  200      76.7223406486    0.969027359341         209.404458704       1.71117693857        114.67715604       3.05622008292       20.8843235192       1.21981461659
  201      164.804717772    0.922056489638         689.908956049       2.72698194332       491.110318711       15.1435247181       12.9028272999      0.961612621086
  202       77.520222195     1.53557961009         163.432606071       3.43830106284      -79.9530497668       3.28470711965       16.0248896356       1.06735344591
  203      127.209322149    0.893671019354         307.985725976       1.61367142777       130.979735361       4.28406905598       28.9071095162       1.10697263125
  204      32.7435396014    0.705628578071          57.017686001       1.17039216167       5.17864398038       2.75691252919       6.60553074983        1.0784308189
  205      137.494199909      1.6808906914          126.63417131       3.54290773333      -129.300463725       8.85739957555       53.3875806821        1.1555452573
  206     -14.8272591621     1.35596209613        -32.0487018488        2.3267306554      -92.8285289675       9.22745095872       -8.5249093155      0.981919087762
  207      79.3974728161     1.24585073196         70.8863609853       2.33046450115       -45.825274625       7.30403169349       37.2131228742       1.30069141668
  208      26.9400217726    0.907974792769         48.3764893804       1.93929420071       41.0532847494       2.49781310053       33.8349463956      0.864571907723
  209      167.522808246      1.9641583651         346.994575114       3.86195057346       62.7906058188       7.49293881425       27.2007823238      0.721550533622
  210      64.8954649387    0.817223168491         65.9891906046       1.44102617957       70.9349390102       3.74144520923       22.5287541627       1.36541385995
  211      34.3711351035    0.951547651936         31.2641503472       1.80876248671      -70.7142007012       2.89205482114       25.4542201037       1.08742382068
  212      8526.47241377     69.4150053601         18815.0052532       144.171463391       11828.7181597       337.453738415       989.024671807       18.9793100163
  213      52.9413307128    0.744186139956         93.5613321402        1.3701774474      -24.1527649003       2.55093303735       16.9476594486       1.08049369238
  214      114.772937996    0.801103393872          220.21751482       1.56558998115       47.3264213575       2.48616934466       20.9455370656       1.06608208551
  215      41.3712632583    0.777049805731         61.2853143207       1.36939933203       -88.795170804       3.06860643274        16.907333047      0.820412700219
  216      45.9094382512    0.766964179582         100.186581332       1.47939725799       -7.1681811228       2.58752306833     -0.378697687631       1.05041974299
  217      47.4438420995      1.3911864794         89.6548819948       2.21120717326       117.147172082       3.89747733671       58.3781478584       1.28061938743
  218      58.1430846385    0.729951918198         123.051893927       1.53320495246       20.9218720175       3.24373781142       4.98361217754      0.991177402232
  219      198.985086572     2.62912116147         309.379765972       3.89886698287       86.3917630468       4.53991949784       60.7623599712       1.20490798293
  220      5634.13822867      21.252779999         12647.5653326       42.9281968555       5955.93447594       133.790485411       538.619213751       7.87472680533
  221      75.8226697551    0.875819520766         121.296857323       1.56298154609       37.2952211601       2.53106463023       9.47432272229      0.833640523436
  222      52.0585066182    0.840156802484         100.039153815       1.41994518255       11.6684019146       2.81359129821      -17.5974529701      0.807330141771
  223      551.640768371     2.85193026255         1744.75970588       7.71629325241       1077.23969625       23.5789399328       150.212796677       1.99259447411
  224      18.0927733902    0.852059843155         34.1757033133       1.71022466444      -15.8796603078       2.44703864886       1.30160346407      0.870114960917
  225      102.741438838     1.26444001018         274.124097243       3.03553619332       68.7005537625       6.08666685656       21.9787586476      0.956059016972
  226     -11.7342374624    0.965580280388         34.8103461956       1.47122868038       19.2070352494       3.31273173421      -7.52346397167       1.01502089778
  227      18.9705416951     1.08389474095         37.1602717019       1.93195907125      -63.2277454792       2.75987915673       4.73606941537      0.788385687846
  228      27.4721621627     2.23928333046         24.5315954146       3.43957560256      -15.2718591238       3.32575599328       27.5331488755       1.05142269052
  229      47.1650332101    0.825384015038         48.1404276853       1.55240726898      -13.4214874396       2.88404433075       1.39479001264        0.8383265966
  230      37.6624845408    0.709371639489         70.9291683854       1.36584175369       48.5492113633       2.57671470323       8.59629222262      0.840413218169
  231        683.4762196     9.77299626619         1062.60872272       16.2852766919       938.630730724       44.4921134867       158.150244182       3.79465304499
  232      211.465196174     2.28945111847         658.829696507       7.44390475904       399.731930654       23.4126911402       3.67114104851       1.17137265506
  233      213.218047887     3.84199697739         893.584558927       10.8251483744       1010.38614192       27.4273221402       39.2949052704       1.41545979952
  234      117.886232112     1.06230512322         201.760691762       1.83107629243       97.4980898323       3.61455594468       9.66629188193       1.07843402909
  235      205.658182011    0.934580733142         1083.70357154       5.82480882366       1143.31936263       27.0037725232       25.2514393153      0.855948651213
  236      58.0043017874     0.90708177108         95.9826069163       1.40559890006       43.9656983264       2.32291479345       8.73892347688       1.19465744847
  237       4268.8132215     33.1256462123         9419.60328422       68.1864937853       5653.02396725       149.126922537       542.451503372       8.53210375231
  238      299.643089933     1.03432779491         563.433370309       1.95393830856       388.069294069       10.9784676648       63.9764846391       1.62591694406
  239      203.989088311     1.03836400466          240.76235297       1.20236870673        25.059835793       2.29008941363       65.4033012339       1.23923945544
  240       243.49175544    0.879506840467         438.756252936       1.74173318241       114.436111188       4.00643662043       73.3119636538       1.06377313221
  241      3137.46578031     6.42435318598         7254.09520855       13.0831863667       2985.61776595       61.6058157936       235.436887322       2.92806052818
  242      3641.80512197     10.8165614298         7941.63652006       21.3629616793       3514.79506172       76.7096598665        364.37286799       4.98605678249
  243      45.5501553866     1.24627054322         55.0922257437       2.09715181805       47.3070694575       3.26136933269       44.1787260096       1.17247109776
  244      46.7194641439     1.08101816054         50.3423436489       1.79919537531       28.0960239815       3.09373448683       42.9914998261        1.3735406866
  245      75.3058936116    0.981336088062         108.035431553       1.48952196822       3.87985597533       2.34047005408       42.0038253248       1.16577350603
  246        71.71078698     1.06892763393         142.358975999       1.81442573433      -67.0239301053       2.90538830264         15.44985988       1.05024467334
  247     0.651496473316    0.739752328377         62.9249865565        1.4486432449      -1.72385100387       2.55356371911       -5.7118432943      0.835054221102
  248      441.601086468     4.63143148052          628.87126213       6.73369259815       365.927716771       8.25999688097       85.6626254329       2.08925514177
  249      1426.22105421     5.58636176776         2230.36800157       8.71576085467       898.063534702       20.8670037068       382.803397213        4.3902761895
  250      507.954578606     3.35959419757         1060.14121494       6.45700608079       570.655831483       12.8703962638       179.177011828       2.77983111751
  251      9.39138144805    0.764436800281         46.7265913353       1.33069431467       26.6323831195       4.67407933188      -14.5453891665       1.00024404196
  252      37.7768237466     0.84375240382         39.4204404664       1.41974336242       471.361477703        16.047438546       8.07452425696      0.567055278915
  253      39.1589250394     1.34621362629         66.1751527036       2.23513411522       680.033585088       17.0524399568        1.9327775761      0.668516310507
  254      68.3983708539     1.08844065406         161.943776439       1.59732544459       200.936908124       13.6289430124       29.4304439093      0.798154264224
  255      115.127016851    0.786167776597         130.664336303       1.31107739142      -22.2142049169       2.44496558635       56.4848120558      0.994826332949
  256      277.734069191     2.71500331122         455.044337758       3.96969641147       164.224120049       5.28776953308       90.1421658372       1.82221823442
  257      49.4997773645     0.73225408535         63.2176282153       1.21873209344      -12.5037458837        2.4787800944       4.21900519703       1.02112681491
  258      234.046810779     3.74599012271          348.37566129       5.07222749232       140.804031342       5.39728980202       78.3627920797       1.14173213808
  259      39.7051457236    0.955388681645         290.541112424       2.21458745045       145.207528018       5.78321524357      -10.3836377676       1.18201116382
  260      63.3998453699      1.6252425997         132.124107084       3.32903405008       140.511971858         5.376674495       37.4965053264       1.16852652215
  261      548.887979175     9.23962687185         1677.34025131       24.1320159415       1491.08260394        44.132351109       172.232666386       3.79147999591
  262      90.6668046719    0.746396497986         107.812441525       1.14623340986      -75.5630695746       2.72126797819       48.1528629767       1.04345576579
  263      93.7150258687     1.39068299848         204.622711704        2.2343333217       86.2337865289       5.27800910761       56.9447713314       1.12488054137
  264      77.3283611091      1.2533130163         154.932799034       2.28410781101        132.55841146       4.50957851031      -8.21477473377       1.20297107819
  265      106.859582256     2.40204825414         161.291167698       4.31511595312       304.073654146       10.0164681167       21.7805006765       1.07470225443
  266      64.8277428134     0.97545666082         100.189402853       1.45018586548      -39.1148078298       3.69971530318       55.8327344319       1.29190668592
  267      137.183689802     1.72776259559         272.429654806       3.45068290276       101.036594122       9.89296721155       64.1840139494       1.91150046366
  268      39.2221869674    0.824928273755         64.8240567899       1.51558815744       137.948258125       5.61029241884     -0.328291326931      0.980104349255
  269      118.330358385     1.45312039068         225.349082792       2.44835278542       95.5442994306       3.57017787177        15.523750248      0.814768505433
  270      172.277131123     2.55593801923         341.153995703       4.51241713322       255.917539762       9.10833260012       22.6847137712       1.12702807066
  271      23.2806855849    0.637622838497         83.7484305617       1.11023533424      -20.8221081521       2.42583110072      -10.9716698179       1.02224415729
  272      23.1741125672    0.701437090547         108.938976891       1.36829270894       42.4757318515       3.07132554215      -11.1211430985       1.00760693499
  273      33.8393544542    0.726180231763         47.1290029933       1.06229231476       352.704991198       11.1550758135       5.24488120233      0.554023010685
  274       63.866722719    0.797882339522         103.882483331       1.42560085786       5.28676937644       3.02542894465       21.3530239349       1.32496466611
  275      22.5759818511    0.787410637218         73.9303339393        1.1730898488       27.0831985733       3.79991450603      -18.8966885328      0.718427825145
  276       212.84985086     2.53060255852         448.024211345       4.59079917335       242.882003523       7.37528052975       28.9931868826       1.05298051729
  277      60.4117537367     1.33780299456         79.7697141966       2.25360437001      -10.2357703872       5.08920244584      -16.3166851625      0.963761138602
  278      7.96105013254    0.876302804477         37.5737233052       1.77653693347      -49.7335799942       3.25200250351      -9.53373009497      0.860550460911
  279      6.94702872241    0.827387530482         16.4874508621       1.24612769375       201.522391453       12.2794287522       7.15803837256       0.50545242284
  280      24.6727125206    0.749364865775         60.8220464167       1.25175907235       22.8064211773       3.38761441923       9.78093711608      0.945955959695
  281        97.15759838     1.40219016119         101.770972419       1.83120549564      -49.6444989844       3.17661719933       26.2940876941        1.1272762255
  282      66.1233080274     1.70232733317         75.2751750889       2.40258401295       42.0522278308       4.58722078892       17.9760426806       1.19827510155
  283      147.745147827     1.73566593214         316.886986834       2.20916099448       69.2675919449       5.18182108577       15.4171380635       1.27302350817
  284      33.1668401613    0.677723202058         71.0817722495       1.28223679629      -52.7171753928       4.22353847641      -1.49625527308      0.660441955964
  285      56.7887373619     1.04798961761         73.2350320399       1.69599729989        11.505780787       3.00854948609       29.1442791855      0.707260660177
  286      101.060605062    0.931174838335         421.828101378       3.22367282276       355.914945638       10.4072839804       -3.4618814497      0.719179239528
  287      25.0353927531    0.777566944021         27.8563867997      0.932079744904       347.503152349       9.72829656873      -0.27271137701      0.641648029688
  288      116.819255247     1.68048167021         198.778164019       3.12518285899       139.542201218       4.42402060819        20.083733167       1.02875400583
  289      113.267249146     1.59028160659          208.18465659         2.533409949       110.556639116       4.30214088508       65.1076541938       1.94334524241
  290      108.160432387    0.800301873754          238.75667987       1.62532563288       40.4808705602       2.47279529073      -19.2935900925      0.776876301328
  291      86.8433175778    0.997714506383           180.5408214       1.76743097405       41.6119937574       2.35895918245       15.9468070315      0.866935634564
  292      38.7481084088    0.757222995033         53.3105092903       1.22535485795      -52.9310195416       3.09985293853       1.69654383042       1.43544004033
  293       83.854474601      1.4360425125         113.633986105        2.0086537394       77.4588223272       3.97008461842       29.4656850378      0.982807364642
  294      259.035517916     1.92711459688         566.884589018        3.5607143911       267.179457022       5.95010402352       91.7584096566       1.71525135472
  295      51.2083844428     1.40022687058         94.2331486676       2.97257422162       46.5415153614        4.2785562844       15.7745860062      0.970063293021
  296      69.3251871475    0.865262743792         130.393894516        1.5714501122       71.3086379006       4.99932177862       -1.6262312785      0.782987033394
  297      30.9479332795      1.2034894418          46.154148561       1.98003556963       235.263534871       8.10740246221       12.5277165591      0.925846628306
  298      216.908105911     1.76624696752         1010.49074267       5.87728420647       821.872922806       19.7239951268       35.8509752384      0.868793786687
  299      87.8705698766    0.861065044544         172.441963835       1.33432433546       2.79402315515       2.73658568032        21.985902639      0.821129425414
  300      30.7926732849    0.642679022117         67.9267020561       1.18414764926       17.4884314909        3.0238228665       14.5321148319      0.816918748501
  301      60.1716263061    0.861493227983         76.7108679527       1.38977869162       31.5762931209       2.29404715403       37.7622166571       1.05543431221
  302      72.1411147093    0.834088158368          152.42426145       1.56828276959       51.3812546053       2.64447201848      -2.70936288283      0.843159474919
  303      55.0856071349     1.48471550273         44.3749993183       1.91169922876      -52.1938550743       2.92675454095       16.9741345522       1.18555442669
  304      31.8456285313    0.634239735393         116.862576004       1.25789483789      -7.07674152312       2.55417738634       -12.882359175      0.820575010239
  305      27.0065920672    0.801059637226         74.6490589936       1.80588592345      -33.0718336123       2.93623648101      -6.86929645862      0.957255597229
  306      119.313823982     1.35248104476         245.056344685        2.2043701741       92.0502901613       6.92086169193       16.6021541301      0.865701990186
  307      16.8196984646    0.741297214752         70.2771876463       1.50705451677      -37.5036891796       4.95628545892      -4.71942925629      0.700429111243
  308      90.7013922083     1.12114328469         180.993129929       2.17426322323       106.555921836       3.45780458014       3.12255509241      0.993668515975
  309      136.840400342     1.44320987643         325.954409264        3.6801311663       142.770017417       7.44965502991       47.1570969778       1.43026990918
  310      66.0056230539    0.954362941727         125.721520773       1.54370847498       21.8154984305       5.95661732375       16.5644018007       1.00903740687
  311      78.5293653414    0.810069305187         70.3727695892       1.26681631008      -10.4148506541       3.21327199262       15.2262846453       0.73974431286
  312      325.788042802     1.00658463647         417.455645243       1.47328397213       21.5477765272       3.51319461314       63.8140661036        1.1838475688