# id F89 E89 F90 E90 F159 E159 F156 E156
    1     45.9103559097     0.854959844757       226.877843036     1.45919207217     1028.55341541       16.3138048797         7.0478006339        0.898419074865
    2     56.4850519789       0.7832845851       111.327033015     1.26174861379     82.9798863601       4.75813319493       -6.16560060948        0.847928993757
    3     120.068535728     0.835605571454       213.978129331     1.25267491044     251.703097976       5.33877174712        17.3092182362        0.805508474024
    4      786.19175672      2.72599459435       1943.13555764     5.83575961006     6221.51588398       55.9174039269         136.92507405         1.66552303317
    5     548.016212752      1.63859692312       1221.28315017     2.43051982748     2050.47744685       20.4914314868        126.214714874         1.57069674451
    6     64.8550703053      0.67259769462       110.150325711     1.30088286958     32.6035957698       4.90732459772       -12.3524460154         1.10456722519
    7     240.598262866     0.586252453899       427.761587728     1.22722050655     638.673695462        4.5035876648        4.00428456965        0.991718874097
    8     15.6386839893      0.62932095131       32.1373114577     1.12275654324      141.04817238       6.04499074985        16.9291897657        0.745015726269
    9     251.512751103      1.26716556181       502.698010964     2.08803949828     605.199778963       8.60353956597        27.4475169026        0.815126821687
   10     639.113499093      2.01173973098       2283.04677389     5.19386000004     5050.79389953       44.8421760474        34.0672571001        0.876784291689
   11     859.148036142      3.09369199884       1646.36779716     5.11579753923       3550.671818       34.2267924779        142.902100722         2.30402514964
   12     14.1099063668     0.584340415651       28.0559491672    0.907410807635     126.995108156       5.26009351916       -25.2018737202        0.982862789866
   13     8.68692604264     0.829176960517       18.4712216706     1.50080804126    -23.9232621906       5.31118876556        1.01215905802        0.971547413383
   14     43.5556858144     0.782674616995        191.53601937     1.34124412272      592.84827214       7.77190260428        8.00678534868         1.15148165034
   15     25.6456405823     0.826975492925       33.7468891895     1.31521105637     39.3318078492       4.92401297632        20.1281344241         1.15907030894
   16     28.1956542519     0.737121802619       73.3380915724      1.3684702108    -36.1347012268       5.10174626103      -0.360372655812        0.890873834392
   17      69.129245314     0.734741730476       58.9875705874     1.19432341445    -36.9764792349        6.0442011782        5.41842976195         0.96919222607
   18     51.2664814778     0.731767391186       59.9914903512     1.09116070052    -30.2710735879       6.19812108478        8.63959718031          1.0310267161
   19     109.559404811       1.2289502918       204.241848361     1.94635750015     379.741570998       9.26597583894        13.3331714219         1.25261877282
   20     51.1609940631     0.749226903464       53.0801897821     1.54734882014    0.720705203601       4.76232928197       -21.4665077354         1.19014355986
   21     68.1094956919      0.82252448313       115.492922714     1.18263938224     179.148211638       5.70536499675        24.6612606196        0.911595731351
   22     14.3736901677      1.22047366369       40.0874148259     1.67130762579    -40.2378632856       4.38394787357        13.7941232104         1.04315846086
   23     49.1936406418     0.843328140151       82.4175258086     1.27005171987      -15.82245952       5.55886947968        2.30906291064         1.01122893078
   24     49.2431504382     0.686458101045        113.52282995     1.07220434985    -78.7910685362       5.86483355982        18.4708878826         1.25494667092
   25     257.837409683      1.73529060192       539.416204941     3.10984891229     898.300436554       17.5440501868        25.3686300648         1.18732029976
   26     59.9701846143      1.02346640931       70.7276413057     1.53300643988     55.8575105362       7.23782188039        25.7750283468        0.995052071205
   27       35.24603708      0.70625246936       47.8496895133     1.18215273803     -60.055248213        5.4693303645        18.7598712337         1.24282689912
   28     49.2552467204      0.80073130265       97.4103388055     1.26808831671     138.305560994       4.47026163812        14.9468699969         1.01577216637
   29     110.570471577     0.817553488471       243.825342241     1.68337577542     423.135605169       5.38125174575        22.1999488054        0.931992630771
   30     187.259145804     0.945854120013       393.569269345     1.56885811924     498.178114217       8.60334614251        1.73834542927         1.01048278516
   31     99.5161781321     0.743297071934       106.566799658     1.17443996313     171.906175354       5.13759008722        23.8415655478        0.981441742807
   32     55.1175016606     0.601140533605       48.1524186908     1.20192569875    -57.9282429208       5.63171719411        4.47651859954         1.20071899004
   33     281.994918318     0.922875830201       595.726900065     1.68745395477     757.711691182       10.8241341207        31.4215638487         1.25646025447
   34     66.6546269248     0.906230273577       137.113732302     1.46552967656     208.672856663       6.47668042669       -4.83136587306         1.00448972271
   35      28.157130314     0.716295414052       45.8690780007     1.11004038755    -66.1261903247       5.88837974701        8.98238067256         1.16492873693
   36      77.683625249     0.922208245836       174.471128866     1.85592341665      283.53627319       5.63511133177        4.26581982296         1.24063935506
   37     21.0902415352      1.02356061454       44.9198737647     2.85017424226    -204.622988014       16.2948096798        19.5090614249         1.38080056003
   38     225.341748365     0.860265258186       275.231356737     1.55897810026     463.462823672       5.02344773767        42.9291089551         1.44422329737
   39     410.445212742      3.55237250169       928.520456663     6.90809293878     1731.94000766       30.8274947605        51.0745008233         1.66675767189
   40     12.5578300555     0.824126956957       22.0828656349     1.32932877847    -23.8537821955       5.36936959029        -6.4214785228         1.20222944626
   41     19.4877951029     0.686139688579       27.9580077614     1.20870228274    -50.0594262713       4.94861208279       -8.19537167897        0.984345802802
   42     21.6754884041     0.926967596978       45.3469452635      1.4304026231     78.3426297703       5.58838836526        33.9998387661        0.809553356821
   43     103.229871173     0.778056158965       128.196199098     1.27703846704     50.0932191525       6.79283675503        3.07627795074         0.89573816203
   44     128.072953367      0.73752586231       212.295515542     1.32697534435     311.494358014       5.86327133318        11.5961999981          1.0541744478
   45     11.1143057244      1.02982800217        53.076995881     1.89175858151     162.509450296       8.02439868379        8.98956878293        0.866004959748
   46     11.2287234802      1.15206491994       36.1113533351     2.05582256888     190.614800553       10.7264702277        10.0492405322        0.973095591596
   47     44.4176581764     0.824355709403       46.3956514993     1.30958371951     8.75508067553       5.95459577765       -3.65256086111         1.05204056367
   48     69.4523291569     0.787830659981       146.578810561     1.27284913154     318.730576249       5.98926641233        27.7030255219        0.857399803969
   49     25.3506333851     0.954642844511       75.5369311273     1.73832760355     270.385321248       26.2156783554       -21.3011017483         1.10548159756
   50     182.798770972      1.80296393738       354.077683189     3.14856734393     535.624537545       12.6526622215        17.5091672923         1.22833960845
   51     23.1150010346      1.28480091153       56.7692683264     2.09756747397     290.920900799       12.0553137422         28.424626712        0.906897181998
   52     174.857614703      2.37472850566       396.926156476     4.62929777543     1356.36789062       23.3943684582         62.690260916         1.46716482985
   53     51.0897296491     0.801107242485       116.742865593     1.36195690089     180.900487758       5.22445389621       -20.0712560226         0.93213605185
   54     60.8481360514      1.11234078544       129.137015738     2.49099906565     192.840696473       8.99159088668       -22.3864567412         1.16941842737
   55      74.765430226     0.970554527215       139.930113256      1.8258065866     354.390573736       6.83751364322        5.67806789995         1.16573454297
   56     116.188215836     0.833666271342       273.463360506     1.37002534051     504.972389262       6.19742932629        33.9033008604        0.916969209486
   57     48.5179948531     0.860366649835        86.179870973     1.38382055401     170.721179146       7.77525242166        5.71416095488         1.04836847927
   58     33.2509245516     0.555103832796       39.3379705906     1.28878205148    -164.063049002       5.86527604843       -12.9610736782        0.943664416364
   59     114.053400303     0.788111700264       226.582208182     1.29142447893     165.998589691       5.90782690955        33.5270064483        0.942780636452
   60     10.0777809361      1.12641238621       51.7418383552     2.20851340292     199.778130789       10.8060923252        9.48415134992        0.800622263836
   61     27.7012797377      1.25813750579       57.0864732721     2.25310896057     302.135530576       11.0704276702        12.3218948184         1.24239091158
   62     29.2951233166      1.29319990067       59.6823563644     2.40354733745     291.538286266       11.0137944429        28.9004835342         1.34908653254
   63     24.5818112961     0.987405380362       53.9825085455      2.0057959026     363.771220754       12.4689206343        21.0675484335        0.938946690088
   64     11.8514120055     0.876286110384       39.8252358345     1.41497191828     22.3878351216       5.74614807036        16.9826473849         0.86549708972
   65     12.5624201664     0.835000431947       42.0088098865     1.45058340211     60.7238942476       5.46341823808        3.82666451127        0.867433345488
   66     40.6370699095      0.68937464074       49.7736600478     1.16506731351     80.8570190694       6.11936133399       -3.35169158833         1.19015711832
   67     123.065804029      1.17287918784        267.51462558     2.73699941657     424.527448648       10.4324171969        16.4550488923         1.13441003096
   68     366.568031178      1.11228307094        644.04255985     1.58309511967     893.785902874        7.2587054852        55.1944350012         1.02251120317
   69     8.49312523896      1.19038911845       45.9836908052     2.10694519183     35.0771416393        10.164980375      -0.983849957632        0.926835050954
   70     22.1200093585       1.1764127987       51.7035475442     2.06015162613     282.212112364       11.5945512467        16.1119545497        0.829887671516
   71     5.79303135943       1.1835374451       18.2182255287     2.24312615286       127.5029239       10.1558910735      -0.521548009117        0.952683402287
   72     229.746768573      1.15820721864       520.111668661       2.237205867     809.215125715       14.9552518564        57.7337430021         1.19169160744
   73     37.7516641028     0.712362716065       76.4948205426      1.0695384577     73.8818605748       5.38124351264        8.67105965669         1.26418316875
   74     28.4708843416     0.806827976055       25.8829460556     1.29558438661     24.6199452349         5.248788855        6.67952851909         1.00751578683
   75     207.323345713      1.26095427417       410.091563455     2.12124371432     746.317056548       11.2549223258        37.7502583691         1.41049486929
   76     43.2810058497     0.672707461897       58.9712899324     1.20476096764     46.4727789896       6.99828681249       -6.49823780023          1.0648391011
   77     15.7097212492      1.01097904581       44.3011091601     1.92310191979     80.0835250916       8.47313447395        2.89259134635        0.928069436191
   78     91.5811496155     0.679150090745       104.556153693     1.31320749928     105.706079925       5.58866397447       0.774190380109        0.955173509508
   79     25.3156954347     0.875690734672       42.4433055124     1.78856121161     9.18892601591       10.3801598145        8.43444219007         1.17048632741
   80      29.744155861     0.877285315011       107.134083081     1.80252612138     382.232386564       7.76922876121        -8.5637721743        0.925607833647
   81     34.3295090399     0.779654434808         79.02605488      1.4595612695    -35.3159883281       4.84467283998       -16.3119469007        0.908053613242
   82      116.57389181     0.795942383447       182.188677511     1.47026355649     295.632063876       5.66958869087        30.1919886879         1.15613877924
   83     20.9406841523     0.800940403914       50.0167590023     1.13134911587      171.53985477       6.29498746512         45.441009177        0.907250677574
   84     42.6465093362     0.842429826862       102.653764777     1.25309329874     218.949790233       6.36917990774       -11.4875461953        0.853943245507
   85     29.2468917038      0.75635546648       72.3787940322     1.28567377592     142.574406981       7.04552159716       -11.9982588234         0.82269206848
   86     31.9860746349     0.786790227807       68.6076828481     1.45903800235     335.074815272       9.44231428503        15.0995017585         0.61684357332
   87     183.589079152     0.855718897351       245.616915442     1.22518225596       496.3287579       7.39348370386        78.7606932365         1.74682490642
   88     63.9926418315     0.828445617165       75.6933782808     1.32298570589    -100.901209979         6.427986778        4.37483553594        0.936046827855
   89     101.218218386      1.21924648495       108.068967154     1.29304274554     43.2676633029       5.39402322148        47.2329263703         1.11311519057
   90     140.279498047      1.21926016212       300.276882562     2.24166573209     469.609759292       9.50467186978        9.44394959762         1.06454440095
   91     85.9167543164      2.39816909639       86.2367086064     2.35168399186     235.259711272        8.2696136128        15.3583042524           1.584724157
   92     144.806959814      4.53275987397       375.911371828     7.87367774836     943.875233513       24.5654694747        46.5477903754         2.65425752259
   93     385.687796913      2.11417975734       666.557582356     3.40459810635     1263.08691974       19.6480255326        48.6342659745          1.3174373999
   94     68.7003883388      0.81779251246       109.120923499     1.27557983373    -78.6563140753       5.73450867242        2.84697325685         1.26119928985
   95     16.3917349299      1.12002276942       44.3012143878     1.32129941763     32.6602471454       6.71171262683          12.78355637         1.55054968881
   96     2209.18504015      18.9537723977       5604.02328229     42.7367321819     12177.0197895       220.155661887        189.367652224         4.72395436016
   97     8084.75430855      81.8977142683       20219.8978929     189.059187707     43300.1332264        901.28171282        849.561484352         20.2507362154
   98      145.65713621     0.939260012283        328.81662578     1.80693982798     550.500151479        11.826018481        4.07112742895         1.16889309412
   99     61.3328113238     0.746758672187       69.1836940638     1.10941200397    -48.0208709437       8.34560387241        13.1574041561         1.18656651383
  100     137.060819185     0.985031085889       294.973178809     1.79452530641     538.144659074       9.57792226731        14.7717931547        0.847265735284
  101     21.4061567416     0.708664461871       47.0108001963     1.14289987091     10.2468572006       5.59802383115       -11.0256566189        0.951835925569
  102     37.5363243988     0.810686195434       77.0334432524     1.38724079703     187.155740344       6.73025306159        11.4026622248        0.858822105381
  103     11.7034821251      0.77917573033       52.1475715842     1.28272636347     70.6994096489       6.19316745517         1.4808206147        0.862503736453
  104     116.668731564     0.851674485073       212.057309918     1.48614457283     484.702778989       9.74728937429        43.0273517857         1.27623448217
  105     36.0890745671      0.73209437008       41.4586813115     1.45517542241     62.1818950283       5.40370619293       -18.5509604225         1.18375084388
  106     12.1902855506     0.838796005326       39.8328669427     1.24217144416    -38.3063688551       4.94560010283       -13.1846309302        0.595268159879
  107     411.714983459      1.94169816984        979.04712775     3.88540422284      2059.8185603       26.6232213865       -8.42989575547        0.981714058563
  108      51.429435845      1.09620698715       87.0928916582     1.60173096341     54.3451147264       6.75947074567       -9.73454206322         1.04223066346
  109     47.7636373444     0.953221660844       44.4778413814     1.49922603739    -4.64530237229        5.1565987478        12.2772747762         1.05963101969
  110     5262.79731756      29.8285011798       14056.9168059      66.410138738     28343.3919705       458.998967799        368.849535778         7.53740609787
  111     22.6595566414     0.865789085898       38.8782065789     1.64714233068     190.715623716       8.99335007854       -15.0492402714        0.914963571126
  112     4.65489475962     0.915913491602       31.3528487773     1.99191348206     114.621973223       9.66043521867        16.3878677965        0.869521603577
  113     3.09619595912      0.94386391781       32.1175981103     2.12130152269     230.420776864       11.6663583322       -14.3402425306         0.93438617172
  114     17.3796780425      1.30992656561       54.3910449682     2.57819249563     247.248277261       11.4015821409         4.7963426938         1.07246984616
  115     56.6915669349      1.02164579627       58.1585733102     2.02680785417      177.20403076       9.48370343127        39.3272305511        0.854048858489
  116     163.755052263     0.938615467355       337.057569119     1.85377419874     680.570788266       10.4633330642      -0.458974807931         1.16261812481
  117     291.916619858      1.37596228715       422.084841356     1.91084957828     594.396207156       6.05040325831        40.4860053168         1.54711765853
  118     272.316487148      1.40058420098       623.638265281     2.65155874927     1107.41562394       14.8814033368        12.4492545933          1.3573537839
  119      35.642117952      1.51682929406       140.571934126     5.05366661499     350.613201166       30.2423904627        21.6961525291         0.93606607794
  120     132.391588388      1.07921540543       637.909380471     3.42947070642     2261.70455705       31.9298770342       -12.2250940839        0.883933022577
  121     649.938610439      3.57528269356       1589.56964576     7.72369460825     3381.96048358        49.437902534        96.4321400056         2.77492014977
  122     43.0533538422      2.59127532685       128.533862372     5.50414844221     597.877357163        26.106112277        15.4066206784        0.930296949204
  123     370.788059148       1.7706794831       899.310185264     3.62621015666     1705.12356559       25.1509251872        35.1958612685         1.13332348718
  124     29.8441901673     0.935355761145       41.8019988541     1.46983812888     177.413519417       7.88695922586        17.1750971541         2.06474153981
  125     29.2608889006     0.843508236034       74.4502774176     1.22779368171     137.664258849       5.15376448021         27.497311647        0.891269609278
  126     329.282827735      1.30736357901       755.095678885     2.40901288361     1302.33718215        14.900431525        14.4558752438         1.11197721602
  127     82.2530184241     0.879945031855       95.9927576178     1.20518796152      62.048218229       4.98220767729       -4.66443093315        0.959140555104
  128     76.2274338388     0.793493566772       299.573191637     1.53036243015     1240.15281368       12.8073267669        12.5466028986        0.854894423782
  129     60.7785109613     0.767438555123       67.9075756529     1.19099024226     16.9689311152       4.59260552522        32.2777463298         1.14712627616
  130     73.0096178548      0.87613419904       106.432824301     1.23868511284     125.054777961       5.61363893766        41.7002878833          1.2783511261
  131     158.589244337      0.98072693201       205.948503054      1.5014185602     90.1022848405       5.90168319675         19.522136101         1.01528490908
  132     69.6084934845     0.694676233282       92.2703992459     1.43548269323     108.506941788       5.25985397017        14.5943529872         1.32909866818
  133     3463.38429189      11.1363328377       9471.73642725     23.5564158326     17621.9183579       261.502950689         190.20938573         3.80787750283
  134     38.8798313496     0.736826763145       95.3107782424     1.45456949535     10.2120188649       4.99486545963        13.0078852855        0.937080390301
  135     13.1691845482     0.722207034708       41.9174541532     1.26804734687         1.1896296       5.98915363052       -8.27120721811        0.872728752864
  136     301.019674774      2.28119327239         646.4747015     4.38688225207     1088.43639514        22.351777007        34.8104293662            1.28359504
  137     656.254043668      8.50891104259        1503.5538145     18.0987052977     3835.51560207       77.0075396181        138.512304655          3.0909637359
  138     41.8711407749      0.82164253174       108.151926259     1.13685793809     231.006094555       7.34137457051        19.9613405565         2.14382060195
  139     2671.78760449      36.4090367979       7067.36513083     84.3129609082     14210.5475319       460.191122126        239.826920492         10.0192421259
  140     44.1822160347     0.974609172836       51.2233732593     1.31666600549     183.672019365       6.90877399871        23.4027174881         1.16838748887
  141     46.8578775098     0.765439243528       82.1330630335     1.42465638832      38.180130739       6.59415311158       -10.2760847314         1.14748389084
  142      8643.4977516      64.1981596938       23614.7136179     147.156910229      53401.438483       959.306155894        675.328143875         15.2342694701
  143     108.338174543     0.973177149265       132.556014342     2.16171911643      176.47851873       7.38080004549        25.1966165122         1.49259738478
  144     41.8484516926     0.779127361035       75.7583781123      1.3593259169     95.3567950532       5.25034041591         4.4269152556         1.37883666936
  145     326.650288892      2.17465991494       714.392741849     4.13154217919     1511.90636042        27.550979395        36.3358997491          1.1964439018
  146      15.133831001      1.09454440789       20.0259250894     2.34216970437     95.4798125767       8.99878368561         3.1287447749         1.01832885928
  147     377.850178974      1.67246511125       777.677771671     2.90587322389     1520.82639189       22.1970770688        63.8644490763         1.42556244907
  148     139.307748849      1.88626915204       474.050007123     5.69910951631      1378.2941714       25.0461002258        1.87668281601         1.42649533381
  149     13.8351765273     0.712823464738       38.9038100036     1.15473259876     97.4511655675       6.78139623928        20.5128259209         1.70117048771
  150      311.67457999      2.29469503609       690.452068352     4.49995915654     1364.19622724       23.6954526185        47.4707244213         1.02071925056
  151     20.7416004532     0.830461809422       52.3167436373     1.34970837874      161.85182402       5.78148862272        12.3597726405         1.10415783721
  152     72.4049675196     0.882645972778       108.628790634     1.30970179192     218.238322165       5.18913840527        77.2815856412         1.12918525484
  153      14.231569087      1.23869136681       29.8098914637     2.61430885441    -37.6291206857       11.6119157378       -8.50981956561         1.11302992586
  154     105.074818302      1.07054864541       335.334298558     1.58464651122     968.697931376        14.475702987        32.0474976745         1.12579404086
  155      37.593686069     0.877309495818        217.82581021     1.54820572685     837.803807061       16.1916025849        8.31486839427         1.64580264857
  156     195.518732097      1.03682300383       462.729945432      2.0354204819     889.076102841       12.8365438323         17.234825677        0.967041102159
  157     331.245122785      3.10792408994       784.066400141     6.55111485191     1662.74681642       32.7320685272        35.2151455513         1.16369017509
  158     108.443026999     0.810303038296       136.466092324     1.39638714432     295.427669056       5.88048350779        12.8961440236        0.978329252083
  159     76.8320692776     0.707553316471       170.039627694     1.35501372008     344.240798683       7.81442715136        8.93334602946        0.986587288874
  160     24.4312872989     0.807796649584       57.8394384222      1.2821026238      124.14159137        4.4763186122      -0.575319971312        0.916345773431
  161     39.3016367519     0.754419664707       38.5525145145      1.2597651706      37.332357298       6.64572981876        5.51612554519         1.01754339053
  162     2787.47758159      17.8180200425       7243.33399417     40.5243751439     15331.4314762       256.166259261        211.593986661         4.76800927489
  163     72.8012976625      1.02925935744       144.878015027     1.78572930793     250.687305393       7.48292537696       -1.10567184338          1.2258276002
  164     178.037868327       1.3593976514       444.550715746      2.2119087406     945.403097713        12.280321644         11.835912934        0.980026127108
  165     43.2054198888     0.831765158216       36.9549440492     1.26008823573     29.8786504402       5.53782836389       -4.41091493275        0.896120715627
  166     22.8506050174     0.797024851069       28.9444098319     1.37238173817    -55.8330250141       4.22019226719         19.135166003         1.31368377603
  167     48.8693238665     0.788425986562       69.1620383285      1.3570806487      44.743745804       3.58070571115        4.29522938672         1.07801592503
  168     23.4616665845     0.765287357911       43.0600218117     1.20161677076    -52.5635387839       4.42438238371       -12.9736296439        0.918080638404
  169     6.19391344323     0.808408516123       26.1691946821     1.40097152554    -11.2573151508       7.13163057881        15.6828249705         1.42854856906
  170     53.3626263503       1.1923732778       133.045426189     2.34146126528     812.762511314       16.3662160646        28.6716264494        0.784451200199
  171     21.6780992611     0.686382340599       39.5443565604     1.32468434569     196.846322996       7.58159531246         27.998230848         1.09555936855
  172     127.260783993     0.923214008748       265.795803734     1.85098773235     552.479811367       7.29334904762      -0.975600698675         0.92608895454
  173     67.1538660004     0.901214783895       151.363223953     1.40518077861     295.284368048       9.48963769993       0.492061293408         1.05920656531
  174     48.4275074235     0.804644567801        202.91598224     1.64289571931     614.807564981        11.986271216       -13.3020425602         1.20081792395
  175     194.827035657      1.32773088375       440.291745095     2.40614662158     728.730415323       13.9197849432        14.2030938975        0.987005530706
  176     136.556699347     0.866161754966       273.339055701     1.78603688266     658.722868405       18.3820735207        31.3784336279         2.75446126899
  177     55.1368114238     0.960607495515        110.13658236     1.85033684628     212.534497321       4.91574213227       -15.4145024355        0.821717643845
  178     16.9431826585     0.823663828899       73.5659152057     1.52094809978     180.999954112       9.91542878658         5.1790212965         1.27003206175
  179     273.467228782       1.6660464164       674.789954834     3.75497814619     1467.39020877       23.6466350965        49.4493039401         1.60311402814
  180     13.8429411435     0.897832109213       38.8336709658     1.55772194512     187.056688735       10.1108779555       -1.12670227216         1.40967697145
  181     73.6369681574     0.645444539737       162.469664951     1.25719248955     251.370109985       5.83120515061       -18.6832702286        0.881110380578
  182     311.657606657      1.76895114995       717.914221499      3.6485368899     1448.64252536       20.6509962592        23.7208922642         1.23014444993
  183     210.591549347      1.21739853058       391.667062725     2.15908213628     811.205995389        14.313983149        62.3641931252         1.96813523602
  184      34.105966318     0.862724090566       146.493663309     1.26252345082     514.366421345         14.36820104        35.6203373825         2.05803430909
  185     92.9815413473     0.770688441618       165.243195676     1.30625288163     205.611568105       6.26805480471        25.6888125437         1.24106165159
  186     263.860819235      1.47191209757       538.037184424     2.85839790921     1058.41854989       15.7025957473        18.8111593487         1.07230550179
  187     23.2995188326     0.713851497066       69.1618320067     1.23745581169     114.047747281       5.27781675753        10.6439561039        0.957853352793
  188     37.1831196124     0.785136931397       80.9048723655     1.17611829908     23.8695735841       5.76867867146        13.2361985968        0.972153733977
  189     33.5983434176     0.719840335362        72.428498238     1.26992783378     102.876167904       4.82422118325         3.4970853092         1.17264778142
  190     14.6583125787     0.720742071692       29.6636983276     1.49242981811    -8.73384235012       6.55035947684        6.09154827086         1.13111526147
  191     1.62318990607      1.04904607885       36.3365344449     1.82689280695     156.528535379       8.56705131262        30.1733677546         1.26592373691
  192     75.6094983063     0.803433898912       77.5335942847     1.19217443354     58.6665618488       14.1216898901        47.3059504701         1.58453264826
  193     15.8811856245     0.777985234456       33.1176912762     1.37462812644     139.866816704       6.25456920237        17.2275951342         1.00122940262
  194     13.6646700603     0.928427855421       43.9173293877     1.50762727817    -25.5826548037       6.63435740284        -3.6152630436        0.970648759037
  195     9.54529587512      1.13693780361       28.9927836515     1.87989386839     107.687215593       10.2947897764         9.9435359002          1.1530969538
  196     48.6542868064     0.786981182978       78.5492328197     1.17475795101     72.2253544761       4.71781213317       -6.42514743334         1.08541119921
  197     8.32179558386     0.795819307738       16.0550991803     1.58003267053     74.4277336014       7.10902671759       -6.20618968814        0.814866364547
  198     69.1593125476     0.745779690568       78.1393319987     1.21769705858     164.769364197       6.08585742952        20.1107780595        0.987191084485
  199     64.9930360653     0.899123265246       115.936130978     1.28114031017     155.467252946       5.97557812374        44.8895021221         1.00291129449
  200     9.10619702992     0.695501476304       27.6817054031     1.17655491133      110.46901114       8.78596811055        -1.2879974966          1.0297862359
  201     12.7732605766     0.807754821211       37.5256582589      1.4419303003     15.9885928076       6.06787278067        18.3903190388         1.10089088667
  202     18.8398642345     0.593933433061       36.4243415655     1.37377604812     108.438436863       7.87961908437        21.0269227225        0.907700467784
  203     29.9390021973     0.789671340316       70.1021267347     1.24111626187     147.064243002       4.98403148945       -2.07788424528         1.08130751123
  204     143.481053253      1.08593482277       177.404865009     1.46865141781      255.44958979       6.10864692515        43.5781176289         1.54123415285
  205     -1.2528349335     0.803204595407       37.9788265102     1.32036540509    -30.3462164926        8.1953849311         1.7566063632          1.4485841883
  206     16.9356396042     0.797728348393       33.8219451884     1.34694835839     315.108592322       8.09280980101       -20.8959780992        0.860568487749
  207     51.6307185422     0.714720562073       61.3890329011     1.26808923611    -91.4711562855       3.94402820027        18.7634786632         1.04257087189
  208     64.6988584357      1.08005069867       139.480804216      1.7776737395     465.701421901       9.11992156737        49.4335222316         1.27091318268
  209     53.2226520512     0.759649279875       64.2046117829     1.27390516161     78.3341220497       5.35328123381        5.43367559176         1.31711525931
  210     31.6614809384     0.708512738782       86.1060306601     1.10918396717     123.704849326       5.69484402373        -5.5131166693         1.05223407319
  211     20.2531794595     0.734039996032       34.0305514995     1.34818379343     222.607878272       6.71705752139        3.42246174198         1.43458273338
  212     7.68587204644     0.911607329748       29.1620977682      1.5175910171     16.6901834989       7.06196790773        11.7730872884          1.3071139008
  213      239.88446911      2.51246464596       427.413934258     3.63828274632     1113.35121297       19.1026657494        87.1962773278          2.1798569032
  214       120.6686875     0.796430295332       643.168063562     1.82475266072     2348.43837037       24.8702721656       -10.9454332813        0.890476680089
  215     131.409233648     0.844153090763       245.022074146     1.73598178453     320.596719833       18.0383483532         14.708858186         1.04361216966
  216     28.1960285286     0.785369286492       47.8766301452     1.46225181579    -78.7677093038        8.0585717532        10.7671470516         1.03145854187
  217     17.4489249772     0.733499121762       36.3317987179     1.50839337012     353.360933722        5.9524141496       -7.70629991414         1.02027454615
  218     217.751139126      1.24811332228       322.819712483     1.72870926478     357.748801864       6.94038498382        18.0777503591        0.998778306071
  219     80.0867394796     0.743355262389       131.500053368     1.29182037349     260.836712897       5.64750990775        30.6337447324         1.13533349518
  220     61.2856617325     0.789876197548        78.982916478     1.16642587669    -28.3984081846       5.57493972472        20.5503168385         1.35364723538
  221     8.37738561962     0.749352157657       39.3741308041      1.0640817254      112.31632546       7.80556566991        21.8586528443         1.26047730728
  222     17.7423755869     0.625278907872       27.5486878389     1.28116583944     149.816299922       9.13098305457       -10.9069085048        0.595148815459
  223     20.4887022138     0.900025244672       61.5491174438     1.55341180022     141.148061094       8.30947972232        3.61332951681         1.24166439037
  224     244.234295645      1.76544280623       575.287110495     3.71294358234     1040.08238201       19.5134106119        70.3803873087         1.80522670079
  225      62.589051411     0.967908469496       271.426298878     1.56052535268     1020.75770154       19.7957084969        21.8567474888         1.95372187659
  226     24.6189402674     0.739628414273       37.5512809249      1.3338503635   -0.151743625585       7.02500389273        18.4131689778        0.996787872185
  227     64.4466935908     0.804701037195        89.611303564     1.44389703718     240.335498961       5.78232061894        11.5233867422         1.12283794798
  228     455.233533946      4.42325531714       859.894006255     8.51076304061     2061.08202167       38.0293267193        68.6588963999         1.82782017304
  229     156.726862403     0.767805887834       765.994381933     2.19429326339     2114.00434274       28.9926614138       -11.1650141221         1.00224337908
  230     58.6450748048     0.711425265373         109.2998179     1.39984289586     237.959776826        6.0639516672         41.331467989        0.976309939611
  231     31.8047049022     0.818565416161       73.9321126255     1.13401095112     -27.801644927       3.67113798378       -15.0475632545         0.95669242957
  232     89.1294503373     0.865829020937       128.328004604     1.14770547598    -4.08093320666       4.71466511803        48.6899057359         1.15510718172
  233      165.32346188     0.873216185875       371.535522191     1.63543673598     688.491355675       11.3958725925        28.4764201293         1.12399047049
  234     28.4347402684     0.773867822002       28.0369920009      1.2360657462     142.229883264       6.93738834773        11.3595480255        0.971617332213
  235     24.3656786369     0.761257031598       53.7911842263     1.18089401449     50.1215833431       5.45183948845       -22.7641428896         1.09652203429
  236     28.0676437518     0.834571890004       67.9801996332     1.26253541299     6.12698148738       5.63910572228       -15.8365549414         1.00988977564
  237     61.0222247606     0.777888406918       100.327084736     1.15989940798     114.840577193       5.83022198125        6.44315307045        0.924557429341
  238     61.5124728913      1.64279427445       105.692738297      2.5327994329     241.691762356       5.95489370871         24.176012125        0.823945536125
  239     22.8534738742     0.886265382563       44.6153110957      1.3038287868    -51.3508278127       6.41192908342         16.986442599         1.04544931052
  240     77.7685721394     0.814884987281       96.2823251646     1.19209370819       157.2355537       5.62349378171        15.7534040443        0.972611768022
  241     105.364629117     0.746109735425       151.831654056     1.27377089998     249.208543096       10.1816245938        44.9854171589         1.09246380896
  242     58.3246525676     0.802625950936       188.163814629     1.51264612734     700.892729346       11.5566741449       -2.78192697725         1.01296666789
  243     79.5845681611     0.815684454482       101.150499032     1.45417101508     353.563242226        9.4622052259         27.832741394         0.96826082084
  244     67.4363878095     0.750747711951       93.5090297395     1.11736536756     257.693737654       6.46320937359        19.9978692285         1.22936298658
  245     80.9524201028      1.07211534516       202.110094471     1.64392389638      344.61863614       6.71996794539        34.0741156646         1.28135146169
  246     59.7392653292     0.956613058906       78.3230625952     1.51470196967     272.253129412       5.37155236778       -14.2982184326         1.02651510219
  247     39.0446073358     0.786247648401       101.977087201     1.31784253756     187.957445841       5.69945591599       -24.7208057375        0.765830036387
  248     80.9652361714      1.14455631657       167.193424122     2.08461075983     711.687889675       11.6485731101        19.9144992048         1.34894250744
  249      15.052040963     0.813170332267       53.1509127257     1.17917326384     44.1105323043       5.94808082875        23.7778855604        0.917867225024
  250     146.485955843      1.43705057325       222.518306219     1.94267330611     494.248266574       5.64358510696        55.5610688783         1.32715409369
  251     35.1112233821     0.855491636831        105.97504163     1.29656122932     127.162562769       7.09266737131       -5.22280139599         1.06706158986
  252     57.3705507967     0.868603303175        66.694261013     1.56542311183     65.8669049435       7.73425242339        15.8938680838         1.44188137011
  253     34.8758682425     0.685337499866       72.7931451394     1.02600333745    -16.3281893243        5.7599395749        21.8911513685         1.14003890147
  254     40.6865847826     0.734533676976       72.1976358652     1.25530651687     72.9082658818       5.97832357827       0.318856067821         1.27684562426
  255     67.6843127545      0.98928314108       157.581855725     1.65657076778     311.407914199       5.71953844496        21.3499087401        0.810972056662
  256     28.9331449449     0.764705712495       33.1788955408     1.29867330187     13.3707010781       4.81854049832         7.8045299573         1.10891888563
  257      7.2457493843     0.706026139335       30.8745827432     1.51011327606     147.059683221       9.99207110527        4.97225465176         1.09536213594