# id F89 E89 F90 E90 F159 E159 F156 E156
   1      451.705450607      2.59703337591       961.647962364      4.79147468221          1163.05981214       19.0634449678       39.2096140247       0.686691906935
   2      871.917577481      4.28382830286       2009.80154681      7.95768704508          2720.15580881       33.2975799462       59.3637048849        1.08542458265
   3      299.368535667      2.28063543726       636.127663962      4.21963484218          900.589893168        12.878435803       29.5733190763       0.639153120744
   4      407.109990531      1.72874806861       547.236081047      2.25757975867          737.691267381       6.03496867153       91.1608366707         1.0074536913
   5      304.771453626      3.20060492676       617.077369006      5.85314321782          1020.07975792       15.8408629632       40.4272819114       0.672759474936
   6      1235.22336094      10.8882768479       2938.84818059      19.7336751995          4573.32269746       61.4964814671        52.137810816        2.38002412692
   7      1068.87854123      19.7974221069        1511.7733898      47.2449021943          1926.11933301       96.3337825671       176.137136092        2.66038832872
   8      88.8634335411       5.5546979578       166.985806179      11.6465470222          268.856314259       24.4734625253       26.8092458961       0.808792180364
   9      45.3832269439     0.880642286128       57.7636543163      1.69090115027          50.2421063437       2.93048637997       2.78474885273       0.637206372033
  10      811.317992235      4.80334042433       1324.91469326      7.13778547405          1789.84451946       22.1251620597       104.841254641        1.35703931137
  11      16.1403025792     0.637936248287       54.8561538939       1.1233557679          124.451721355       2.57593703327       19.4584570293       0.699165642399
  12      26.2106947843     0.584113815954       51.9473358048      1.23460822816          100.887123683       2.77132592555      -4.14030538588        0.46957713021
  13      171.357195433      1.41738655049       328.737443745      2.79232787392          1016.12504357       9.70957047377       33.2541674213       0.522104465327
  14      18.9496143703      1.23572469574       38.6320345461      2.35570253632          179.741006623       7.02864465619     -0.758903832153       0.682617933734
  15      73.4791948918      1.24926541485       141.307267778      1.70131569673          193.213405427       3.96849988721       22.3975028405         1.0650265061
  16      76.6284054573      1.55387384846       159.286683063      2.55554215967          168.745338079       4.96761800109       2.81210281005       0.909958451685
  17      16.3967529468     0.685317070253       47.2599039525     0.924773039441          21.4446076903       2.25924826878      -1.02932525622       0.612860106557
  18      227.716818963      1.19722185469       288.912307921      1.50781004274          397.853093652       6.55894151626        32.226454194        1.39656497182
  19      36.5963616825      2.56598531468       77.8460715958      2.94783267589          165.521193585       9.54384121338       26.4495862177        1.25206273045
  20      31.6175424943      1.15202561199       76.7140193999      2.12034281315          161.146283536       7.58301329647        15.073810197       0.475185563462
  21      270.464465151      3.06526303592        596.94129085      6.30652571962          877.310320388       19.6039461128       25.3490859934       0.943706511139
  22      22.0347552122      1.38882846589       45.2574195395      2.54410823137          82.4091819523       8.55721347071      -5.19394843719       0.630544746749
  23      32.9394552217      1.43620245981       45.8720803775      3.03450959964          103.980306484       9.76567314493       10.1878612816       0.587476809092
  24      41.1013528728      0.81291985544        45.513284603      1.55038749237          62.3022762587       5.50324914437      -1.04591411831       0.568629674978
  25      47.7181683627     0.676492343887       41.1843145232     0.973911462111         -47.3545845999       2.94350949956       16.3686895182       0.470767313991
  26      52.6334344694      0.91018926126       68.7281919274      1.05218281386          111.828237592       4.56500922963      -3.78422786391       0.585247768593
  27      37.3281360997     0.767526750848       57.0885460844      1.41061538273          77.7082668588       4.42452475673      -3.62893046348       0.634800560249
  28      162.179573423      1.00745521633       301.466504179      1.66469409949          403.227606452       7.58918325387       43.4983937386       0.901319956355
  29      33.4137811635       1.3828387267       62.2908767359      2.63160682618          186.623104261       7.53387971446      -4.94810961644       0.557818673254
  30      67.2631361304     0.643782040749       90.3189060824     0.927058691248          106.445415063       1.57971739032       21.7617337647       0.521851692109
  31      20.1987439849      1.38465709113       59.6281927575      2.71504203618          211.999139181       7.16335825569      -7.15550410006       0.530250303618
  32       36.877973649     0.675737170738       81.0339174082        1.306253084          115.106998489       5.31578210696       4.78515989803       0.635341037849
  33      69.7743232174     0.854740356971       95.2722230372      1.20164149929          112.775224397       3.69347628315       19.5190239181       0.728786313689
  34      35.4594358668     0.676393134712       65.4164566913      1.41005436838          90.6721207419       4.09015307044      -2.81392887801       0.634395198535
  35      289.203366237      1.13679071438       651.779190518      1.81619637595          739.491510989       11.1540780609      0.616039702399       0.680480705609
  36      19.2271214444      1.54025343564       64.7665024135      3.23421471468           129.57083834       8.82623777657       7.27602736712       0.518824321316
  37      122.117316396       1.3966455844       252.029690791      2.53588359409          366.904383073        8.6356233928       11.3182069764       0.887327640831
  38      98.7088008886      0.72911455773       135.932726441      1.10008292357           175.46167532       2.58814710032       3.34024060207       0.651845148254
  39      36.4366981471     0.655194886238        81.185245355      1.15278389078          102.651570716       4.65176001211     -0.361769054234       0.689244977524
  40      38.4117316208     0.828838760987       74.6260278338      1.54157831162          7.53131215897       3.82135880171       4.98362290083       0.635720937626
  41      107.990825331     0.714561051701       323.930380328      1.18906151022          442.083678803       6.94730584068      -5.56379951172       0.511278280411
  42      501.464711696      3.79148318054       1098.89991108      7.47069319729          1873.67480982       26.3057904655       33.3686536887       0.988680086227
  43      86.7251992632     0.941137852808       160.990900286       1.8852178946          265.206657599       7.21875870354      -14.9474397211       0.720670768198
  44      137.938012001     0.921251487683       150.749272743      1.19671184694          128.104318805       3.39076059134        14.017451247        1.07834631884
  45      20.1945034432     0.805697279331       65.9227008045      1.35000772724          94.6678989487       4.45743946936       6.71113783244       0.833244472444
  46      63.7392035032     0.720167273252       148.368968126      1.19377526424           180.24069442       3.32015756984       1.64912308403       0.678926732776
  47      18.5151739593     0.939170706075       58.6629073492      1.65187736074          95.0801041125       2.98017020111       10.9737298034       0.685677084738
  48      14.9771981704     0.736548542336       62.2149184492      1.24182522556          80.1009774542       3.68766789698      -1.32510773866        0.66879953838
  49      9.91588313573     0.877760489964       41.9111494736      1.66433050515          34.7332716119       5.39467793499      -13.0027519594       0.742434157581
  50      71.4198909956     0.651559335185       151.607380623      1.19640371318          155.703602618       4.42455611819       1.77144686638       0.592970731545
  51      81.4840509248     0.728343775409       87.7506028349       1.2593920277          116.289549282       3.62626635093       2.25296884692       0.840673090328
  52      56.8924755802     0.606717446806       111.705227886      1.03118828751          169.819891833       3.25887051348       14.7991445288       0.659336212412
  53      47.1931302954     0.722790973576       145.663105003      1.10537870552            270.7020496       4.60166045916       9.01549409631       0.638800558436
  54      95.1333504983     0.825615246246       134.891489069      1.07150118491          227.005999753       3.36574482563       15.1190380228        0.91207069319
  55      128.198434128     0.909893932059       285.795995829      1.53764932452          323.910508279          5.33029382      -4.82688728279       0.808496145374
  56      84.0280216942      1.20265331038       85.7678239249      1.55951679288          169.273742548       3.81589364978      -2.80373461698       0.557060238005
  57      1066.40936199      2.25818130951       2620.64847003       4.4965677806          3068.08953249       36.8485188176       47.6763245975         0.8258178815
  58      98.2751403887      1.58072896077       160.842884577      2.28157361797           341.43678439       6.13985468433       10.3005940422       0.878811004459
  59       74.594658463     0.812287295033       117.883209168      1.17187266418          180.263707316       3.18386789589       22.4873238775       0.628227850403
  60      285.889991831      1.15486430348       919.265835406      2.76432783973          1466.93053956        18.886928562       29.9477345655       0.924635303959
  61      9.03804897655     0.775288185446        33.832981531      1.30695640152          107.155181858       3.79203646099      -2.26163876945        0.55507824365
  62      9.26628325775     0.846431698789       38.9172134062     0.953132668397          107.355863213       2.66927847432      -6.73568137725       0.648835182846
  63       68.188167296     0.760524506559        160.89211411      1.33449301597          161.460152826       5.15821134949        11.155556864       0.827619035368
  64      94.3283012028     0.863715336878       220.926010179      1.33437276435          233.876208016       5.53002923601       13.5169235578       0.816380191839
  65      153.773814287      0.95168193244       267.750744093      1.36113353598           220.74218872       4.11108240881        19.527650916       0.956760359687
  66      465.373011746      4.71450978836        1587.4953381      12.8886125134          2350.68556379       47.7922541738       55.3896160164        1.59793613607
  67       12.905010453     0.721603888252       31.0200484502      1.10416454695          39.0452625693       2.34049439511       21.1227448932       0.799647880506
  68      214.982808869       1.6543362938       409.498466034      2.65662007216          595.763238808       8.07356247945      -1.93949532881       0.705259874241
  69      10.4269524099     0.803496457651       47.1279703206      1.24793389658          75.5656088802       5.08819632102      0.102456463632       0.484656509067
  70      184.687712715      2.08042208736       227.351298037      2.83143469279          251.239599162       7.51273867197       67.7900296785        1.25720094386
  71       67.924506327      1.42071837363       175.045282598      2.53565766158          264.317083919       7.83642103936       16.4896420708       0.907519940107
  72      135.799989422      1.01667405768        193.45037152      1.42810647265          286.023769869       6.58761612026       2.00746415534       0.920999935381
  73      16.1637135736     0.707517638867       74.8360485135      1.32797834501          188.020826956       4.48110477031        1.9212696202       0.956204412326
  74      71.6814190373     0.757314121056       73.0306658699      1.02498045665          58.0262732198       2.99175481324       10.6685749274       0.578876751247
  75      44.8551216518     0.836190211754       87.4871814119      1.33330875165          124.730650799       3.71918064052      -6.51450336294       0.760430932157
  76      39.0241491493     0.717768818902       86.0283497295       1.1704056972           2.5825323001        2.5018241481       6.43394886284       0.664436593729
  77      41.1120252003     0.747511105981       55.2303831034      1.19157725357          26.6521557637       3.00131603104       17.3806960338       0.734312077361
  78       48.541234037     0.651639903918       79.2821465461      1.07145323286          134.262937507       3.44929729987       9.63783062156        0.68803595535
  79      29.2663482155     0.691619161951       47.8691536834      1.06514638999         -7.68463061128       2.56799884637       15.9884926808       0.642433342005
  80      65.4153142532     0.797742789013       117.648382115      1.34084315729          126.897388357       3.03094570908        11.603789377       0.828462720028
  81      22.4645145205      1.01175917813       33.9186525805      1.50993401095          50.2323329866       3.09658912963       9.75608156114       0.857570254934
  82      39.8351684811     0.652525298975       51.1122089855      1.12108968009            59.72714769       3.16089152841      -1.12607979915       0.658186994838
  83      303.567552631      2.83011741822       645.727437107      5.38075886545          942.526933482         12.96506124       19.1630158515       0.682186969079
  84      11.0182429856     0.711690509146       47.5182992849      1.00083507828          68.1396921435       3.68574447329      -2.58030084521       0.577062391968
  85       518.57130706       2.7742675806       2290.64861472      9.47915545513          3021.27979546       57.3158306939       21.2459549968       0.782597260989
  86      28.6073525919     0.676838869055       63.2785313511      1.01573691053          38.4112668319       2.65377320767      -12.0033673382       0.755477674136
  87      29.2540270901     0.705185570705       48.4305335819       1.0534258787             94.3341948       2.84685768282      -9.60119683194       0.604251223057
  88      13.2278395808     0.687547468105       27.6828758253       1.1132878398          149.638308843       4.74013428623      -14.0947499746       0.624864920928
  89      41.1615837365      0.73371897531       39.7128754144      1.04440697044          115.529617068       3.19417089651       10.2862453412       0.633392594932
  90       26.137393371     0.767654281111        91.316937084      1.15169559604          165.904068975       3.44837532383       -4.2638363651       0.574748585657
  91      72.3187653108      0.75213766155       81.7335649167      1.08150147245          124.507168764       3.13189827446       9.42842638199       0.581287695835
  92      996.204055919      5.43989518422        2374.5246696      11.3240671764          3309.48529024       48.3276981564       52.7872195897        1.28172787291
  93      22.5977946119     0.884631731669       63.8285145684       1.6041166106          23.3439268936       3.10631615583       17.2244288383       0.626631659017
  94      36.2915016746     0.849460381002       58.2908052091      1.52717206877          71.4636660051       2.70429073464       7.68145065872       0.659578534826
  95      21.5993926689     0.843667707849       58.6590113314      1.42351991728          60.0378669404       2.67156006879       7.66946393987       0.911994034229
  96      70.9587296935     0.737606218752       99.2087172131      1.06980677908          70.7870292236       3.33845319514       -1.8962811185       0.705360039729
  97      67.5575126385     0.688266582111       84.1087645815      1.17357340123          110.084258822       2.10178140117       -1.8462325589       0.805088551761
  98      144.511761495     0.985573303906        281.77703694      1.81087476162          266.110113799       4.60964727039        3.1007011674       0.600180145451
  99      149.904091203      1.01632154841       176.976756829       1.4591170607          156.115948967       2.81731215421       22.7885565634       0.777006382623
 100      36.5932736419     0.680743703209       89.0401488377      1.20807290965         -29.8126942606       2.81206895848       9.32766040408       0.671334115938
 101      83.9306275695      1.25578536668       150.105701047      2.11752210048          148.030910696       3.37126667644       32.3581585313       0.546797313617
 102      3643.70934833      17.7460333162       8935.67490223      34.7523676507          12442.0342161        147.31582869       219.235291475        3.21981096917
 103      1232.29380663      14.6337323958       2596.02526526      28.9411854905          3322.67499461       117.638743258       87.4242781348        2.69696001756
 104      46.5723097388     0.731467302262       128.459488933      1.18490826382          169.732848305       4.59024556787       23.8454299385       0.589062725816
 105      148.605571287     0.767787195256       565.618680022      1.34230999244          949.224631134       11.5842898076       7.96195556507       0.770569835387
 106      43.3263435835     0.732469652108       82.2953763776      1.27732541493          79.0551656631       2.83428582789       16.1003017916       0.560190040983
 107      276.210329314     0.801517941531       406.665025757      1.24008609582          384.166058669       4.64625236801       59.4974493403       0.907007840752
 108      149.694764208      0.88550593292       251.916629227      1.22603785549          291.205499905       5.08520596601       32.2699422196        0.93265602546
 109      51.9397247478     0.678261061942       45.5914283791     0.984263703814         -31.8701204327       2.99985988245       12.4726781725       0.642007371735
 110      263.944224163      1.42868193202       567.383620951      2.49546234699          628.674136369       9.59052280925        60.967040895        1.17548575581
 111      33.1292596062     0.701370544878       56.9406939876      1.03944736502           47.032207809       2.75182436686       3.01177899251       0.740898044133
 112      31.8037981134     0.701351346959       48.7354090281      1.18171379961          84.9760932129       2.72832852797      -8.89687860092       0.780026836923
 113      57.3034062814     0.971371350946       78.9395746047      1.31690764034          83.3242437104       2.97975323444       4.17971628596       0.644601363399
 114      41.3572005424      1.06730402093       89.5197144043      2.16977707933           97.162515705       4.81355735106       8.16847784171       0.564170301761
 115      20.0107015914     0.775892008463       55.3749780645      1.18477176513          75.4377058624       3.10756979478       8.18763921026       0.558436218514
 116      3412.31166812      10.6214623516       8694.31674579      21.0511608519          11550.2848992       118.709477309       167.857184407        2.07124281544
 117      172.113702165     0.955952670139       346.152073998      1.46044085592          504.087145577       5.45860347287      -0.76704487609       0.704976856606
 118      40.4768739774     0.764447588366       53.9122332034      1.41916106221          43.7423831006       3.20545985427       3.31476166078       0.649121168247
 119      46.2765218644     0.605946115352         72.80015517      1.18836059888          94.1307127914       3.10343172731       18.1033398737       0.651108245958
 120      89.4666863624     0.684321675211       119.844165609       1.2832191411          106.213623037       2.88321740258       27.2089599559       0.673679910419
 121      39.0504854998     0.707834234642       79.2856237956        1.165608389          37.4694020487       2.74702012806      -6.15626685713       0.651930441739
 122      55.9425643309      1.03981461079       86.8219043974      1.40963440181          75.7789134344       3.12886259531       34.9134530878        0.90045989671
 123      186.608193655      3.99934959797       517.311269487        7.959526322          845.845853786       33.2788135952       1.16602282842       0.840351389976
 124      25.9521057348     0.719239150275       80.5321124933      1.11571225061          145.618397168       3.26570732046      -14.8361821252       0.712718849029
 125      187.932499289      1.60807709314       395.584871939      3.06209037289          571.140160126       8.68057899061       17.8184531857        0.61100801149
 126      147.062495743     0.720158264694       270.867996878        1.157494354          244.936011163       3.79128095971        38.054600415       0.624697007123
 127      38.5464126471     0.686772630985        91.661999383      1.09959353694          33.1120514206       2.97452959972       8.86840556726       0.607507074506
 128      221.119785402      1.88950623304       470.504923912      3.64111812026          707.375337116       10.7594379119       28.1417438718       0.711375048808
 129      76.1895480287     0.767896650552       143.888297692      1.42050463517          220.992607539        3.7630772245       0.86380273103       0.642059075523
 130      932.201147856      7.85933149031       2049.64229549      15.5650484887          3088.43917935       50.5447365681       85.7783759191        1.22006556304
 131      717.932771122      5.49332191429       1725.15262326      11.0135807021          3757.56296379       50.2669850547       134.383949347        2.65427423313
 132      22.1724711574     0.900509412302       57.0517086064      1.30550424129          175.569395571        2.8581210511       7.05214787526        0.75930745632
 133      49.6515216633     0.872778636708       58.5858470056      1.35455844964          64.7653076362       2.91216494537        12.788714158       0.603461428826
 134      71.1045626087     0.847322015225       137.525440032      1.58968789399          227.986402795        4.1601695001       5.37563380823       0.659377981572
 135      66.1754008523     0.684462376329       132.764643438      1.07325032966          184.658486912       3.55197976683       4.81572241167       0.686026742097
 136      63.7827161789      0.63872848617       145.783617895      1.07331545347          160.116529299       2.69631286814     -0.383276339234       0.574138463605
 137      21.0155289273     0.904505688342       56.4195673793      1.76940669762         -19.4433557666       3.04738022316      -1.74794758237       0.551817367705
 138      7.96007797547     0.832107622995       63.1294351379      1.73601378649          79.6417983042       2.96452310887       5.64556031877       0.530322882903
 139      40.0808833637     0.766451995914       41.6965425033      1.17234479859          43.4684214833       3.35261785265       15.6698717115       0.600321487274
 140      675.495139003      4.80494597662        1523.3830251      9.72787376882          2018.03477179       32.8406708857       54.9745731795        1.23413901973
 141      9.74832838029     0.726672007884       57.0019114555      1.07091425133         -29.8148139942       3.14961988274      -10.0696759108       0.569343326035
 142      200.489868807     0.956621844192       243.596928793       1.2803031273          214.906727513       3.81136129852       35.2915518334        1.15594948572
 143      28.8940985001     0.780600164197       39.3825957908      1.19841142627          45.2045067885       2.48790731774       13.5345589672        0.60673653716
 144      120.150678341     0.609622267194       171.244641779      1.15735538186          173.280934685       2.28431689688       8.08151117424       0.685838075557
 145      39.0229696397     0.645134618548        33.710985921      1.15631686131          14.4798405034       2.38299190942       13.4966972751       0.636994998603
 146      63.8129000984     0.698929296904        60.125955379       1.0666449561          88.2987465118       2.48228916567       9.03058981736       0.575776747026
 147      17.9350168157     0.718106225249       44.5895111224      1.02691617739          48.8448017713       2.67715162648       5.56637238407        0.58925032042
 148      179.388636207     0.799013269941       373.042658966      1.36684898284          321.907777843       5.09447518908       14.5012757623       0.595183107075
 149      30.8172715125     0.770536803429       69.4134374128      1.40252433822          37.9431580221       3.32449701735      -4.25032434115       0.530596738995
 150      71.3627475979     0.723158698914       106.322665411      1.25294631033          54.1120793575       2.65843652773      -2.57773568949       0.580401972522
 151      46.9055056555     0.698852262322       66.2990333018     0.983248528016          31.8842178425       2.66554358896      -12.8656160107        0.57284997371
 152      77.6647633066     0.609796013906       136.172212774      1.04683677494          79.5795232341       2.61965962878       16.0870133785       0.853778450819
 153      49.3139117023     0.670196493464       55.4996909599      1.13273837924          5.08479648337       2.18520005837       5.36678618202       0.524998533469
 154      1686.28730657       3.9646393518       4159.92363813      7.16683363299          5314.91773178       47.5059501399       75.5266034364        1.06992813351
 155       13.019813135     0.668048623451       50.4191281598      1.01596484479          22.5102480482       2.49764665975      -2.93062316944       0.885484009346
 156      22.1355893637     0.608494214203       54.0441101688      1.08999927598          89.3826381778       2.21618880934      -1.34046208464       0.508643911777
 157      34.3928747943     0.790516055823       52.3176044516      1.63532237863          104.323313677       4.09017943656      -3.52034188888       0.662674129073
 158      49.4110779463     0.655749808418       104.944113739      1.29069937472          68.4884957166        2.6622964421      -2.61896808631       0.510550988326
 159      72.2920398641     0.986172750299        143.44648205      1.50613474243          176.929167123       3.60623735937       15.8432032097       0.687845996755
 160      22.9364863885     0.975006731283       47.8748132622      1.88599967735          141.072474342       4.42368893836      -15.0116908138        0.59706511296
 161      97.2046830616      2.91242679465       148.045384251      4.68953322429          259.283362023       10.2795183662       11.8275653374       0.755117240903
 162      167.784800279      1.44016628048       367.024608451      2.20091417861          502.306924597        5.8055271664       18.4735163443        0.56778164657
 163      89.5062809668      1.00313953636       118.167563982      1.52064159962          71.6344080835       2.51224166308       10.1437114481        0.66435040807
 164      112.007504842      1.54550570005       291.187481534      3.02894514839          359.564412334       8.86265193911       16.5013720162       0.787470087875
 165      44.2079573718       1.1257106232       109.577295698      1.90796781039          206.368246504       6.44241527438       12.0948020788       0.530465312907
 166       36.981488714     0.731117901548       55.1657751904      1.11159654019         -14.8158587083       2.46882493291        13.970282401       0.623065003617
 167      55.5658547337     0.781543707957       122.234789605      1.13051511952          85.5323753624       3.31424805442       8.05030048764       0.621390492729
 168      12.9840862779     0.657045813556       33.4079031346      1.12614385806          41.3813928703        2.0543631412       16.7316566734       0.401614286324
 169      48.0388740554     0.699400660835       93.7670378206        1.134379847          60.4002127202       2.73463248449       0.07176623325       0.677052687373
 170      51.0337410336     0.665883512688       76.0627457116      1.08455791692           124.71295789       2.92507923216       18.5635500473       0.681914417394
 171      16.1888889902     0.604574901418       29.2111622132     0.950737045532          21.2209639226        1.1951336596       1.80987301326       0.554710977548
 172      357.811051202      1.78013237457       858.428658663       3.3014810198          1157.77317876       14.5370244335       57.5016906242         1.2926042661
 173      14.3254180384     0.826965253015       39.1455598287      1.64629904343          96.7378386676       3.96191152195       8.97742522041       0.493760356167
 174      2071.65069617      8.77602792032       4932.55450878      17.0811192545          6913.40694626       72.5049732839       114.361501696        1.78389803442
 175      79.9146350078     0.915054158488       138.579559989      1.59811460795          198.273238644       3.18965757714       15.7151311712       0.619817127158
 176      56.6029072413     0.787371642884       97.2528923175      1.26446409786          160.020759986       2.50931084673       4.16113663029        0.50379090173
 177       52.885681794     0.738051542022       88.4939706677      1.35495443585          139.060393093       3.35635392611       18.9879399989       0.595121048538
 178      133.220361235     0.880454425181        272.89986257      1.43596376095          267.734915002       5.15848821398      -3.61819707465       0.545024555995
 179      73.8577227158      1.06888637163       134.962598088      2.09778159608          194.738841272       4.74470524657        5.4960262034        0.69559289567
 180      125.104589588      1.17399201896       262.352701782      2.06707126971          272.073543612        5.5427050823       12.8879893439       0.736843503096
 181      5620.21720469        26.71020935       14206.5928666      56.4899521729          20544.9533908       244.878010557       291.250398994        4.68765955966
 182      116.494867893      0.70353273243       332.247459412      1.01686056406          250.717427214       3.91185477764       26.8235240989       0.672386190995
 183       361.38611527      4.00821777683       625.382744083      6.80585805882          962.824416516       17.5225395807         30.73175771        1.05764884099
 184      114.052642815     0.766183950357       203.433123908      1.16351620788          186.347314498       3.77839166324       22.5340231516       0.515665314568
 185      49.7154511338     0.639535107905       83.6898187255      1.13979811452          86.0748776383       2.45987311862      -10.9216721307       0.736426056694
 186      79.5829222705     0.752803031655       110.272213833      1.28234488638          39.8751094944        2.5237452042       10.9758915135       0.563958207662
 187      93.9943475293     0.693127178509       109.945098357      1.15419867492          99.8459055781       2.50221793755        11.967041903       0.812506950658
 188         59.2909556     0.766775866335         90.30825214      1.23379613547          131.695761285        3.2418709757       13.3058621105       0.560577938117
 189      36.8513210688     0.749154399506       82.9365581832      1.21940607861           63.182376623       2.75627090352      -5.08040547507       0.595492808063
 190      40.4544334655     0.628380148169       86.9940984786      1.10223055508          79.8005838823        2.6875772342      -4.04766884893       0.508879981013
 191      29.9923390529     0.702086005951       68.1140858462      1.09017936703          101.980488866       2.34847088973       8.75382085148       0.691014756759
 192       151.56920089      1.76967454924       451.860576134      2.65235951148          735.314979538       4.86340920185       22.8189445119       0.870117851156
 193      39.4676027842     0.707392201616       75.1819646243      1.10572397039          99.5450517223       2.27210325118       11.6195152606       0.537993642615
 194      239.577009922      3.17751384907       625.680114963      6.66181355635          922.723513076       15.6185903159       48.5211449529        1.32271941758
 195      72.9866595105     0.680014434709       73.6692564654      1.04284235235          76.9296739846        2.0941974736       9.78102624032       0.688067829309
 196      104.483303736      1.36178520379       259.030522003      2.08717692446          777.862452461       12.1464305871       13.8233504198       0.993981541147
 197       77.468587065      1.30985676109       115.341240982      2.30660465573          167.769382518       4.47904046955       15.7814538607       0.615743292946
 198      185.021589736     0.771632713014       356.082434724       1.3171860172          334.431164173       4.29996841986       28.5157813502       0.696454709902
 199      170.175101788      1.21978268574       365.735770659      2.13457706639          487.663501891       7.75053921553       20.6576207745       0.718004751795
 200       87.131431785     0.949964252415       179.056655019      1.58846944341          229.260709847       3.23703499411       7.67951317386       0.552732376611
 201      22.4932692331     0.596351212392       43.9808667836      1.20975186434          16.8846788821       2.10750154556       -4.4007190246       0.574300970053
 202      252.967814276      2.05686272829       494.835103816      4.00858644538          684.034994062        9.6403805922       19.5034620385       0.740400978741
 203      26.3719426606      0.69324458279       47.6516988788      1.10121472949          11.7124300534       1.94227806716      -8.10999121192       0.721436229514
 204       127.83437675      1.76137970452       282.342995863      2.92962047442          371.505154955        7.4528881132       5.26358971166       0.706182076965
 205      275.535650732      3.69225571918       456.419398595      5.24033031398          552.073692087       15.5738487674       21.0618446479       0.975425207966
 206      89.6566376019     0.655591199432       127.393762109      1.13403908084          75.1534879888       4.12634312255       25.5046689384       0.767237694116
 207      39.3914328715       0.6164946823       60.7597092685      1.18534852328          86.9329920106       2.91907616062       14.3356013281       0.621602155462
 208      39.1993433657      0.64714487058       61.9112995554      1.04564043806          73.7346039084       2.21300212162     -0.783126617407       0.568850150613
 209      64.7790415663      0.99040157724        94.027650338      1.42279315496           84.727489093       2.65356379147      -3.32602723632       0.533899703575
 210      476.558850843      1.88225436593       1513.26878232      3.37833910277          3783.97212585       20.3599041959       18.2372067599       0.725998554946
 211      31.2206889044     0.622609735267       58.2696562212      1.02408511516          24.4017842864       2.55428004397       -5.1026532442       0.526963149602
 212      52.1877826358     0.781743238354       70.2569017627      1.22883229563           33.301417934       1.97992881698       16.0927959161       0.796873859093
 213      33.2255990836     0.738433901951       37.7384523248     0.992455015095          75.3175927369       2.50373033417      -13.6888161826       0.516459268651
 214      12.7207736857     0.647672796576       39.7415648659      1.10187050592          50.0644123823        2.2470801875       9.84183348661       0.531931915813
 215      36.0411282033     0.624870261251       56.2428055721      1.26792555903          130.178258906       2.24310218033    0.00670127644824       0.611957778943
 216      22.0852120455     0.668976319675       56.9787127757       1.0761468486           22.446865595       1.84820236187       11.5464933352       0.662435710255
 217      45.8421982517     0.910118498523       53.4176344822      1.25766572018          4.95529801768       2.75542717802      0.552843354392        0.60297347403
 218      22.7148172403     0.651133480417       26.6655982406       1.1286862914          28.4752145394       3.04776706316       4.62374965516       0.549789769842
 219      17.7962803828     0.557313343479         29.52045613     0.863282951413          118.930597481        2.9789377135       14.1311594626       0.413961867146
 220      35.8625766627     0.723777248263       89.1007433654      1.40182179483          56.9081815349       3.70991370422       1.17990353557       0.482871811698
 221      14.9099064838     0.886703218651       24.7470229963      1.52041423656           72.566726136       3.85875884166        10.327791965       0.598133698812
 222      39.7294720879     0.785196122681       76.1379949486      1.25732110276          68.5110506444       3.39494839967       2.04500640052       0.691597390951
 223      45.7913670309     0.758146427326        90.798630971      1.71271154045          175.875763804       3.84957225437      -1.79871217789       0.638823980414
 224      39.8369206423     0.697716257037       56.1205848684     0.963487234071          127.487868814       2.82000420422       14.5079673796       0.720188729616
 225       37.935429034     0.768610116576       87.3783569188      1.16206986736          77.2759666438       2.44825073579       2.24697043634       0.680940292719
 226      12.6096484787     0.907588334814       24.4937863608      1.48080368976          93.7608552958       4.48125382552       12.6234148431       0.632155907093
 227      13.5049893351     0.712574344718       38.5848146042      1.30752175968          107.309108724       3.35199724523       5.28062687463       0.454677251353
 228      103.642854371      1.35248834888       212.210601496      1.98430077866           289.43244807       3.93752068106        1.5473638395       0.681941201211
 229      15.7770199826     0.815388789837       26.8509285216      1.41471831697          52.5911883052       3.25327671988       5.25170712447       0.540685963355
 230      19.4593799057      0.64513581571       41.8327276388     0.845048584493          62.1269404691       2.30026941996      -2.56051668302       0.661773411564
 231      76.3146036133      1.12675241353       83.9591164321      1.50990746151          196.859434932       5.02944168631       22.7403561047       0.783374288939
 232      1085.99299023      3.83664688099       2492.47129896      7.19121011338           3049.0953236       37.1571313782       54.7358701058        1.32896500952
 233      109.274690638      1.29014199183       240.827413435      1.99165228992          493.484608774       9.48083388609       25.0111547824       0.961886508617
 234      129.596993193     0.732801070696        327.53837811      1.42916725945          374.503391814          3.97692997       4.11452696935       0.566315600428
 235      41.4737583016     0.719462371704       39.4274496033      1.07194537034          37.6007089549       1.92283948357      -9.63518380937       0.709158800784
 236      190.099398403      1.19439263496       228.007205685      1.30346440056          288.438895726       3.07686918789       41.0296808137       0.768543794916
 237      105.448065577      1.00213260679       121.916015256      1.23489198266          113.420674883       2.61266916759       38.9656362826       0.585284401149
 238      395.904500115      1.90439773887       1839.15373672      6.92156053127          3753.27283446       39.4440664474       22.2616054163       0.695392755028
 239      30.1657999172     0.657579144881       39.0865012099      0.93860997557          43.0467112605       2.37989825662      -14.6366462412       0.656171069885
 240      61.9957970555     0.622729303252       143.635318614       1.1019546212          175.013293848       2.44855155905      -9.91933675399       0.669244146294
 241      53.2753303508      1.48433370592       50.7541914296      1.75845948818          22.6637494296       3.59508479449       15.6506631259        0.76763364601
 242      18.6337483268     0.572458282318       43.9778435856     0.950338537395          79.6987140258       3.72408654687       17.5719670875       0.352085182696
 243      19.8307812717     0.666118664881       27.8293352999       1.0721179583          14.3769586327       3.19982257022       3.38719481603       0.453845746216
 244      94.9730246832      0.91607932348       103.009458987      1.88861116839          89.3163307868       3.18422175546       21.5521761895       0.723483949799
 245       182.05943619      1.12263033567       229.650842458      2.07919065861          200.753510195       3.89185772566       10.3102934171       0.633350174066
 246      38.4754890184      3.16410136649       109.066656155      4.62689170346          184.125527153       4.76384542587       13.7919495955       0.744312069295
 247      77.1267543406      0.73800924845       81.7627536673      1.27067940344           155.33589169       3.08481710819       24.4323662432       0.664180131088
 248      49.7045852409      1.00277747556       66.7631406917      1.71631967131          146.585799306       5.44652155491       5.89699722502       0.811408922952
 249      58.2961559244     0.907510936022       87.8523530466      1.37350051118          96.8394753184       2.52858677198       9.34378908887       0.614189061698
 250      26.3248068174     0.722686983201       72.9172419409     0.972884756471          104.089641136        3.1866203027      0.175669600771       0.637651690452
 251       7.6122920429     0.871177302504        39.572999249      1.54845150227          102.337756321       4.48189900165      -15.7909710973       0.557364790742
 252      85.7138004382     0.674549815572       114.874239476      1.05074951857            64.99450242       2.75052324112       10.8578296493       0.564943241311
 253      56.6553029913     0.896046797152       65.6392206991       1.3383143844          109.342099114       4.19841245835       16.6504937566       0.689852684838
 254      48.5967820055     0.941936792184       98.9787193802      1.41014160411          217.699346654       4.96033739014       9.26910035637       0.612313743692
 255      249.306624567      2.37473030426       508.933339471      4.50512023876          644.542929002       14.6463786834       2.32211782742       0.687127547015
 256      99.7341032726     0.875541092566       233.360719255      1.16601235297          299.580870419       4.51046115238       3.93550248721       0.495549243989
 257      84.8113938078      1.46347284174       137.057916647      1.93436774004          125.548662869       4.18174001563       19.4600977178       0.640783974986
 258      54.8191154552      1.64731008872       66.9691545819      2.10341335397          172.833404362       3.40637032257      -2.10659330532       0.652752664698
 259       21.294289179     0.890650740997       31.5369229567      1.25610820385          35.7395103634        2.6435755238      -9.74719024797       0.522485873054
 260      64.2842570233     0.770427023104       147.487188098      1.15020851643          130.887250416       3.34006957391        5.3469789592       0.561068675894
 261      38.3520277595     0.720345702899       64.2820025817      1.09400775174          46.3809511575       2.40138985466       3.21055937175       0.587445434392
 262      257.873029057      1.05597574204       372.817931089      1.48218692939          383.345790013        4.8239020992       42.5010019074       0.709857545877
 263      38.8724430363     0.742571348251       91.7796586761       1.2229021078           162.02811551       3.95803073818       13.7942452063       0.604337083821
 264      23.1382843612     0.730024820009       42.5255879878      1.09648935008           19.079844416       2.58367191442       7.79099050304       0.671103384814
 265      128.406563477      1.69368691376       300.039060428      3.14216970131          302.039593414        15.850226794        11.279103264       0.711406503643
 266      13.3161610115     0.786084244433       33.0092633375      1.27038347477          148.093285472       3.82082336092       7.06725957448       0.449002357231
 267      104.086429615     0.783947188086       198.978253425      1.55056329389          460.364975753        5.7865855072       34.7502521592       0.827800242195
 268      20.9670519967     0.686851466724       62.2136718286     0.901656292783         -3.10777593732       2.33156203733       18.1508917872       0.513757508547
 269      79.5875801899      0.74020644289       119.971520103      1.24973047876          104.772968376       3.49948789608       10.0339875504       0.648593569012
 270      30.8759496375     0.650740264385       47.5922024952      1.21226218776          42.7912883609       2.72168583245       13.8878152248        0.58881135793
 271       8.8178035924     0.785419721462       44.2316347118      1.15045812082          59.3393958471       3.75851490364       10.0267949406       0.589685632533
 272      60.9788376682     0.696183035458       127.108986749      1.10568930363          86.0444010617       2.14030262023       -2.4296081018       0.716996200082
 273      175.183373378     0.692318424521       253.195010443      1.00020087534          246.717453547       5.02676564519          32.5384043       0.880270677379
 274      10.2545737735     0.768618075002        44.275145277      1.23524053447          127.044417258       2.49704138601       8.02027413387       0.731107586839
 275      99.8805390189     0.707809369174       149.580637796      1.10143645635          202.079179025       3.42089960416       24.4899192128       0.787260795946
 276      2.95812525056     0.603540312097       13.1238414025      1.18960634342          24.4133333896       2.98438531835      -11.3397463303       0.489534755008
 277       390.93348675      2.03303789673       862.179185051      3.61220148106          1097.56874457        16.450947444       48.4235307498        1.38390493958
 278       112.05573302     0.938627413463        133.48605973      1.17333417474          225.269707375        5.0085412341       25.3983764982       0.813918185196
 279      92.0757636236      1.16957024731        144.48406064      1.44443132312          136.334813932       3.92263215345       15.3668600991        0.88537459859