# id F89 E89 F90 E90 F159 E159 F156 E156
    1       601.208661246       2.41781119782        1167.31299013        4.60867066248        1232.44993806        15.462208911        107.619204105        1.0671423484
    2       23.7722054367       0.92531874194         35.783257833        1.91360103261        114.033164406       4.48086021916         15.448895941      0.460816897074
    3       27.4599454278       1.20091026178        45.7919974955        2.39912494122        139.275393064       6.32925507691       -3.03182510969      0.554718240247
    4       65.4131484708      0.970316958166        79.4690397861        1.18463312826        79.7500083611       2.81485879128        11.3063728114      0.460591820277
    5       79.3540238516      0.658877952063        136.261986868        1.10111654546        38.6856989131       2.85289421238        9.03965125417      0.604468592306
    6       147.868364575       1.00330425619        258.056472893        1.89406116285         296.75464342       3.73713357767        19.2941255869      0.536989228012
    7       22.6192874421      0.817514395825        44.8382580162        1.61700726299        107.415288662       3.74327208097       -3.84646186936      0.502951455291
    8       25.7238765343      0.614405838135        60.0763967629        1.18476373546        102.378340168       2.76383207184        12.0666538026      0.225969127695
    9       56.0204351487      0.683052094757        85.6371464336        1.52303153406        168.313403518       4.01861097242        10.0722010005      0.618268009507
   10        198.59687135      0.790887073346        282.563524146        1.19865488686         387.88173425       4.88959904453        49.8816466702      0.753534935145
   11       59.4669691098      0.587700193562        76.1478295174        0.99601661289        78.1583503437       2.44996615311        31.7818216554      0.591782712713
   12       48.3299745847      0.735861308511        86.2409277922        1.29043575913         162.14813238       3.22204252323        10.3094499851      0.378185876436
   13       11.7196894187      0.652596544326         34.376577245        1.09461967875        28.3419150743       3.06392624657       -9.77856994632      0.359014311935
   14       113.504882255      0.932495309012        237.555927681        1.32992014489        273.268336184       2.98016941467        29.1490310622      0.430764376402
   15       5.75151810952       0.44897534734        32.8827960485       0.956401573773        152.650452115       1.96110092525        2.89246549296      0.454518167471
   16       473.997212359       5.76500855046        1156.83293377        11.8257209789        1372.65545214       29.3674360423        68.7985747654        2.2097615709
   17       16.2270175071      0.684436677457        41.8455090928        0.89571722194        3.31279210281       3.35312178653         8.2573060895      0.647867477259
   18       83.5094478169       1.03917430486        171.765513603        1.78929872708        155.785025669       4.15767303928        2.84151082793      0.602464140354
   19         34.40605169      0.626021435313        72.4339539868        1.11838059822        105.190717192       3.38096850429        19.8242615074      0.549313251437
   20       91.3062465518        0.7124336792        176.144586886        1.24071208836         128.96482536       4.60729878616        15.2155929585      0.762001969193
   21       26.0425779649      0.604110085984        43.3043777694        1.08849979616         39.272464378       3.23440702097        2.40461851252      0.501762868649
   22        28.736939708      0.624194210698        54.3113676849       0.982785317109       -4.46628464384       2.28325211992        10.3141467763      0.580636770671
   23       27.0252566809      0.735671875025        33.9646983773       0.968497996497        29.5938415728       2.58079559849        22.0833070851      0.593029056645
   24       55.3990321647      0.543156143276        90.0564123846       0.956266885879        29.2012635318       3.21544347603        2.82456802215      0.534298726449
   25       36.7044739323      0.643286275647         43.118933242        1.14433005161        15.1140843466       2.84168469262       -1.80443796063      0.731151330497
   26       43.8778705596      0.858435245178        69.4948858731        1.13154976839        66.8739917148       3.41432148074        30.0089832612      0.969452542923
   27       25.8083396828      0.547720592451        60.5899920917       0.921498388521        -60.084995144       2.03397128559       -8.55501204414       0.48574538227
   28       74.8051566544      0.911971441223        165.627227884        1.88550526347        179.508011164       2.67434565128        22.4501567833      0.720150796174
   29       39.5920485805      0.522867036047        47.1923749202        0.87933624975       -23.8757226706        2.3497698046        19.1287905761       0.73559665231
   30       32.0407241651      0.801812860985        57.5086385927        1.47899479562        14.1082130856       3.01986699613        9.54276485418      0.447003229068
   31       30.8790316982      0.798758849344         68.529698037        1.48158675218        102.770269849       2.17777966464       -2.74647005065      0.425771686115
   32       10.9887604777      0.623028730369        31.3955571608        1.02391171213        39.8581365673       2.16700062415        3.68572656093      0.531786784421
   33        57.916718502      0.547709596071        157.413952511       0.991913317103        126.450169582        3.0821213593        15.2133852602      0.562699226808
   34       51.8700283558      0.802565357082        76.9807298406        1.14528765801        19.6207688264       2.67069104939        15.3813562763      0.558393986983
   35       74.1632863016        1.0753152071        124.662631282        1.82512542331        64.6114109565       4.73772543785        17.4917621593      0.575223798821
   36       76.5912431349      0.684413845752         138.47375456         1.0278188256        137.328839763       2.24736852675        12.2102159971      0.484628677165
   37       30.9904752045      0.650830407487        56.7930317376       0.932214992639        104.008924349       2.29047691323       -7.37544364791      0.635969132049
   38       9.92999644987      0.546238484451        30.1376083685       0.928420104075       -23.4275745107       3.02805525237        7.15941308632      0.722198511277
   39       10.4740071293      0.627494260731         36.849584631        1.06287672464        40.8674765856        2.4903823515        7.97841774806       0.57997015532
   40       21.8757314605      0.577456528766        38.9745550531        1.07737755668        22.2209888677       1.99434139142       0.611670328142      0.762214082475
   41       32.2795402259      0.596928007717        50.7568887358         1.2350809112        102.466271631       2.42944966556        14.2738991026      0.599613602502
   42       18.8717778411      0.559183542295         37.162468094        0.93001870705         28.167675847       2.58249080171       -2.49099509573      0.716236584562
   43       37.7132939769      0.662437401147         38.535299176         1.1525618152        1.56135518894       2.64223247718        24.4334756713        0.7638629516
   44       33.3024600836      0.724079346842        41.8369662432        1.01898227064        74.0827881098       2.54616968162         1.4585942932      0.717908004079
   45       81.4402216574      0.613500542904        131.023271996       0.936696914377       -10.4703664402       2.56786787444       -4.69905732289      0.546960717219
   46       37.7766895859      0.600990244137        63.5001700197        1.04636480262         30.270719089       2.78613996284        0.77324788612      0.761532158771
   47        31.581833603      0.640052941337        28.8448739284        1.14488414888        3.17697067649       2.42154531092        21.7719654668      0.577042634003
   48       18.6250299157      0.620955656487        43.9577302721        1.07630524533       -61.1470569511       2.72770549036       -4.01869833899      0.462712751577
   49       39.9151285786      0.652693483862        58.9091836131         1.0548470473        35.1361384471       3.33327583844        15.1474885305      0.582971277305
   50       27.0648807569      0.684011632092        42.1466203258        1.18273323249       -39.7266243565       2.52815646762        6.26578989095      0.593223255616
   51       71.2276594092      0.825138096907        128.841009491        1.28687972726        112.413950635       3.28066812847        6.10271523617       0.68292210437
   52       4.12385677207      0.685160307531         31.678619652         1.1236398105        81.2621469097       3.51681089785        1.18431253746      0.509193879947
   53       14.6672015938      0.565775958864        43.4421485341       0.977433362605        62.8324708259       2.02301846027       -2.52610823234      0.514872493675
   54       25.5652443129      0.589977087986        26.5048447403        1.14988572659       -33.3143114535        2.8540046249        4.19300617859      0.513320248307
   55       16.7136237431      0.591785019926        28.9565785603       0.859045237598        53.6536057346       2.14235753717       -3.38664269784      0.372603447561
   56       10.3964444091      0.776300308744        41.9884716845         1.3130299459        20.2331162259       3.29091776164       0.750523611123      0.367602902805
   57       326.974077841       2.73043551639        595.484463673        4.34870169912        593.821720771        10.249335588        52.7187073201       1.38953394973
   58        252.24726738       2.33188827285        376.793917845        3.60432614822        425.251688377       8.59630783024        24.9501521876       0.93943124511
   59       7.59810764004      0.573476623413        28.2067840697       0.910107142423        56.8046661373       4.16463247358       -1.70218586097      0.504835789474
   60        25.595286934      0.750084585576        41.1635966839        1.15115045684        61.4620841684       2.95004838955        7.27547608314      0.731808553216
   61       96.7579976764       1.27043082435        242.713479039        2.43739889918        333.320911679       5.87742549406         27.086839598      0.817189383844
   62       84.8297023713      0.752202825503        158.863631372        1.43349753197        118.225639374       5.01847551339        16.2721566907        0.5917864499
   63       9.14568533826      0.816579702228        32.3577645373        1.33169006765       -54.6873625727       3.07275098202        7.97857851068      0.734339412256
   64       15.9832960056      0.806453230273        30.7568491559        1.44504177579        90.0841300595       4.85255011961        3.37038284271      0.409763934233
   65        286.13268598       2.74098184308        575.729166769        5.04163235611        783.199616094       14.1699884595        32.9255646704       0.74278672352
   66       8.25457354176      0.591557793542        23.5398823557        1.19920726498        8.74149468785       3.07906909087        1.07385270578      0.494001631158
   67       50.2705184633      0.656738585442        75.8327889035        1.04105761607        48.0831696372       2.52869155758        10.4101243106      0.489042679648
   68       9.10569436688       0.63949857262         31.243422345        1.38046162763        86.3356837004       3.55051198578        6.74411981659      0.463504577628
   69       202.856657614       2.18505635049        399.788315663        3.38482760976        411.428369888       7.25493321153        44.2400873091      0.722652088034
   70       17.7079945122      0.713034770067        42.2121403008        1.34831587393        48.2910490392       3.30546121503        6.81295611467      0.494815895933
   71       13.7433586336      0.816126247156        36.6914196013         1.1396007481         10.688875544       2.92576103273       -17.6822236761      0.564470027216
   72       15.2371614749      0.690616040253        40.9040957574        1.49480934233        177.543780262       4.16890740176        5.94726271412      0.616004589688
   73       260.319541352       1.36705165713          541.0232682        2.46327821407        539.753457978       9.50892983357        13.2306476302      0.786833078225
   74       152.877467588      0.814232183389        347.977750007        1.19383413814        168.135607999       4.51223125278        20.2326932891      0.761545490994
   75       25.3489172319      0.694710585918        48.4994412715        1.50983893568        77.9118966012       2.37089624958        5.69311948937      0.373182824772
   76       7.55460310695      0.792322340856        31.1164934279        1.41454175671        103.841077318       4.13503702459         7.6810853523      0.616523748711
   77       28.4844639394      0.567827148731        64.1176518605        1.01033356893       -12.3046059985       2.78184081982        10.2813902618       0.57718666645
   78       78.9568543333       0.77341849389        131.917694434        1.73659164925        141.389421986       3.16114970537         25.379782652      0.752545809881
   79       146.681593213       1.20553365352        321.272152757        2.45933215142        356.792982459       7.05702847992        19.7577093403      0.525122605413
   80       16.5797309494      0.707258702521        37.0680519356         1.4576074655        44.5017765944       4.15148045331       -5.43112919482      0.445980392259
   81       17.9660248229      0.754967063594        44.3243036397        1.44220342531        55.9327894527        4.7077047381         6.2973099558      0.498776293084
   82       17.9790250363      0.740887392677        42.4223907727         1.3679621838         134.28366514       4.06048155861        1.45774028769      0.542173640011
   83       20.6743340183      0.650160141448        35.1765652102        0.95266056535          16.58947101       2.60817097922        15.2244580455      0.471791887163
   84       26.1842748322      0.851136251206        58.8875834558        1.50550741739        157.203005767       3.55052617198       -2.65657773418      0.466703593992
   85       862.788917738       6.86087881096        1836.11520392        13.2407451304        2353.55150455         39.35800974         78.073010004      0.842957918719
   86       26.5263084963      0.639481514984        29.7626100847        1.10652341592       -8.41181423125       3.08341455093        9.90474789967      0.510596817676
   87       49.0996458863       0.61059131519        72.3876332333        1.08505550388        94.1835166982       2.67409460924        18.3655326312      0.610193839512
   88       92.4612459969      0.801797893248        120.092575558        1.47534239445        98.1548793452        3.5562948768         25.173789277      0.779388347699
   89       51.6951221111      0.714670667586        79.2456104199        1.24724319594       -38.5347357289       3.63392797743        13.6218339542      0.492229777682
   90       22.9508521075      0.566403102476         53.381065109        1.29273096376        146.756065849        3.2341800079        1.85366638447      0.358851619208
   91        17.736841398      0.656123932412        41.3905685104        1.24501596911        180.691130709       3.59387967106        10.1457976055         0.397985542
   92       141.718150945      0.950026840776        221.245048338        1.54538151944        349.651463135       4.73404339229        35.9595846083      0.770070021998
   93       42.6330963176       0.66508267563        71.8931419185        1.01282129842        26.6053886336       3.33761554358        5.54258202077      0.444628029068
   94       16.1234112166      0.745169109717        41.5682312251        1.43482082502        15.0698537968       3.27139917566        4.52823911039       0.60224169608
   95       103.552402207      0.942588750699        170.310944176        1.63346302772        245.929025117       4.99036501916         17.286823135      0.660629650052
   96       14.5241251321      0.666151886106        68.7197287796        1.36341262484        89.0518940687       4.23449110811        6.79096279748      0.714870134992
   97       38.3070464687      0.652717397792        83.9589649756        1.09661037628        132.392860452       3.34328664959       -7.23414727406      0.628695056439
   98        63.330582214      0.807563508182        122.344874071        1.54167976396        187.367182179       3.05470471496        2.32710923248      0.646056459072
   99       41.0532491636       1.03035040677        86.1314577761        1.68715258076         119.38377744       4.64974203138       -2.20698791136       0.50785455664
  100       180.206519222       1.28128206371        279.687642477        1.93805596386        446.403905488       6.13640476467        39.1841374643      0.566534351094
  101       36.2724560892       1.67310783494         103.07720922        2.46590012795        118.053142516       5.07893575226       -9.75551933251       0.56264852088
  102       82.1169902825       1.34503221284        111.359428451        2.46063772941        96.2469570952       5.55976609534        17.9290390525      0.608727403895
  103       56.3981484952      0.882262260878        127.557695111        2.27776976373        343.727295333       8.08175361182       0.447148845612      0.503761996113
  104       43.4090878504      0.870988299528        46.8013585181        1.22185551691       -4.02852446223       2.79504581406        13.1896949722      0.557220736303
  105       27.1533912471      0.627547982278        60.5154481009        1.04057580146        67.6779369608       3.51422883509        5.55472107355      0.519636128764
  106       43.3298642612       0.92395866924        64.9993699722        1.68209741769        126.179973797       3.01772345154        8.61041445639      0.503226938595
  107       67.2253487818      0.746037588461        107.423936716        1.46241142484        152.849990557       3.97234008707        35.9803955712       0.58517663457
  108       47.7722699422       1.19778436902        93.1213976568        1.80650394001        91.0828380442       3.69279771275        16.0398750762      0.718553856675
  109       49.1260047858       1.01566591802         69.339990183        1.69775561333        65.2766454563       4.08825481778        15.9737806539      0.545696041064
  110       96.8233288443      0.825630963425        122.768733789        1.42095490344        92.8766101708       5.38249657163        18.7207625017      0.574564976343
  111        18.494145172      0.679880725328        133.639319491         1.1881419666        307.742378274       6.07384713286        8.15259739507      0.586878091168
  112       20.1371443739      0.736842810479        49.1837215762        1.47376501757        58.7384976093        3.1208564023       -1.49832378063      0.508621642631
  113       22.9834490602      0.713331995284        51.3898949584        1.18590731294        82.5398974839       3.83257827161        7.09444713741      0.500045110774
  114        248.31801555       1.89187434048        540.118474289        3.29193845146        628.125160156       9.71910054595        20.6159389546      0.516684279511
  115       142.650066994       1.05398950137        236.580033386        1.53607875891        239.026438122        5.5867423087        12.0476106932      0.542536044932
  116       110.681993833      0.898381895354        137.273234789        1.33144495351         158.67580515       4.02680203389        28.9984434774      0.516866817129
  117        65.146850168      0.768854954677        90.3568275432        1.30031479294        108.708191368       3.54303516183        3.95642797804      0.589602641404
  118       33.7545986173       1.13662482015        59.2754060695        2.05255114402         113.81929826       4.32752121922      -0.667248177009      0.538754185795
  119       41.8937827117       1.40295918194        82.8758427704         2.3053844067        108.826200605       5.43047659224        28.3845502423      0.678126382658
  120       54.1431975706       1.37850719535         85.455527922        2.34909201645        57.2408324842        4.5534283283        10.7178954611       0.60587760229
  121       21.8231653085      0.681369105044        49.0670245694        1.20245983638        3.41362988036       3.65973873038       -10.1400683649      0.614536525103
  122       173.696712627      0.875667388375        561.460072861        1.67949258708        1204.67727114       14.9185909838        16.8618664755      0.625787776513
  123       59.1667529828        1.2671701211        123.250183721        2.20209616894         166.94218263       4.05477820601      -0.149541138267      0.481400711628
  124        17.209965528      0.711462266782        62.3259316157        1.35018252828        153.246132252       2.90463462104         1.0045448247      0.485715613538
  125       10.4691317178       1.36094975371        48.4909682184         2.1009917819        31.6758974507       5.44328762235        12.2369238053      0.514368553195
  126        58.906746663       4.50000143022        129.250593961        10.1951465926         499.67414268       34.9457647684        3.40344243717      0.981277528035
  127       103.461031969      0.745371714163        110.074405524         1.4814237244         138.58033972       3.29119704319        28.4740249248      0.683215722542
  128       31.9177841786      0.691506734438        87.4122929219        1.42089410663        40.7853123941       2.57003931745        6.24951667675      0.436404789041
  129       71.2514241451       1.01660948172        147.781090933        2.14358568657        220.293497308       4.76404112971        1.16488915084      0.532949748671
  130       149.867232612       1.60883969966        303.586384504        3.06182445881           441.968287       7.25520834033        7.03684483319      0.558393021462
  131       22.3693421165      0.999274186573        67.6017643448        1.80982058156        35.1201010139        3.2369426686       -4.16188808827      0.538507141356
  132       18.6519544384      0.576231417775        43.5974027731        1.25179051231       -30.7253016348       2.68325222079        5.56242301604      0.665198116214
  133       26.6965986467       1.03164398708        56.2255206637        2.24744049543        6.36253610632        3.6062434971       -1.69424396029      0.517718207482
  134       8.81079529851       0.76159484355        34.6083857647        1.46146026497        35.3978770215       3.08377172786       -1.79550826844      0.520004690412
  135       27.4785516817      0.587898419111        100.003123466        1.07848371972        64.6071773368       3.07921620367       -6.68614430722      0.467167484619
  136       46.2417070205      0.570497111554        88.8886556698        1.12812113346        148.492870273        2.6888417503        27.3013148543       0.64780904755
  137       46.9455932839      0.798871819421        47.6868224575        1.19243807295       -35.0685830127       2.99400544303        14.3946995852      0.603033566982
  138       64.3006259604       1.19015315077        107.732265419        2.22500149619        80.7259749416       4.44931667196        3.17883188965      0.487529241291
  139       226.369358905       2.76372192911        500.529865835        5.10799970133        638.941603785       11.6373503283        40.5046401297      0.971874585353
  140       219.238417364       2.05525343631        281.502155989        2.59605956989        255.907158852       7.20339243667        62.2787485574        1.1794998592
  141        23.168821478       1.14747976186        60.3104249781         2.3037917732        75.8724098861       3.79022782286        2.45568151496      0.578556793937
  142       45.8800452457        1.2748627012        78.1906267866        2.30706601591        135.704985559       5.15893689887       -1.26509449464       0.51983338078
  143        65.488467605      0.951972610623        93.6658483755        1.83187046384        73.5507004825       5.29150047028        7.47385217093      0.485089336635
  144        70.862210349      0.966203189969        85.3926587399        1.39722687861        6.31240153939       2.86350867201        21.3949390299      0.567779504262
  145       18.3113705861       1.31478164915        63.8174390307        2.79022967504        102.175510074       5.12111401558       -2.35325599143      0.615475731461
  146       18.8293152595       1.34273919062        57.0988274146         2.4781132517        116.039680539       4.13048916774        1.63798071932      0.504871986056
  147        228.39935131       1.62411624504         638.04126389        4.46467317106        893.958513969       14.6662367594        29.8312820211      0.806728232138
  148       18.3992421619       1.01580372522        64.0863207554        1.98567198644        115.139865748       3.03257337534       -6.34297310388      0.462404600155
  149       54.1457216555      0.980075910664        99.8416382614        1.79827870296        142.996752376       3.21060077104        16.1402453789      0.636290914883
  150       41.4401044364      0.771733518883        47.2778308329        1.20698543307        65.5646336309        2.8532521793        7.89271549696      0.638850879027
  151       29.6508282575       1.17365974746        72.9355752306         2.5617409565        123.323682611       5.27639882049        6.64591618127      0.440649202034
  152       24.5805189796      0.670299483186        46.2232604682        1.36586465248        58.3852687765       2.86388150328       -9.99557536488      0.540127835647
  153       18.6887960174       1.01618718883        50.3473471332         2.1895040607        157.076165414       4.64650396576        7.43736360433      0.517427875609
  154         21.28174753      0.995265212628         49.558388712        2.09456261716        81.1037806627       5.34950295813       -1.77024865544      0.504340329175
  155       7.52874932157       1.09668638497        32.1584670485        2.24249537603        84.8231203108       4.20115115148        3.98130768875      0.499732017814
  156       21.5520130382      0.814808826439        38.1460453787        1.47360299368        28.0806334986       2.77984606195        7.97933279059      0.577706121319
  157       40.1559813756       1.01156579081        69.1346151746        1.82256398226        89.7488960519       5.02950442168        3.00658095241      0.505717728352
  158       26.8681256838       1.06735476715        62.5412401502        2.31506194259         142.15128046       5.42391343737       -1.46207303278      0.455222769534
  159       28.9434324534         1.270064903        68.4133762689        2.34604811315          199.0286026       6.39608875426       -2.76775844994      0.575524462186
  160       23.1633123521       1.33338074849        56.1530618045        2.69469728535        80.6620863857       6.34791967956        5.64417183448      0.556508081941
  161       27.5820991273       1.40723987527        59.9659657366        2.94861800112        68.9934245967       6.75702337456        1.72445769981      0.614185198038
  162       110.625209994      0.919377140589         222.79310926        1.98102947872        262.256114826       6.83355833649        29.3981264018      0.789829801896
  163       95.9804399459       1.14805199892        144.037301997         2.0303658704        187.980810948       5.81931887922        2.40071514643      0.612174737776
  164       22.8238310176      0.777862593988        53.8471939539        1.63923734198        160.719073096       3.41027543509       -11.4891019811      0.393247421289
  165       4775.70132111       23.6620788911        10815.8660967        46.1653495291        13797.6543736       172.578193681        291.808540317       3.81188847012
  166       48.0046527768      0.882626009431        96.5367113244        1.87799949551        114.046098461       3.98491169478       -3.40925521912      0.520769844487
  167       35.1451002092      0.770693879092        72.2826330382        1.37249140162        71.8152030513       5.05738489815        4.88356997352       0.55108872252
  168       163.471503096       1.21369416536        391.926513457        2.16770064749        465.420714727       7.96174949523        29.6493328521       1.04022288107
  169       78.8400636246        1.6415443478        147.529382544        3.16560782321        203.677364557        7.3831018198        11.3944194671      0.503596603196
  170       45.9558785581      0.668087875152        101.969139742        1.31179810551        94.7436569277       4.58634479136        3.37597525111      0.593789338984
  171       22.1204208566      0.655558540061         44.077940115          1.442415926        17.2840213932       3.60282033404        1.76383756835      0.386514217971
  172       7.20783334909       0.80308804739        18.8235087057        1.68864663948       -86.5289036857       3.13971694483       -8.81762745905      0.590438172868
  173       10.9166181246      0.803366692542        22.9567082178        1.51701016286        10.4148952569        2.4405733498       -8.80633738381      0.601629912653
  174       131.889150798       1.08674388339        167.189765076        1.41607563876        129.350338664       4.38080110659        39.0820964695      0.731441069849
  175        91.698735229       1.29353459073        117.352459114        2.38870753184         148.88264693       4.62803801979       -4.25935561668      0.654750604699
  176       73.5461663532      0.800126300932        97.2383135551        1.29525539725        52.7546506155       3.76559575852        24.5421347585      0.567387779772
  177       15.8312136465      0.536949923117        61.5338327316        1.23876939293        135.834774283       3.98548822896       -6.95072635961      0.477032327038
  178       24.5794934857      0.601210481719        53.7125869262        1.23705184636        104.836055505        3.0529756155        5.45830380031      0.555235754387
  179       13.1037997769      0.698146527478        30.6878145697        1.11230271235        8.41611594197       2.38084941044        2.54021850546      0.556205508284
  180       88.4212843404      0.659620129185        142.584026909        1.16851190933        250.741729637       3.88462864549        15.7890965412      0.492666096626
  181       26.1771324151       1.10761610797         66.463238156        1.99072198403        126.377910719       5.51837717456        5.69502893037      0.419126522882
  182       30.1705125847       1.15838542983        63.7933368956        2.23576902726        162.012431297       5.41643188551        1.88027200399      0.494265815997
  183       53.6364220764      0.714108370345        121.225591742        1.35611085644        257.700138197       6.58339316675        1.60847431401      0.716158490975
  184       17.2247781271      0.712925199299        68.8584133048        1.45014368039        41.9010460624       2.86346309226        8.48573782276      0.451235185207
  185       228.712247157      0.716505212568        505.555356823        1.19830209785        579.400849176       5.58611232748       -1.75218240938      0.516929496469
  186       71.9480999558       0.83314490574         152.52587128        1.56058245112        141.897980974       3.57036920049       -4.65969962649      0.511836574573
  187       118.391313463       1.44493892618        226.840198904        2.73896359913          314.7401794       6.12810694028        13.4570377991      0.514822154574
  188       30.8925908242      0.677542410214        100.121117617        1.11953975378        210.001931903       3.98607399855        15.0842478626      0.638045331481
  189       28.7368030155      0.757333883714        61.5952526834        1.60613258067        188.877413904       5.02823478232       -9.87983253514      0.445581843427
  190       24.3848048977      0.909546839515        46.0156584318        2.19253055295         90.739508786        6.4699234657       -7.70063137498      0.611255839816
  191       35.6276250961      0.714176986698        50.1134211768       0.973342517239        4.83203305765       2.67025447247        4.10633336914      0.631593143094
  192       32.2351209896      0.749172636053        54.1401639758        1.49517863943        29.3672982335       2.91344456791      0.0716027831261      0.503082770712
  193       359.236670297       5.38144943437         679.30664683        10.2926900493        1005.90062252       24.9669209969        41.1503775247       0.95808666497
  194       101.735716761      0.665067625071        100.746608824        1.08987834403        95.9402899247       2.21172485889        39.7497775953      0.664593889042
  195       37.9925451331      0.619746877756        62.6744534815        1.05915865039        50.0864909132       2.68188194111      -0.921740976711      0.533704591869
  196       26.7643790601      0.635055949494        46.6372261212        1.06938629983        22.0634824687       1.89330676371       -2.51341392964      0.587375479351
  197       8.89600665535      0.791952990026        54.2203159045        1.54757938242        26.4589776955       4.76257006566        9.41465346511      0.635708340188
  198       3.28579723533      0.711933112221        31.7199752375        1.47647471418         92.185777933       3.72557655886       -13.4590948998      0.390462178109
  199       48.6678103987      0.749757882336        72.0519044287        1.31402294361        74.4165064157       3.05770746195        17.6923209382      0.721080993792
  200       79.5963769215      0.661377499616        120.763656804        1.12220625699        189.907770063        5.0781937436        16.1013352726      0.632017418269
  201       22.9743825511       0.99072390824        62.6689367105        1.87496062406        147.749757557       6.00913347501       -12.0117264645      0.395278862134
  202       22.0123255897      0.572978833505        60.4749319459         1.2821276166        72.6750185007       2.61049330381       -12.6529148258      0.512379138476
  203       17.4134111745      0.638896436335        39.0704155284        1.13111262761         116.38297732        3.6436984519       0.826158154678      0.342088002749
  204       14.2742041292      0.714507404162        29.2019704774        1.39270404223        90.4269371432       3.30893054739        2.34405636277      0.618964712559
  205       21.4253465497      0.686913476894        39.1014620556        1.08960731201        93.8730529975       2.52856962965       0.232510328096      0.495421480823
  206       37.3306814038      0.746065639415        82.3764367566        1.17169505475        246.801300571       3.67173199608        5.44095677644      0.519635768604
  207       15.4038721795      0.772094771748        32.9246466412        1.32821116706        118.288563367       4.06049951774       -3.96602781727      0.678964153991
  208       136.881349272      0.629215035531        166.986972514        1.00620736124        237.494071444       4.38940360997        33.2990483566       0.80902509035
  209        376.78819238       1.70704570818        657.253423395        2.63830856104        1232.56921459        18.446706173         68.198099663       1.15993347145
  210       40.2342217169      0.683182240655        46.2727759211        1.22206627077         24.546966792       2.83573181307        4.29387629324      0.432225459947
  211        5.9685052793      0.583587749401        31.4734395244       0.946099395827        73.4044029911       2.77400024341         -4.173115705      0.710456505807
  212       30.9239241332      0.595116189847        34.6243836871       0.927778329952        86.8192972743       2.32550575711        7.14187322274      0.528652170141
  213       29.1473613724      0.619356058356        58.8474070321          1.020687069        83.7868003177       2.63554519963        1.58556000503      0.505524506765
  214       146.716818519       0.63290601622        217.587056367        1.09969663385        262.118376376       5.07419484735        31.9410533144      0.854353429041
  215       3.26984577833      0.599483854051        6.36989348041        1.05929353418        1.99485263335       1.85512195589       -1.22687052618       0.33360520386
  216       23.7473523142      0.552583991447        45.6950861435        1.03024624836         31.729298038       2.73824071889       -7.44801401919      0.482326036766
  217       65.2158585387      0.581026734524        137.853261954        1.13907671935        206.748538008       2.61573766548        28.4702982509      0.494218753891
  218       292.498610071       2.09571437815        579.413596735         3.7093558903        756.687347479       10.9974449537        33.3027483295      0.629653002918
  219       113.823576068      0.592529479916        123.743908491        0.96039034241        104.566862855       3.48655667637        13.6354888448      0.904104952729
  220       39.4061738454      0.626506366779        98.3066573175        1.09395615781        55.4254920553       3.51781642641      -0.802816354075       0.66817872222
  221       101.696136488      0.627742922902        150.282787725        1.20954104562        215.161886709       3.55217791902        19.7948421943      0.484379561606
  222       125.155331945       1.28661478586        182.749008811        2.13579546616        245.491825908       7.25209164678        35.7499675345      0.796142197811
  223       127.063488692       1.93159259849        233.814374677        3.11778134973        388.499773226        8.8831572821       -1.77011457224      0.769513515786
  224        40.780415678      0.617496242284        79.1530151084        1.12448798538        195.975246445       4.38328614479        20.8294495665      0.507039837585
  225       226.775603831       1.74121805895        438.433695705        2.50783641659        565.883586684       8.96296766407        23.2398248675      0.656093400915
  226       91.3472134118      0.990675210771        177.748802321        1.55627064263        234.176174676       5.40969655201        15.0619594341      0.836739064771
  227       25.6542762887      0.618955157397          31.38227497         1.0443465377        52.1549241733       2.66061138162      -0.942085398301      0.550319517174
  228       124.885301761       1.03276595898        242.326894382        2.11132489076        294.303886808       5.95887127957         6.7132787009      0.608425450087
  229       282.062863629       1.26186306152        384.079668699        1.42174518946        448.313028117       6.75165040017        90.8782779374       1.40483334296
  230       111.619386468      0.621722931178        157.721692899       0.911658932091        217.701105039       2.67834898024        23.9257223913      0.555624274596
  231       68.1160940214      0.657133574853        99.3320479515       0.934706821469        153.844942063       3.22863812444        15.3315328267      0.585841526467
  232       64.1274296638      0.643363590055        73.6477951035        1.12481802599        76.3440656999       2.23960625966        20.5333977192      0.678714921761
  233       23.7589339544       1.00110885546        60.5181537943        1.57604188331        91.7547742278       2.91382362049        1.09696646993      0.584728136958
  234       23.2590767622      0.632270545492        33.8011489735        0.99848605408         127.38569495       2.73996842154       -3.16733296241      0.667717837659
  235       73.5119213132      0.688280000358        114.241496441        1.18729852887        173.252598897       3.44898654553        4.65092104725      0.606041363334
  236       81.6899988627      0.943728641371         116.84958149        1.26996550454        171.575283117       3.09590183386        13.7924473953      0.491743780547
  237       26.5593755564      0.554856265085        42.9846864357        1.29334902405         98.889842046       2.64199091033       -5.88737631802      0.466380368353
  238       239.732342848       2.02488064097        481.461638763        3.24644358164        684.147937197       9.02129719412        15.9423838677      0.554780178696
  239       45.4707059878      0.602548892927        45.2532125996       0.957748360617      -0.778550378078       3.20171168723        6.03894563617       0.44189471546
  240       67.6717116463       1.09282491079        83.8387930364         1.2712769393        105.168119572       2.54736692254        11.0950073155      0.650026968197
  241       235.271829555       2.13579647693        450.482184339        3.63685756865        608.256860736       9.61278568898        12.3352941739      0.667399884026
  242       43.9958908334      0.549257961227        38.8660029545        1.03267000509        86.5341869403       3.34076387624        24.7538880424      0.677001603954
  243       17.1270378474      0.576684589092         31.065913585        1.09527817133        51.0841172256       4.04630607639        4.76001285272      0.607842297084
  244       134.534647023       1.50958955166        201.385947372        2.05052843354        346.248299962       5.76924715192        27.0531348712      0.897507929608
  245        33.699251979      0.668638573163        22.3950142262        1.17901399378        66.2367725559       2.50186121019        7.61738213441      0.535750139187
  246       75.6991264577       0.56647449901        132.726846231         1.0873116781        223.989240033       3.53961068409        10.8716847057      0.529159201072
  247       22.1318287111      0.582343256931        51.9151980643        1.01294696319        36.0250288337       2.82994291783         9.5560030643      0.621206569407
  248       48.5003720266      0.869111967151        92.4470757113        1.73479179535        260.962035581       5.53560159792        18.2873613911      0.772786640057
  249       52.6019454663      0.690126847541        43.8638324815        1.24231862243        65.7840785998       2.15335632633         10.103496747      0.588361670882
  250       44.8775970814       0.75156689072        63.2248177216        1.33602997814        20.0569002911       4.83337094951       -4.71270636462      0.668113443073
  251       40.4216416628      0.980864306269        108.296164491          2.353818986        235.091582524       7.92847733931        10.3418313091      0.720317295451
  252       96.0133357713      0.663286177588        195.819328808        1.21271260166        200.172717243       4.48404907928        4.29799153657      0.807024697802
  253        155.16421936      0.780532975934        202.789575546         1.0501566619         220.74070431       2.43097716768        18.6981693684      0.506825806213
  254       47.9198791301      0.666612448928        50.2191339392        1.06415310711        32.9449143522       2.87447330038        23.1647607487       0.57490287063
  255       36.3969509348      0.547924430228        66.0279661908       0.883998183839        90.6200378737       3.21144047535       0.999522444861      0.542295959908
  256       19.8947511532      0.512498751645        37.6088888927       0.927884942679        3.93756255692       2.96731632566        5.83334284692      0.530251951673
  257       18.2206850674      0.550980828418        45.5360121067        1.00028135211        21.4815147111       2.30773947706        3.73066293582      0.585967217169
  258       234.261791099       1.31291794282        327.858610487        1.43765688215        397.192034939       5.10227133362        67.3621320502       1.11723262396
  259       30.8456032487      0.711321252842          51.32485401        1.07392084108        32.1192723831        2.4989061053       -4.05203094966      0.517815198216
  260       254.765661102      0.784736934008        388.706110793        1.25479081503        413.111841666       5.12191531677        38.6336397981      0.516021245972
  261       107.114975871       1.63668605802        179.139427632        2.86472628616         307.78192319       5.21436953635       0.972017476368      0.485251604727
  262       44.9762676367      0.627046654138        72.8110959713        1.10088853195        130.897311975       2.46547303706        14.3372199556      0.484549560297
  263       56.7127243242       0.55041078664        124.595703466        1.00732829378        150.134008701       2.68282214567       -6.71258989027      0.513084516073
  264       15.1201697905      0.660451782366        39.4884866455        1.60164867365        31.9849568637       3.47673748399       -1.10850467655      0.568571272831
  265       64.1746870357      0.614028331837        94.3531757881          1.336271788        108.483973258       2.64678833106        18.4130354774      0.482935957835
  266       42.1750416984      0.553736260468        34.9215312747         1.0070898666        42.8568638813       3.00065345176        5.41538514882      0.547547344701
  267       48.6979596754      0.582114222669        69.4139400685         0.9639464545        117.425986537       3.13735259708        32.6151655089      0.552064401713
  268       12.5380545691      0.790749617408        36.0303887309        1.58864846993         30.768946168       4.17482236974        7.87583521418      0.576829185538
  269       16.1619669398       0.79464757105        42.5411650047        1.39596746589         17.510444196       4.54302808971       -3.77004283085      0.485129111771
  270        20.157472103      0.684169353535        39.0723441973        1.22609847498       0.333847275168       2.43432727644         -3.666271187      0.469130012908
  271       40.5225185485      0.641131462009        42.2437653482        1.00413699266        43.3244431018       3.29359456461        19.0094743173      0.647592584773
  272       63.9770823613      0.809362054377        74.9415870188        1.01670681703        123.997593663       2.36529162128        14.8878352462      0.574038610199
  273       22.9021536357      0.575859940189        37.3031288271        1.10621503497        61.9519040409       2.99781690427        4.97425635867      0.420909378522
  274       45.1720087463      0.631511271645        50.2083545225       0.925002188696        35.5283566986       2.23978703858        7.67416435735      0.601454919864
  275       18.4837969934      0.480484303101        66.8198155633        0.90263597232        128.206592539        2.1404885917       -8.91023659024      0.502287002673
  276       29.1123080788      0.524316615354        45.1716291031       0.818861563721        79.9166797869       1.78356763893        13.5868070401      0.433036474689
  277       48.0325547282      0.771490981614        98.1145009844        1.32366193635        146.026606239       3.15884244314        20.6347309009      0.537556759668
  278       41.7761567575      0.606096247003        74.9706880721         1.0033890537        143.290751402       2.57546107696        18.0255149505       0.61011219123
  279       17.8053567489      0.674118009871        46.2119585163        1.07443735073        132.974105012       2.88650707919        2.74652967041      0.438019493809
  280       32.4733899412      0.676743229875        71.7939262995        1.03158313357       -13.8560559915       3.41231432096      0.0567452123022      0.448786038761
  281       17.4351208104      0.499211942103        43.0476226641        1.09760382598          10.73020194       2.61792521262        17.8108722431      0.553040210152
  282       77.3963175885      0.750993410083        137.142724266        1.10959155727         165.93835946       2.26732500207        1.45071028059      0.628813898336
  283       43.9394551737      0.678419073688         82.414487155         1.1374047048        50.3967201626       2.99999616229        8.44767431726      0.552762791668
  284       37.5316226603      0.678010859765        55.5905291258       0.985842970518        33.7962956374       2.21837708763        12.7809173473      0.495522238275
  285       32.5761930751      0.847705028274        53.4947278105        1.47505145542        64.8314225198       3.06655262994        18.4921712978      0.653720181637
  286       33.9878841237      0.657092718271         65.968400818        1.08960462459       -12.3324435184       2.38461436432       -15.6034546244       0.62788908009
  287       15.6217638857      0.754651901111        35.7282343277        1.35244180769        53.4808483719        3.2510840649        1.35038623776      0.430049935346
  288       7.05763147959      0.588981470984        49.2530475223       0.936023315112        50.2167994645       2.87782419825       0.117683051585      0.410943737766
  289       37.8190346938      0.733162717587        49.8074587894        1.32018295926        42.7246154651       3.68319896727        -9.1913687579      0.462792786502
  290       23.0192288693      0.681413975837        36.9078107925        1.28683185659        104.967120332        2.7791953604       -5.37615746913      0.462902875999
  291       131.766465535       1.38231759342        221.389688965        1.81603102749        393.477934083       5.00419739322        40.6012904583      0.952452923834
  292       18.3136082027      0.493453490293        55.3426917561       0.943706705943         29.041727453       3.02270222663       -7.62491550786      0.404370294414
  293        16.160211183      0.751974403364        47.5753668217        1.23747303132        39.6863304874       2.03490955136       -1.64759150841      0.543275329888
  294       32.2296408614      0.628615963465        75.7154013787        1.11400625244        19.5339986648       2.53746552546       -6.29307818689      0.446402327153
  295       27.0641087018      0.532007444788        69.6771199006        1.44497797582        239.495144542        5.9851827467        3.58348883459      0.432826999911
  296       50.2579250033      0.765329626674        57.1730618173        1.23124906795        119.298620378       3.50192719361        11.2288015707      0.618130057361
  297        129.07025759      0.992210291922        238.234805497        1.73671404712        209.904526384       4.37677485995       -5.26815714597      0.347076583259
  298       9.10329214485      0.525432490614        74.3993971588        1.11909696897        139.048309951       2.96199568843       -8.36209193573      0.566819135649
  299       22.0316400758      0.464931797507        54.5804962598        1.12435096339        42.8925567232       3.88863098341        2.02969295504      0.574373884233