# id F89 E89 F90 E90 F159 E159 F156 E156
   1       215.415710708     1.71263027439      451.598277091        2.86335392237         349.034503688       7.86537138701           9.04042220884        0.661451735059
   2       5.32527277396      1.0307704905      20.5140406355        1.60053491801         45.2642337904       6.18937537703          -4.34999427886        0.568941035078
   3       106.133894115     1.14524440019      168.416737322         1.5323616618         157.272891927       3.24399973147           20.1736322926        0.846724689564
   4       43.9966469324    0.843437602816        95.03386443        1.45611775454         26.5823710918       4.04285513311          -1.83200620659        0.457631117668
   5       136.770838003     1.21963591271      472.124282161        2.28618093927         747.003170876       17.8804791265           11.9429402556        0.555391011883
   6        35.838348046    0.934449118473      62.6331399758        1.58367197864         148.486322677       6.77616275007          0.941666255558        0.683472465445
   7       120.688010713    0.831914203717       223.01263229        1.53671879327         111.815144827       2.88828757452           28.0853856328        0.676617842753
   8       20.8251175399    0.751112464652      30.8122176863        1.36056691983        -58.5312245517       3.20233886708           7.17017871298        0.560920016695
   9       17.4897921726    0.705283034846      39.1182850587        1.48805362179         491.770065859       9.41453655328           8.66857321403        0.495578103493
  10       52.8511289248    0.901187630731      103.536199372         1.3166257778         244.364407792        4.7036928471           17.3850843046        0.524678626744
  11       53.2401474953    0.604976464927      96.1739332262        1.06450120129         86.7515839708         3.921780852           6.81092039011         0.55755615905
  12       298.093243598    0.954078267987      619.175102377        1.75330198118         666.495453071        10.657679198           63.7975282315        0.797619108884
  13       34.9828913643    0.977127323778      67.8630074438        1.88888967633         63.8006453978       3.32923898806           5.64774090123        0.646153527817
  14       22.3205230131    0.937494187775       46.248321038        1.43315800325          3.8427619247        4.1995040497           1.60629048519        0.592685521763
  15        81.789157441     1.25883072106      109.567299758        1.72091784291         42.0821559897       3.97704345069          -4.02539175601        0.843720762985
  16       15.5892610603    0.700702716224      68.4168169061        1.37091976173         156.791932344       3.17135273507          -2.86640097691        0.401661481169
  17       75.7714244901     1.04399925379      227.480414941        1.86131447258         342.647895725        7.0602491639           7.17177128177         0.71095888313
  18       43.6891460428     1.28926348128      51.2040912423        1.88322210722           44.72426096       3.61831469663           13.0062907521        0.716677463929
  19       31.7342717145     1.02047602536      69.6147983077        1.60018642124         94.5979944554       3.22016228977           11.2440580361        0.778916529246
  20       51.1341208389    0.762771757321      61.6590048235        1.25176527415         50.1619009593       3.39273281065           13.4667864801        0.673914593434
  21       28.6220307823    0.831173137102      58.5903862231         1.2012822497        -61.4834787071       3.75898827251          -6.84501402054        0.505848105315
  22       58.7162853834    0.737226990005       137.53616324        1.26773601922         53.3887388694       3.59246230814           7.58925519604        0.498996691998
  23       45.4311394926    0.971838841308      100.362204539        1.34532874521         53.9525491695       3.16251579386           1.99667366399        0.527764457157
  24       42.0097122075    0.869060221144      51.0682672575        1.42684909962        -45.6749710621       3.30554460425          -2.28962225891        0.642719695553
  25       78.4955111597     1.03934444125      151.759886424        1.93860784312         74.1991731532       3.37496771005           10.2359835541        0.507391415445
  26       65.2286863582    0.827420802168      148.751893736        1.40256844146        -14.4297078708       4.20310272073            26.608842737        0.663280914732
  27       230.099067692    0.877991604389      481.098892561        1.49327142891         384.190271747       6.76572686359           21.1366846781        0.761090222021
  28       27.0607957092    0.859874940052      106.150639267        1.36203979876        -2.43548373593       5.07572504548           5.22989024461        0.622031275354
  29        20.926979018    0.870345516859      79.7382305692        1.21197285858         67.2741019558        2.1779666775          0.954094283982        0.552625597276
  30       6.68626642402     0.68248688693       44.902982439        1.37159044817         704.788810399       22.1942130489           8.52224915718        0.554497484391
  31       68.6950307526    0.791937721129      142.581903891        1.47776602742         12.4028090768       3.68399247821          -2.56199439929        0.607575926217
  32       123.769274664     0.93522048348      181.523701737        1.40859290698         257.018466521        10.707321019             32.30676899        0.721806843434
  33       2.85173730995      0.8485008221      40.6195740312        1.58951809131         339.007684763       20.9346113825           13.3545340398        0.525677830896
  34       14.4672517277    0.979357111327      48.4732212983        1.85922419637         348.008751129       24.2796983595          -11.6821679656        0.500526151059
  35        202.62373517     1.06133149321      249.485454842        1.46799197532          217.01928434       3.48463357032           23.8251591529        0.819607247276
  36       94.5468364403     1.04467355519        165.1161908        1.62647152796         176.980386532        3.5583466362           22.5650256792        0.650215621366
  37       132.615536235    0.814801105927      229.579831649        1.39969663535         220.061536171       3.91803360063           38.0262547405        0.667214818677
  38        35.867375844    0.730860257225       65.685728877        1.40717244736        -34.1780970379       5.19456305744           1.26216923337        0.607131117934
  39       57.5670782598     1.16745728226      102.818755327        2.34604979042         294.310450798       16.0110540058           14.5579355874        0.576153609476
  40       13.7016119042    0.921581018188      40.3616589927         1.5358267564         297.904563046       11.3313807468           -10.584581839        0.481380057001
  41       100.404571637     1.51428183982       149.47802531        2.48826740408         287.840601478       15.0306577563           20.5920228474        0.475867287998
  42       42.1969220537     1.30437098654      73.5580070475        2.60573584388         339.147508758       16.4026002671           11.7628632913        0.737229145967
  43       47.7638199836     1.32113089048       62.355196557        2.96528140085         155.535175927       13.5843138446           15.5245140088        0.670883767664
  44       25.6492783648     1.33410155379      96.3183849602        2.97404543933         174.397476466       15.1732459677           21.5198411766        0.667978003344
  45       26.7394480008     1.08806439381      59.6813356431        2.39634290346         306.024309922       13.7250028092           7.42049715358        0.460250238902
  46       70.5665040804     1.13683391481      121.231026556        1.67194196627         46.1615322536       4.83845637853           19.1026893354        0.535665536107
  47       41.9493251598     0.87101727143      82.3759921224        1.49906697628         32.9843078501       4.09804376856           1.90524725663        0.589801003853
  48       44.5772405653    0.795592292924      63.1864348291        1.43138623292        -17.8450735006       3.60657627096           11.2457794923        0.611604512204
  49       19.2395882565    0.901934748944      75.9497201466        1.54840243391         94.6910241685        3.9095019328           11.2864331807        0.590271195207
  50       51.9715848151     1.24468478318      106.235747368        2.51410419918         314.472658166       13.5553149368           25.6969457705        0.614240581067
  51       83.4703038009    0.883286120108      88.6354777017        1.25961233895          59.948355153        3.4705871541           14.8409866273        0.521053560564
  52        46.991868828     1.20178286894      75.3841648782        1.26783638944         544.846218294       11.1413204411          -8.54152183153        0.397314745929
  53       278.077481619     2.73701365761      329.560129063        3.01244270264         298.237837688       4.17805973136           67.6799025682          1.2159574879
  54       55.1285331664     0.91316857179      89.3816146264        1.44117207969        -14.5160425357       3.84480568559            -3.375572633        0.571671377267
  55       45.7630279664      1.7146884914      64.8342035426        2.64574509769         347.700023424       22.8658145714           9.64747060824        0.675220200391
  56       87.8615666642     2.77820612827      104.874732337        2.72091578299         570.179009494       16.5752769034           16.7270904737        0.605091245973
  57       93.0201433264     3.06700658188      96.6841715339        3.05567052043         574.468131058       20.4612980802           16.2425421711        0.601287993869
  58       23.5956595845     1.05608584737      50.4458509265        2.22655228202         422.556190569       15.4143245269           6.92052196101        0.481359250066
  59       17.7970375535    0.866145536962      60.4856585274         1.9005508637         262.200105202       14.0041974779           10.5537281516        0.424475838465
  60       31.8995533937     1.14873194745      42.2121143223        2.06939706175         171.757085098       11.7209229541          -5.42554338665          0.5741364257
  61       21.2614388895    0.879494400069      33.3956885139        1.31036869163        -44.4945081836       2.84408870052           7.69399562892        0.682842216993
  62       10.5613581108    0.630770591613      42.2644091042        1.10660259611         232.071137415       7.35591194907           6.84967180878        0.196393983658
  63       21.1030704782     0.90456200222      40.1194458376         1.3733356457         95.4305398551       2.98981197268          -15.0148499079        0.556274092935
  64       22.9997217423     1.29660770988      52.4815481211        1.99280250086         238.990099393       14.9240260534           2.82922512421        0.655636413289
  65       22.0531050869     1.10176541658      36.4691837766         1.5200468196         277.039506373       11.6319554087           3.98078085912        0.660292085037
  66       23.4810664923     1.00744965413      31.6490516852        1.57655768969          303.43611995       11.7712657339            2.8278874557        0.514080445601
  67       41.2449429245     2.32032641159       91.228341225        3.20025431529         426.912652492       22.4401185852           4.73768309489        0.761849390992
  68       27.8126454538    0.664010662721      57.9576782535        1.58063374188         243.535110563       9.98283186562          0.437455462167        0.413690587894
  69       71.2160415341     1.38263978181      82.8422483553        1.79771919437         520.958813466       11.2574749199            3.7601507739        0.465167795805
  70       28.8106597165     1.14799628295      47.6415450138        2.23677202756          174.81113532       11.4238906074           12.8516467712        0.649530452121
  71       41.8639911796     1.12795570025      72.9075089752        2.00814140228         239.093220341       12.9917686915           4.52198554343        0.574998306024
  72       6.92513761026    0.908938499997      39.5295723867        1.67446611678         212.945516255       11.8739022685           1.78393499475        0.441992578237
  73       26.8240534536    0.866707362196      68.1559434466        2.30763744373          421.38346997        14.784761153           9.18929486261        0.426626619789
  74       18.7095513647     1.32471319185      38.2201243936        2.40947667136         317.922119023       18.9046689694          -1.23342219526        0.530326924331
  75       49.7794672135     1.31080158259      54.2133851631        2.30953424009         533.180323586       16.2909066108          0.870687125786        0.410968064751
  76       31.8155938644      1.5519875058      54.4163015579        2.78174331743         352.238664435       18.4852412616           9.44975737285         0.57094266819
  77        109.33145113      1.5100694815      223.114050544        2.81464630925         227.640352899       4.44156250013           3.85342678795        0.600249368819
  78       104.862789053      1.0500373272      203.615447301        1.85991527152         192.197027652        4.0791250132           28.1474715937        0.663479516387
  79       49.7589070807     0.96956418462       98.963158084        1.27719775858         53.7680875956       6.00251886969           1.66658133793        0.570396215503
  80       389.664136049     2.21033158899       847.68317614        4.21902291082         614.999953023       10.8160563516           18.4338990609        0.719758388014
  81       20.0189040603    0.803892287532      50.8175170868        1.63384578481         272.628604257       9.48888212471           -3.9571355895        0.430394062294
  82       6.50070606152     1.27462440508      30.8318436173        2.30712688568         266.753320223       14.4105430674          -9.87949374478        0.520133650416
  83       17.1265388492     1.05180597085      52.7908670001        1.77127203175         357.445223858       11.4286791797          -3.99162564822        0.454304743285
  84       85.8599561969    0.871228839786      120.683796716        1.39833691278         -16.722517263       4.51594592945            26.371081933        0.654924645648
  85       16.2914476122    0.867556391905      49.8108505936        1.75167122737         234.951619834       10.3541887094           4.12112644915        0.444296807915
  86       9.66513899208     1.03053063279      46.0378186939         1.9064338946         240.533583002       14.9056758885           1.90810580763        0.329644330703
  87       132.819373389     1.15023439761      247.313571361        2.24172428893         252.218304933       10.9660368138           20.9392938413         0.56393734637
  88        12.176221671    0.792396529381      59.3879567668        1.61570414027         259.885117263       11.0434305254          -9.08986778143        0.462968752513
  89       13.4577836632    0.816932922298       75.083725218         1.4338080666         50.2098199241       3.96565817809           2.33879683255        0.639687220866
  90       129.737197636     1.18630991495      176.423737187        1.75360096057         245.106205899        6.5810629529           21.4765294884         0.60224316627
  91       113.186192057     1.93073035308      227.075720437        2.84707734101         239.705410855       5.53328083307           8.68704871454         0.66232108017
  92       38.5181886717     1.00072431478      58.0913055539        1.48244141495         27.6674891878       3.72852473361           2.87039905207         0.64966192748
  93       17.2563985046     1.16505380035      47.6916171778        2.25018230944         254.550183648       15.9100827833           4.68793896583        0.390615965373
  94       86.7723532876    0.728378933446      134.960419255        1.50747094935         52.7372276947       3.31559566597          -4.59434981154        0.646852254143
  95       48.7794878184     1.38063692349      88.2694407361        2.72250734231         216.734579968       13.1197600699          -6.38771019264         0.53563055717
  96       16.3672184387    0.918501439935      56.3620118777        1.83823127325         384.850606204       13.4023618476           18.3653055879        0.526081089143
  97       61.4660674844    0.902742000005      72.7421721557        1.40904338947         70.1236087912       3.60926401575           9.96443260421        0.642285447383
  98       23.2405868807     1.37014702436      49.4193812224        2.60021638009         251.134999027       15.1662046144         -0.903699299071        0.663143888235
  99       88.8811156492    0.804978534713       152.92920257         1.3157240129         87.1892533697       3.42881481127           14.0709897458        0.655945695656
 100       30.7027525886    0.943659937457      52.7501258953        2.09385989951         169.367195043       14.6225934153            1.1452522426        0.537417889893
 101       23.7059166675     1.31520165603      54.3858291467        2.31809407199         261.064666048       17.1088654213           3.66035684337        0.487531432199
 102       17.7278459326    0.833847634966      52.9600736937        1.37254438776         122.437146315       5.86117661994          -4.22241273254        0.458687192878
 103       58.8678628995    0.979620827464      88.7738307935        1.40892268117        -71.5790220075       4.67417472418           12.1103724255        0.603089832537
 104       34.0947864865    0.763076219838       147.99703846        1.49894052871          139.01778339       4.54532203206           7.43152914393        0.495170378119
 105       11.4845622173    0.970338215132      55.3019067852        2.02167832829         483.263114477       12.4132543054           4.98025630165        0.432763278494
 106       27.8524845742    0.831125970022      59.5297751871        1.90703005014         371.471114443       13.1995031171           5.87822995281        0.313418708658
 107       82.9966072658    0.990380506273      141.104966611        1.40693003799         42.4691771012       3.65433562327           27.9479194573        0.666641540563
 108       27.5812776638       1.561563615      69.4323033883        2.36724375145         308.283701146       15.0221919167            1.9065115705        0.491584181224
 109       42.4544295658    0.985459834324      65.4373504305        1.62835977142         71.0033960983       4.71591732567           14.0250708247        0.490186872228
 110       12.7383235898    0.923224785251      57.7141201358        1.40936076396         332.295699308       11.4197058702           5.06801626187        0.482113211713
 111       26.6912051716    0.814465937061      70.0989515069        1.32664929854        -6.38923758963       4.23085433704            4.2341533942        0.704053092545
 112       18.0339463357    0.926762879534       50.905763151        1.34792009337        -11.6407897059       3.28448319765           9.53585842962        0.483564055327
 113       141.844730267     1.07475933788      161.584334979        1.81338034804         243.164228508       9.85948552419           15.7001225839        0.512350939972
 114       18.9808751991    0.741552867162       48.088855674        1.34258239838         61.5314962176       3.64399541636          -11.1637235372          0.4686518937
 115       29.3804042636    0.938223014739      55.3967311026        1.90745819776         200.662560515       11.7590609052           13.7110270732        0.438529091071
 116       39.3749438224    0.994793843248      83.5339805356        2.11099253068         136.389038952       10.1485998606          -2.91871906608         0.47263598518
 117       268.693643195     2.98172159078      519.779357541        5.21786321464         591.560836617       16.1208502888           58.3570820771         1.14066248406
 118       159.791071155     1.43923933341      313.613263329        2.90876071359         272.530030218       5.73709216631           17.7995308096        0.535867102443
 119        25.589239154    0.803677586393      32.0817921725        1.87443239538         106.044123562       10.2843155043          -3.06997673135        0.672969556927
 120       19.8343501062    0.871225056429      36.7500164397        1.53945277144         232.567154829       9.11633562339           2.95731771357        0.627300346172
 121       57.8307639434    0.980777129594      85.8509773583        1.30597887318         34.9805873969       4.66021364375           19.9537119314        0.585743256285
 122       22.6925882719    0.962160996758      42.8797496371        1.70335324368         336.498666617        8.9165165194           4.15489379422        0.525040880701
 123       7274.75588241     52.3640852048      17794.9006961        113.399625696         19493.4500186       346.459178885           330.260037088         6.29218135571
 124       11.8377766935    0.764860033373      43.4232857125        1.46148993282         196.060601554       8.41456416804         -0.456383536486        0.584054255966
 125       307.635195439     3.04451490439      499.835924623        5.18342585298         481.529319532       9.47091171231           26.0625093022        0.945589852541
 126       459.586923349     2.55676285956      1003.39320597        4.98001979272         1028.65908379       18.8470818691           13.3996569256        0.660788723224
 127       121.747895133    0.909936463776      255.050426666        1.51075370438         437.843588358        7.0130347192           16.3455461764        0.683173027092
 128       32.9863050938    0.941881422263      56.6154771107        1.51903764916         182.841173918       7.62295418973          -3.23286455348        0.571209056131
 129       52.4097993799     1.06657285754      113.689330219        1.73458586038         88.5753390514       3.39794311001           8.72503775937        0.453578711062
 130       92.8747420338    0.913137637597      189.270594804        1.63151920951         296.505459154       7.33346061818           18.4060803685        0.429743998791
 131       28.1194138449    0.774634747529      75.4533477603        1.42608545114        -66.2940237165       3.37303848396           -11.904169864        0.711334571707
 132       67.0368279777    0.816288422047      75.4581985525        1.36622793012        -18.4023491786       3.03597322431           13.0601515609        0.748894904804
 133       48.3902908909    0.771762171429       90.379609639        1.22263253195         33.5122782018       4.37774722144           2.29961613602        0.569660098262
 134       73.3841090857     1.02980030441      162.013573643        1.80775649272         101.022246261        3.9324329635          -0.13717685543        0.576747671137
 135       10.1862888074    0.782519854312      39.7706664302        1.50828706332         112.999121723       7.90272126868           8.12398020208        0.404844895335
 136       17.6741436978    0.845950434698       42.906275893         1.3300506109         161.570980153       6.38662588173          -3.01221809404        0.553710250896
 137       17.6856693488    0.949210538537       60.572340817        1.87472190239         287.507753104       11.5428955345           11.9060429476        0.495874377752
 138       17.8566793709    0.962961040798      43.4443476944        1.87356316442           85.16953404       8.36614590811           7.18166261254        0.432613244822
 139       8.70787485931    0.898418841413      45.8751920973        1.56803872976         220.762432144       9.50296894828           -2.3179411142        0.340070820904
 140       18.0953356639    0.928114133073      52.0790171791         1.6430823442        -31.2468308202       3.48458461969           4.82589067569        0.652914944241
 141       311.665454657     2.08394465827      568.179812598        3.71512728366         434.300310938       8.78494828746           25.3192465909        0.866049394011
 142       62.1714260569     1.27872958666      153.410606288        2.29448345664          210.25916182       4.61034594376          -6.85744957634        0.662348875991
 143       106.159890083     1.35069841334       216.70420371        2.40389114064         186.523033735       5.01204556988           1.31371344862         0.65105379101
 144       30.6105606184    0.930144884629      54.0746575621        1.50460908104         26.0358798373       3.59191752354        -0.0522559105655        0.538012254971
 145       17.4752867629    0.977595376467      37.0318824052        1.71275044001         280.428821137       9.26941524783          -13.5066355477        0.474542591408
 146       47.9261181034    0.848830410592      81.8312593127        1.26172508882         72.6870106871       2.94143520643           4.28104793324        0.533427981782
 147       11.5659136762    0.950293034046      32.5733182466        1.87192767701         138.525184401       9.48401538498          -10.2335931646        0.429206453786
 148       9.54032301723     1.17997371212       47.811064357        2.12463746948         40.3699831472       4.15125698964         -0.489906191282         0.60422487856
 149       19.7302231466     1.06319846897      48.8700085939        2.37049207133         136.479401011       4.34245861215           3.10135319622        0.729447250019
 150       263.185950579     2.49141465949      591.194110516        4.89922798603        -928.779559197       12.6065495247          -19.1700208409        0.695967008533
 151       263.320053926     3.23775231325      562.941732198        5.72037537271         621.372523943       15.4700657808          -8.22678996193        0.841401492551
 152       27.4295295287    0.737469501644      75.9221034152        1.43772870625          584.59586613         5.472750923         -0.444506402274        0.389224337959
 153       21.2339265657    0.725889836731      46.2194201398       0.996788060075          199.08259873       6.26105902491         0.0372512856497        0.360217340114
 154       5.70491774361     1.00180898672      28.6775907864        1.88997750512         -66.476499216       3.40928983311          0.573416575527        0.547421637963
 155       68.0077223662    0.874857183275      121.362826292        1.47920935136         34.9124317287       2.98508738334           13.4178799139        0.558224798442
 156       44.6825879034     1.07820743212      71.1702040448        1.44147876377         51.0838174272       4.43964529858           5.31297319875        0.542026943192
 157       77.9841224536    0.867661671933      131.751874521        1.22357522945         111.025866178       3.27684125756           18.0245915927        0.758940828268
 158       89.8662239491    0.827936403988      107.739669284        1.41091383977         165.148594171       5.16781060575           7.77805417087        0.597988911014
 159       28.8993958392     1.04253628909      78.0324226119        1.65685118336         187.352697905       8.53710714731         -0.616304561182        0.559809285994
 160       12.3738796623     1.12081062377      42.8223047952        2.41597580522         85.0818627122       4.90776873575           11.2773468554        0.570871002102
 161       26.1735173245     1.23213436421      46.3308895336        2.40276707115         1.38655278668       4.09517299998           7.10641296366        0.501481618931
 162       29.0233273025     1.16915233681      56.3500702289        2.76610734797         148.931139926       7.01836172036           5.13121630554        0.574644133918
 163        38.891042812     1.17390784518      52.6353376964        2.39890106311        -3.93221743831       3.64872655365           12.7346443965        0.572168848285
 164       52.9055875828    0.992814811345      93.0943441014        1.66031217403         119.770779881       2.99241911426           12.7747400729        0.538044314195
 165        23.206163309    0.974766597403      48.2868540697        1.82570456927         46.2106633337       3.47230785872          -7.74985053754         0.46420128448
 166       119.927408158       1.744491375       246.37216713        3.20056249319         179.865598532       5.62936675372          -2.65198907829        0.603988256886
 167       33.4121415762     1.46862655362       68.393911695        2.85175281997         56.1670226893       3.08468529816            17.102745786        0.570682669074
 168       21.7675747968     1.06132359012      44.8672284554        1.99538638672         48.8856979381       3.63674817393           5.14547161915        0.512819263323
 169       47.6074527164    0.882806407681      48.0867804119        1.45314933326         91.2677554762       2.55132358391           2.36690071828        0.834257741255
 170       348.753463154     1.59124097129      641.175080071        2.86687479996         517.265159423       7.23913525978           49.9196260642          1.0720944478
 171       23.7535192644    0.763160616653      46.2477988699        1.50821665262         54.7634358926       5.19257380335            23.465209999         0.58546439754
 172       86.8651481698      1.4838160249      182.017321835        2.43309782213         174.882408096       6.16105551498           7.43866687348        0.565774971269
 173       20.1413245199    0.861776747039      81.8378228779        1.24597087157         150.203967186       4.35727913877           7.02519995408        0.407330229228
 174       31.8756630095     1.16776967674      58.8884197357        2.21682075857         101.004536374       3.10949880129           3.93388841177        0.554792737259
 175       42.3079979285    0.881597033106      87.6532233517          1.754251317         107.604507169       4.39028950932          -16.3111480373        0.483726567145
 176       50.7922088773    0.839174405188      91.8109263625        1.37789816078         81.2115161435        3.0545692635           3.60531986542        0.608838933379
 177       34.4266529741    0.752739762094      38.6306183439        1.38067324638        -30.9003307885       3.02492425618          -5.12671603118        0.538817265733
 178        48.284121414    0.800280658724      89.9558226915        1.45577318161         28.3729468141       3.52118442787          -1.67372402204        0.665122276802
 179        17.761673713     1.00429361068      35.9785024313        1.44938312656        -21.6006744656       3.68213041018           6.10166258488        0.562639290829
 180       82.2923102972     1.02912973596      205.269705026        1.86412912597         141.839545304        5.2886716151           3.54579357806         0.61723493872
 181       45.0854681477    0.859222236054      65.3083384146        1.40352614305         53.1778195757       2.91602444462           16.0437104295        0.444056522238
 182       48.2100984079    0.837471297821      85.5842525743        1.56148463452         1.44978204848       3.10182246463            19.414275454        0.626541825231
 183       24.6635133519    0.801932146317      64.6490369495        1.39970811434         31.2085064075       3.44512004956           1.85857578392        0.605172959003
 184       381.889351699     2.15303608072      805.113206911        4.20074704977         678.190165628       12.1667160414           18.3444508206        0.531829604606
 185        27.969944753    0.886844709712      61.7360035392        1.29667366826         13.3168928139       3.09305961842           7.19120820091        0.486134813178
 186       45.4634956771    0.985908632646      107.961454428        1.63077283654         120.795918281       3.77858001329          0.767470055615         0.52988590094
 187       110.880017266     0.89456639356      200.351921156        1.53896036116         183.587040656       4.19533057669           1.78951974779        0.413952707682
 188        1016.3538919     4.27536556557      1768.03086421         8.2409609454         1497.87553413       20.2471490161           60.1294199233         1.03123533982
 189       43.4599721186    0.848257649282      58.1161927286        1.47542592392        -19.7356883312       3.14100229821           19.4643238491        0.537336477572
 190       700.630960535     4.01203529465      1498.63745864        7.84905008136         1337.89416556       20.9495811886           46.3708527703        0.905681857609
 191       56.8343663698    0.834227097789      102.452943662         1.3350581681         100.412285478       2.41173059775          -1.40748634893        0.613522935585
 192       57.7193924447     1.01715869698       112.47010076        1.69901647392         144.899160647       3.00751930005          -3.13536140058        0.494664926766
 193       28.9965132455    0.789871605405      52.2472382109         1.4177350548         71.4964456911       3.26065842668            25.057455723        0.495218426117
 194       65.3360233776      0.9678482509      107.080174178        1.35711229326         102.681359781       3.82206862078           8.80730203731        0.597522060134
 195       251.180189937     2.34099914697      501.356451354        4.39417416643         404.655254008       11.6478197269            14.906509463        0.602172296033
 196         38.23143496    0.766075984161      85.9049472493        1.24410633659          66.626814169       3.07359575433          -5.06327557805        0.499626838764
 197         18.24022547    0.904877581693      50.2655303068        1.32610492874         144.820792658       3.84635408918           1.01748746012         0.50638830943
 198       28.3397763663    0.851275106967      90.5739929774        1.59469117967           188.9981939       4.43325823143          0.250043456813        0.527931767998
 199       14.3388113074    0.813003095913      34.1965195993         1.7712367821         113.843256708       5.43578816167          -1.11855785717        0.562856336059
 200       13.6081338021     0.76032946143      51.1112191326        1.27369084442         50.0490029422       3.26090891545           15.7678827468        0.590392451723
 201       47.2545889884    0.781943172677      139.821287179        1.51823108693         101.182856816       2.82306777596           9.57871892594        0.793712298894
 202       12.0964819995    0.741098379605      41.4259805282        1.42336032422          66.849591116       4.44283391682          -8.85065983159        0.481207536094
 203        726.48520722     1.67077661112       2321.9522435        4.28724587276         2314.36492508       29.1436833769           25.8263234244        0.573927616277
 204        254.93029623     1.07996273026      765.144495896        2.97441498466         635.521148387       17.8212548667          -6.91740521991        0.613515499759
 205       47.9104454714    0.868060735875      117.742998147        1.52114492077          68.104281801       2.97182872022           9.63473334858        0.553484766915
 206       73.6539164197    0.760207213927      102.068858031        1.51743771627         100.900360451       3.25658080785           15.4466795939         0.65749329742
 207       45.5450779162    0.743995048726      75.3805877276        1.39615112954         2.01459484763       3.64519490933           3.81476576393        0.576827432395
 208       155.921715421     1.56664712662      313.831494444        2.78012992838         322.166237373       5.07927820808           1.02727571013         0.54596842001
 209        7.1316527029    0.656495451762       54.468852523        1.18388920332         288.254520973       3.85262737118           -1.9479372966        0.409909305395
 210       36.8783333614    0.850350061274      122.555856232        1.51643676699         79.2251066008       4.42607969092           2.08647459233        0.613142866038
 211       13.2160512275    0.767782156561      56.0978271015        1.33042721834         106.125369619       5.03295326875           12.1489422226         0.51890645615
 212        21.371728585    0.912000696147      46.9420651826        1.53169098211         11.2758910049       3.29162717727           -4.7061648591        0.770504495984
 213       88.6073679002     1.08974511589      193.869911034        2.07065036964         144.655659074       4.11535154088           9.25678888951        0.689242891741
 214       28.0733749203    0.899565543322      64.1569997636        1.41144368561        -6.31162611971         3.145489149          -5.93623745526        0.554197358203
 215       35.9792834043     0.71980923049      57.8772491317        1.61366482069         10.7681746284       3.31512414003           1.24494875643        0.489152177687
 216       87.6216168629     1.55017145189      174.203411516        2.58970899827         144.042987441       3.52791792553           3.19107007718        0.653420606374
 217       17.0460947499    0.711541874509      30.2013359284        1.73462032715          173.94642859       4.15904705784          -3.93346073489        0.309554146895
 218        67.996135207    0.853459042437      102.906841827        1.15153746439         48.0230283061       3.87715963312           13.0714594486        0.534192992606
 219       23.8422575828    0.667516312001      37.1721348098        1.29989488348         126.579358975       3.64774577981           5.21507377134        0.417629306972
 220       64.3670390372     1.07422090406       119.30928253        1.90584793333         120.780652057       5.88588806706           14.5347829041        0.431780980195
 221       16.5737309733    0.862908767366      48.1512856137        1.28157882932         156.596681154       4.04170353301          0.826438954054        0.372239224302
 222       17.5642448328     0.75475603088      43.6570710146        1.37297828261         176.735494859       3.23287895014           1.17216614785        0.314024924822
 223       22.4672667815    0.727828563005      131.356733426         1.5687358741         218.086361646       3.05787069719           15.5055821548         0.59985665092
 224       26.7405465275    0.858035540982      52.3598713862        1.68493912154         185.387694932       3.40421321343           10.7079747191        0.549263451364
 225       74.5338595692    0.894200850043      157.027363038        1.63705026694         118.786147337       2.61879616007          -14.0499273088        0.482514186841
 226       23.0946102531     1.06158103435      72.1414841772        2.10745624641         63.5316394367       7.91910780921           3.40205099589        0.613071036072
 227       363.084381611     1.51896030374      620.434332015        2.54397377892         317.572811151       5.99694612443           29.5904866662        0.927977117688
 228       28.8756127022     1.17644535091      60.6010345402        2.30654529577         82.8606324304       7.02200834099          -8.57484413076        0.635839248924
 229       36.1267214332     1.50345474414      62.9494578213        2.76629431295         37.7184957658        7.0591895935           10.5443743488        0.699804521145
 230       27.0176251115     1.00279806379      49.7703434258        2.13347987697         38.3839930298       7.51302997833           7.63136850466        0.443111632158
 231       57.6532028122      1.0690994977       92.026583892        1.88080355578         134.556789497         5.294965518           7.86822003269        0.700842670245
 232       28.5931590016    0.994747883268      56.9279664235        1.77158846221         219.898342435       4.85856090058          -5.46251753931        0.513811661804
 233       29.2368640315     1.06938905074      71.5908751221        2.02680134015         27.5098032222       3.53691357449           -2.2262032447        0.583765749249
 234       35.8134785564     0.85566566049      98.9466994402        1.48277583872         33.6916704535       2.88597833643           2.80291342404         0.63109639811
 235        7.7227402205     1.11075306589      52.2441686893        2.19699179839         173.274141034       5.36683292586          -3.62759696239        0.529501637927
 236       15.8787984149     1.06978111763      67.3065925041        2.02130188654         200.516035372       7.38788142321           2.60401933063        0.489279738224
 237       45.0341611127    0.816621785471      76.9825308614        1.45482841835         28.4814359196       3.11225032023           3.73830252403        0.603007959598
 238       534.534652083     3.23685286533      1147.80102821        6.11128816697          1052.5816804       16.7132610883           38.3321975025        0.944262012103
 239       39.9261154864    0.789047573318      55.2395465002        1.48923487918         25.1254989691       4.49204388948           7.05764233885        0.469274695562
 240       36.1364396491    0.746697372531       112.68200404        1.41314448671          87.807702121       2.98478249871           7.67485638912        0.525322630677
 241       52.3916040484    0.899070176047      81.7839127051         1.2825274908         18.4762508975       3.06576588986           3.99944958968        0.621958471742
 242       57.2199496734    0.814392073317      133.531431457        1.27409706497         38.6073240821       3.13215814093           6.34117654422        0.487183614933
 243       18.1442325105    0.965756899774      47.6938924715        1.84507517512          190.07352255        4.6444823913          -9.74184921129        0.489934300537
 244       4.88025835416     1.15235067591      47.4580097787        2.01686504725         113.037230449       5.92380769498           6.63531547053        0.586195865631
 245       67.8422495943    0.820997074295      181.693255932        1.78946924216         155.306689817       4.58484375905           9.38196527536        0.546415581686
 246       20.8057441936     1.01860908721      46.0210973526        1.91121222048         132.071484079       5.57548439057           11.8280262289        0.330522746715
 247       18.9487000265    0.950082487215      44.9328167385        1.69546518438         113.154501506       3.90579304849           3.86003721648        0.435955622399
 248       33.8161899454    0.743829527209      66.5205554664        1.30918371525         59.8804916913       3.74372049945          0.500138142348        0.418396491914
 249       69.6578795993    0.827030961116      109.768187935        1.35630998784         33.6107688458       4.45647648417           28.6667862394        0.440162689714
 250       121.167737221    0.833154179041      250.387776066        1.32443491993         291.573868225       4.18123859684           8.10323525033        0.616038430633
 251       26.7268577016    0.839847485258      54.7660208911        1.72019074585         216.950516934       6.32206191849           14.0133179602        0.497002101873
 252        33.402997022    0.868105791791      35.2622782769        1.45818698168         34.3722205078       3.23462707783           3.31284775748        0.687441797781
 253       14.5193913068     1.38907259272      29.7379573492        2.45668459686         135.576025626       3.92979906824         -0.542324835414        0.743780050345
 254       49.9111460631    0.977542383521       67.107666022         1.9762354102         34.2281234764       5.60591610624           6.83633687038        0.570421319589
 255       50.0565114841    0.935914553984      68.1929951475        1.67245379341         76.8829341113       4.02226781144         0.0185575935507        0.479404624112
 256       67.7424019071    0.954532933278      141.610739311        1.61188063721          39.065491121       3.24770411965          -10.5643488967        0.436998598657
 257       28.5064799923    0.952389901841       67.609783723         1.9142540748          254.71450398       5.35386678618           9.35021365705        0.458367665569
 258       15.0934058427     1.11439130896      42.0874198028        1.88615511599         51.1815796304       3.98733321909          -7.58549713727        0.665865000613
 259       42.8665867428     1.02767971619      64.3178139757         1.5566610565         61.2652679381       3.70666516265           0.30189982366        0.604559178839
 260       19.7352279003    0.844836920863      51.7797390153        1.68486804379         162.152446965       4.47412066461           1.09958457044        0.512466405746
 261       33.7863844358     1.16111943501      65.6617055355         2.0349141601         116.009017144       4.33496543083           10.9942650485        0.540702213997
 262       15.6424051518     1.11947408143       42.269157729        1.84592292909         105.670800287       5.86942626283           7.91260109941        0.555226179387
 263        72.963189713    0.988197238304      133.253046245        1.47491289631        -11.1753167701       3.27393291653           5.31596583603        0.477648050801
 264       82.3378505348    0.964175915809      142.381648904         1.4983691129         173.991712793       5.76025247916           6.76810561548        0.820357126204
 265       1091.51338649     2.64162204699      1960.84060558        4.09380466663         1224.08468425       15.2695090162           165.964584965         2.47285687764
 266       30.8787561972    0.958805672994      47.7634775186        1.34185790274        -24.1881688459       2.44878178776            9.7980157328         0.48545886565
 267       19.4898373925    0.761022725232      62.3617217647        1.43688945652         124.750581683        10.657775634          -6.24597206486        0.541823171158
 268       376.072686466     2.85114250188      745.696658453        5.54904458909         735.875295539       13.0476510252           25.8267512263        0.704009253641
 269       79.5471890614     1.02451640254      142.921464252        1.36136596624         96.9971687076       3.32680995688           13.5916392136        0.649764245786
 270       27.4310147762    0.901372459427      79.2341001585        1.27604514613         76.3889002369       3.83755218994           3.66156729887        0.647249407122
 271       22.5955705925    0.746349603026      45.4617808309        1.13677648746         569.996907946        9.7873157573           13.4981471549         0.47736302933
 272       211.658846594      1.1925892395      261.505107868        1.50590423004         221.941085721       6.45355291932           39.8981083784        0.799348732435
 273       95.7836216039     1.07608469676      195.689442306         1.6358196542         223.687392958       3.61837404778             1.842734933        0.676607509834
 274       16.4379803719    0.955279119282       78.784841529        1.45461431805        -34.0962586421       2.80215363354          -4.69162849766        0.578057239095
 275       140.765577445    0.997964240567      177.644916676        1.61661874408         51.4206821293       4.07534666339           25.3686493214        0.832463017457
 276        24.234030423    0.807901713739      52.1692575037        1.38100288186          48.068374457       3.80552701392          -3.35597730719        0.504381268164
 277       19.7285189868    0.718982018243      40.8686725951        1.22146243403          327.55323074       7.13931803577         -0.166102710993        0.276948566303
 278       104.600552946    0.754034317821      105.767194515        1.16330835136        -47.8591528662       2.15171913013           22.4344153824        0.461320484793
 279       211.744431191     3.61399792795      396.472062785        7.15388266837          295.70033105       10.5284784846           11.1175459979        0.777832029458
 280       182.101495919     3.56345434279      384.601644464        6.51490428729         431.620216008       9.54143858717           19.8644322653        0.554805152344
 281       23.9251448956    0.800714125396      51.7095447394        1.26741211472        -80.5222786219       3.63521250187        -0.0486871930626        0.669576528783
 282       53.7325768399    0.952988268251      126.866096282        1.41891768775         77.4104502828       3.11834278385           23.2077995981        0.534542386316
 283       29.7231766037    0.919317853401      77.7304186962         1.2289209833         44.2762255398       4.09952575188          -6.89601987568        0.628792844115
 284       25.4983206851     1.15096037829      39.9758594271         1.7354351783        -52.3922287954       3.27167614112           21.5057616879        0.799703584468
 285       79.3599451477    0.852475816546      107.495634955        1.46471595235        -33.9854221024       4.11569778463           9.10514360516        0.606304697519
 286       47.9902618407    0.739664776492      96.6514135583        1.29063790228         174.181743965       5.41854027429          -2.49774144235        0.462966214016
 287       183.420345747       1.304327995      358.921002049        2.08932078357         372.071962884       9.29630434653          -1.49461500889        0.618546607952
 288       102.993495706      1.1612814305      236.758166746        1.75529304533         207.010326421       7.35532272322           14.3825267314        0.736589803711
 289       104.252846748     1.80401554436      132.408317107        3.98934105426         229.979937821       7.40890776797           7.60880259816        0.632520062185