# id F89 E89 F90 E90 F159 E159 F156 E156
   1       591.015531257    5.51920773124        1309.94226619    11.5843126759       2275.78327546     31.6154995936       38.2307300396   0.896024391261        
   2       41.0312132321    1.09609635278        140.002910477    2.33190105329       443.025506281     8.58511202115       11.9665122459   0.633255502963        
   3       314.315703711    3.04132642797        693.350713585    5.72693965106       1065.31525616     16.3020262993       28.1120763417   0.748243260243        
   4       88.7880412478    1.19961070856         125.35836489    2.33413645736       191.840454711     6.72838820439           25.770865   0.527339755465        
   5       177.066516517   0.878167068157        674.739438324     1.8763241459       2020.42941102     14.8173329896      -5.40791557471   0.452855216766        
   6       11.8191199184    1.05470388841         39.669590584    1.84465426526       35.4236689017     4.30713150094       2.94783129117   0.566614466761        
   7       29.1283278444   0.542873134546        54.6273797357    0.75899123035       164.749424906     1.80841900558      -7.49344339234   0.198118561999        
   8       24.6509275954   0.758899987217        38.6829416844    1.47237897449       51.1254111364     3.68754341933       7.44936663344   0.554584240223        
   9       11.0877994438   0.877198571622        52.3076093784    1.68054072612       59.7878803732     4.92436281333       1.69187543467   0.488765528208        
  10       20.2356380324    1.13861451354        59.1527522611    2.33312906143       125.115683292     4.95491942064        6.0469061072   0.464287467046        
  11        37.794462726   0.791509691056        74.6428018604    2.15646996575       187.056472804     4.93261992027      -3.45461785508   0.316787464353        
  12        18.259461814   0.642644822358         59.344272823    1.29442915207       141.780500447     1.63787771867      -6.66126612284   0.445390581396        
  13       29.0238924035   0.939289884644        56.0834467295    1.39290913156       4.91453542604     2.56787254165      -2.82752339115   0.616903312312        
  14       108.670006638    1.81696658663        202.792333956    3.16759531678       367.291893485     6.58416091658     -0.746023358084   0.516053610546        
  15       3.24362341198   0.707446303682        34.9419617221    1.28024725685       121.147726415     3.00444918317      -4.56969036723    0.53045997065        
  16        47.370298646   0.751475098394        87.6923866423    1.27743320626       93.8265397463     2.38469167439       -4.8591378714   0.827904470567        
  17       28.1638829665    1.03174862494        89.2973992891    1.26765025804       145.843426653     2.51796523885        16.088403783    0.60071401275        
  18       31.1730058542   0.739435013559        42.5999002556    1.05039526496       118.018055391     3.06221887744       14.0112857846   0.615061553059        
  19       140.996724592     1.6408811463        306.818476496    3.10622171082       421.603595403     6.29416746051     -0.193203194845   0.659755722721        
  20       86.6752009162    1.96892489831        259.506945354    4.50152681934       446.843981964     5.97452611295       9.77706777856   0.770859613386        
  21       19.4492082273   0.526747152903        38.5145538467    1.36882242064       155.713685125     2.96874654882      -6.47872239397   0.348656148078        
  22       225.231372954    3.57455255562         479.64604901     6.9306742807       618.598080173      14.773591954       19.6966058218   0.789281141134        
  23       1933.64410169    3.30723686391        6709.25244086    10.8829621856       16662.0466568     133.542599489       31.4332340955    0.59486940116        
  24       168.757824059    1.37320049443        338.712743951    2.85732615107       421.184696313     6.96505934028        12.864221818   0.733229018896        
  25       369.265256024    3.84732624178        775.702375343    7.78075664858       1084.09025423     18.8588703096       17.4874371674   0.903059053371        
  26       59.7115000085   0.900886204953        150.240564245    1.42555364923       179.619334801      2.4886668232       10.2841004906   0.669405616938        
  27       454.740433725    4.81473279122        958.983472852    9.53598229731       1508.04768637     23.5883255112       35.5055011457    1.01389758393        
  28        105.72883581   0.740043990245        145.034289187    1.38447640538       148.398312591     2.35648638722       36.4355883607   0.525563066197        
  29       94.9117439887   0.964341082965        156.323593585    1.15124710681       136.333489365     2.33682897892       16.5273079385   0.679820272846        
  30       70.2004269136    1.16490494638        172.689469022    1.89666122565       289.983353527     4.54667156575       23.2259331304   0.752577164796        
  31       45.5601482312    1.36518316147        56.1971217388    2.97984138706       73.8459866235     5.62729936836       24.9908084763   0.684043973441        
  32       23.3588046809   0.731149788746        50.6355762278     1.3566758161      -10.9447918864     2.34155250995       1.28210774444   0.662865422106        
  33       39.2396448781   0.807177297895        81.7751336082    1.38981732511       124.364128454     2.65738729249       4.80869412184   0.688929338037        
  34       87.4110773502   0.847277394891        106.147416351    1.22235766932       5.39950709185     2.70252159231       13.8972645215   0.685180426144        
  35       70.7288508342   0.920164139197        98.5530190958    1.39690415616       132.387321467     2.72055441614       11.6465548285   0.770550981266        
  36       145.389250443    1.53112749432        199.786376188    2.10151728034       256.865694792     4.41674697265       13.5929643382   0.729305778412        
  37       88.5726141494   0.814131059257        168.096354762    1.43818793155       222.784299457     2.60708760044       24.6863775736   0.615994240408        
  38       36.7123809988    1.05248453302        120.571974376     1.3917422801       65.9982874812     2.64769449391       15.8214231673   0.594197470868        
  39       13.0025917485   0.697722837228        43.1835134198    1.14031610212       104.195580722     2.50266705519       -0.8862694695   0.393657034867        
  40       112.313239879    1.07041429906        215.615604776    1.70994349582        281.50683633     4.21904336563      -5.44296218367   0.631770783422        
  41        60.573876245    1.28770909833        147.193919171    2.36537478401       203.786522184     5.19753912967       10.7845554947   0.602874554267        
  42        145.38406606    1.09092244964        242.953365044    1.81530157152       356.645729341     4.64203612457       33.2910709853   0.764643468132        
  43       25.8337007934    1.17695061349        63.7222303661     2.2288881493       89.2043839865       4.659931608       16.8116077583   0.722503281119        
  44        105.71238851     1.6069189559         195.99710956    3.05882435524       334.107019284     6.83798650827       8.78718407667   0.745898950332        
  45       30.8316286807   0.786607579969        76.4860437598    1.27740165965       109.929170216     2.40881181653       7.86247505231    0.55311112945        
  46       18.2982757613    0.70292913337         38.237537026    1.31428783299       72.1119862314     2.83783968635      -13.2950213855   0.416743666483        
  47       51.5965183204    1.11571205514        122.641962329     1.8852814583       172.388301999     3.13562248392       2.40781566023   0.628176941966        
  48       55.5066284237    1.18830392469        98.4626957454    1.54455501471       287.998760285     3.08441528332       19.9199131269    0.66683455146        
  49        249.60276566    2.03823820465        513.910356787    4.15267676519       773.789387256     10.3318249331       4.38420708164   0.591438345892        
  50       82.8269651327    1.04571455527         98.174851024     1.7624290119        153.46135889     3.98129052458        16.287754615   0.696740431429        
  51       45.4883884389    0.88428821653        147.952338435    1.41479405515       403.617818903     4.86604460047     -0.117803661626   0.554190908296        
  52       21.9644593992   0.849957114344        44.2949358858     1.3310138233       -6.3258702081     1.86051074978       1.81766379396   0.493469802053        
  53       33.0975269306    1.23719139376        112.868165775    2.43995642269        397.40413096      8.8367092175       3.63260927588   0.755436266321        
  54       36.2222073096     1.0905123589        141.907677069    2.47201375935       491.996021752     9.98221513352       9.49166635508   0.634165386924        
  55       279.316467213    3.07041192169        1130.26394965    9.23121058454       2287.30638354     29.1738389547       32.1092428433   0.756848409093        
  56       63.6978011162    0.72681714896        88.2893207562    1.59404513823       35.9571347804     2.01471913423       7.94980133898   0.529861326822        
  57       261.680542549    3.76491887499        618.003645963    7.42214847109       965.901403326     18.0583566207       59.3941628418     0.9757797769        
  58       82.9288497076    1.26126852085        173.882975332    2.82320655124       310.891346635     6.73630041289       18.5107344993   0.607875792913        
  59       9.00075308186   0.871851308247        41.3241335726    1.48804897243       34.1174090087      3.3878047095        15.737130806   0.444681554377        
  60       1320.30898232    1.98183014489        3767.01057428    6.06274198873       5474.15149339     45.0441926799       16.6797817325   0.805353661023        
  61       2486.82431874    9.51641020976        5559.65258346    20.0981105933       8350.75734125     82.8538503858       132.625086901    1.42341330895        
  62       53.1637418753    1.01311225674        106.789073636    1.93071477874       119.410908704     2.58819305831      -10.0640520626   0.574679988342        
  63       73.0011509273   0.845171276519        236.191671238    1.33719310321       288.069376098     3.76302121339       7.37447400725   0.511552277581        
  64       50.8684123797     1.0205575259        164.551503849    1.90833728339       384.265311738     5.96939783832       10.9443315671    0.66753100248        
  65       35.2986394589    0.94988530201        86.7271482359    1.81908573694       144.589246085      2.7615073355       9.47332376949   0.544176821207        
  66       96.5420031626    1.36580729369        150.073185096    1.80952953948       150.002539942     3.46743133099       19.0434592579   0.595139369407        
  67       11.2100068887   0.852492049058        43.6311759393    1.40271541998       79.9521086226     2.78468539297       18.3738457114   0.497962902553        
  68       20.1110312598     1.0994281348        45.5274324096    1.88256013589       81.0430555795     3.93965059053       2.19535587471   0.597851712028        
  69       17.1328601601    1.09302911625        52.6256802035    2.00321727176       82.9544959363     3.59348659259      -6.74961659501   0.669904867006        
  70       21.4458857267    1.09511313938        59.7417444349    1.90342739032       146.428324732     3.62286452968       13.4899602621   0.551112816403        
  71       21.9048383269   0.924618052365        59.1174713739    1.56445143962       82.1095998484      2.4113111898       8.06375795739   0.553675310769        
  72       53.1437805612   0.828918027208        88.9098043813     1.5299877528       88.2480217754     2.34896571728       19.7180438159   0.526221670923        
  73       31.8684006895   0.934773161497          54.44437074    1.84611055437       108.191357962     4.19077079186      -9.84383300318   0.423292094988        
  74        22.593189475   0.829679510811        55.7053376189    1.64178566985       62.9493395992     4.05533899009       3.85881263417   0.450682701827        
  75       32.9267833479   0.912854374564        77.7930577603    1.57164583561       95.1699725229     2.99881482319       5.09915453313   0.609046758881        
  76       17.8961063098   0.946015002702        67.0901118699    1.64214060507       81.2336855238     4.23489357646      -19.0785438735   0.502501253151        
  77       19.4343922418    0.72210718758        55.6936855939    1.65491207905       113.105050895     2.60303389778       9.49813851699    0.51107169885        
  78       16.5077810022   0.915230742605         38.583460291    1.47349225245       25.8959391306     4.05519441066     -0.799497235385   0.443437467941        
  79       161.638050796   0.841131808882        213.844110528    1.64917245542       161.244787945     3.54184340704       29.8857476247   0.570760582349        
  80       28.8817798203   0.818939365328         65.769942853     1.3911110712       9.45855126844     2.27160568443       8.62782435893   0.584848565659        
  81       515.726566263    8.48805002924        1186.16646168    16.7354732821       1993.53886171     39.4159923754       77.9120869043    1.65299548077        
  82       323.233374776    2.81441484557        723.332705912    5.53799358049       1124.72727157     14.6877153136       39.3484664162   0.635472489191        
  83       92.8270979302   0.899140488866        234.109322908      1.420764551       282.773693331     2.99456686069       18.5466651224   0.493665720388        
  84       20.4279789944    1.05101294566        41.4765751308    1.74894341178       92.3151485123     3.82257504185      -4.01224173806    0.41839858537        
  85       21.8463023253   0.914860916744        59.5473045406    1.49390247915       170.815446821      4.1158356133       1.75567334887   0.430283234027        
  86       32.0705192704   0.988435189588        58.2137877004    1.40998470486        10.891285665      2.1388209216     -0.894127890321   0.581532410375        
  87       19.3257640878   0.854265056455        47.8205881802    1.67411212189       136.663059908     3.85940638431       3.59667959551   0.586124953464        
  88       23.3299209636   0.804218602584        64.4738734668    1.42402017929       82.4908939422     1.89598955343      -10.2257983848   0.542045271342        
  89       24.5583279965   0.822410355283        48.8994030971    1.44407984033       123.852522268     4.83875980147       4.67659469964   0.338622733328        
  90       4310.39129583    24.8201241696        9679.32745858    52.1138417822       15417.4726026     182.328482736       245.866943976    3.19128113818        
  91       80.6394738782    0.82429823638        84.1229674917    1.65420506863       88.5098382221     2.10599016576       15.7739240956   0.658561921746        
  92       1909.92630342    6.67028573686        4296.79076788    13.9438464586       6424.95948014     59.5870340874       110.698324382    1.18873931845        
  93       20.8873998707    1.08821985875         63.160127249    2.24421926391       93.1900669519     3.89973436042       2.48935641142   0.595059226417        
  94       36.7645489898   0.789693854939        79.4793066342    1.34840213825       61.8401252894     2.34831600239       1.66547153523   0.696558895304        
  95       41.9110959841   0.857575674445        58.0444778012    1.26860860375       70.1892986928     2.42147862849       15.7918357911   0.518328924727        
  96       274.575909905    2.38422518995        335.387751191    2.90587402802       341.837469588     6.75760529765       75.7499431373   0.871117116161        
  97       27.2064074821    1.28926599602        49.0419908316    2.83038788263       74.4520426371     5.49709251193      -10.3182164103   0.590820155725        
  98       17.0222590291   0.821971859155        38.5847128944    1.46411752558       106.822473627     4.42580568364       12.3987704778   0.516336325546        
  99       175.985533782   0.973797083251        352.436036698     1.7952457744        444.36747748     3.90636910665        6.8060577016    0.57981812979        
 100       17.7384818806     1.1587013126        68.8258485423    2.59825819545       115.375976689     6.16323568295       10.7867333832   0.523704643278        
 101        12.663421071    1.01140764781         47.161912089    2.10821639237       56.5272422851      4.3959684051       6.84988102317   0.543388125171        
 102       37.5430743207   0.799099795683        55.9587652861    1.32160693438       108.171551826      2.8358112735       9.63493906554    0.65342538863        
 103       19.5836901053   0.844100702443        44.9512477766     1.5216286818       35.7750162406      2.1381842597       9.93415093929   0.557628652724        
 104       448.814983548    3.18862678872        1032.77218153    6.39412844856       1566.44654864     19.3911582361       28.5740726403   0.626198785839        
 105       34.3797168127   0.846015601118        59.2634968471    1.28188009996       47.5623973568     2.07125596161       4.25043322205   0.574310467235        
 106       124.010834234     1.9286092781        250.272011691    3.88430093983       379.382839286     9.86931359485        12.799419039   0.616718527474        
 107       398.705163052    3.26405990264        821.295728009    6.77116060077       1299.13194835     18.7708135872       24.0944443446   0.752427270835        
 108       8.58982787541    1.12893248848        42.4614596823    2.30688177328       73.7283725309     4.64572009942       12.1390285716   0.553674312184        
 109       2423.77372044    8.00106745261        5567.32148749    17.1603854351       8634.99559995      78.753750822       118.882268298    1.20696246014        
 110       59.6223898781   0.890314916103        140.028770236     1.4895593566       138.903873042     2.19250427731        23.701748731   0.571668681346        
 111       238.898866246    1.00731053316        324.583075321    1.52961245281       535.693832402     4.67559134125       59.6843620515   0.842594444451        
 112       67.0573235707   0.882911125254        85.2836474348    1.39820172183       96.7368908191      1.8423865671       21.0088940497   0.575082842009        
 113       774.094179896    18.5733207196         2396.5137531    56.0747360107       4642.21285024     157.836284618       45.7696392125    1.61649725252        
 114       41.0472408487    2.09319100254        87.2576471363    5.12253947922       108.997754399     16.1199460439       6.58142964421   0.824984202996        
 115       46.0145800313    1.16109320439        95.5451708488    2.00094388422       144.213605746     2.82380879794      -7.72044901755   0.738244329514        
 116       27.1113470954   0.932586430246        49.7982414788    1.96862130165      -9.42396650323     5.45822302492       10.2123687243   0.590625995639        
 117       85.7508830978    3.43825449066        175.949152477    8.29891083483       424.275126124     17.7287287714    0.00472287201526   0.654147043325        
 118       45.1766937589   0.988720380038        55.4331084101    1.70441484584       95.1158452665     2.71483796585        11.499651491   0.511566704082        
 119       366.919197845    4.28262922662        825.969156514    8.25473343671       1190.16693896     17.3819746387       69.0373740046    1.54588337778        
 120       40.8767857064   0.870396383371        73.4992145077    1.28463276404       34.6915457438     3.15554790159      -6.75004530023   0.603423648432        
 121       248.510021968    1.01989053935        577.069075033    2.18416131378       737.553599749     6.68265424881       34.0228208041   0.698746858874        
 122        638.34653403    3.42518241828        1433.83026786    6.53892982982       2149.37294979     21.8359524399        33.440792153   0.811995102101        
 123       236.399308666    5.27591952778        545.847894011    11.5710275496       1073.33221142     32.6304599182       31.5116658429   0.950108173903        
 124        1493.8475496    37.4694903665        3025.59475924    64.1605681499       5567.65451574     147.005066805       259.879908684    7.74779533075        
 125       1347.65299428    25.5429188667        2774.87637619    45.6214718963       4545.87404139     113.467476087       154.876461994    5.59679951133        
 126       169.342294721    1.12774547752        337.634089891    2.06591695949       462.201592159     5.59062048697       23.6517715998   0.584482574448        
 127       95.3823914079     1.0629296085         138.21333999    2.09532883568       196.803806216     3.33751731468       4.43748443942   0.537058657148        
 128       111.426331757   0.798619062065        200.339977617    1.19119519884       245.026465638     2.04320337991       17.8872217171   0.452732734117        
 129       70.1700943092    1.11978612801        80.1740168937    2.28829390689       38.4845000596     4.12436292433       21.0308416305   0.640296146009        
 130       134.277898323   0.934752184069        187.785105983    1.39309168618       256.957797507     2.35668122312       44.2612809396    0.79119775158        
 131       76.4559503895    1.16973480048        107.379360799     1.7848218583        124.66624521     2.86675906025       7.59057786648   0.491589656476        
 132       38.8368339776    1.34012697704        71.5307124911    1.99470249274       92.5835454116     2.41642798099       3.30751867672   0.635499118203        
 133       37.0870573069   0.930836475542        73.9788114139    1.44396149331        24.199211482     2.58444611271       8.06931811206   0.521141193735        
 134       6.44378815681   0.822395218388        22.3947818132     1.5463996344       -7.2917031603     2.18845070187        2.1997866855   0.529314479952        
 135       357.059937868    3.73523607426        811.385175847    7.75187267026       1263.75535189     20.9975193919       25.1639240536   0.600998092695        
 136       64.4752246157    0.80412122873        69.3910664058    1.27425254558      -9.53454625513     1.89487177592       8.58446798295    0.59206568408        
 137       123.554121055   0.956735758135        155.863414026    1.31872135213       87.5900389404     3.34919440021       22.1256973583   0.620399927527        
 138       52.0081266835   0.883716152214        119.302385483    1.36695030255       153.042785324     2.37410586569       10.2363333063   0.529448138755        
 139        617.43202394    1.55915189488        2002.17821071     3.9705415783       6923.07483702     57.5803595395        20.335408992    0.52933839526        
 140       156.010471183    2.23273383609        416.073354266    5.45697776625       639.675188865      12.086794247       42.5527338931    1.07432800315        
 141       41.0841373636   0.942572580437        43.6226713031    1.49948638296       28.3914084396     3.01673671438       16.9132182742   0.533106564367        
 142       47.1438566459   0.746668437261        69.5203782744    1.43752960337       71.4588595454     2.34775681115       4.94159407865   0.544032247498        
 143       88.0895436546    1.01885498414        205.591150775    1.82060092178       408.568176318     5.40843027488       27.5288961091   0.661926153685        
 144       2243.50036407    25.8860973648        4953.05077685     55.891694323       8120.72104297     146.445454832        148.17382641    2.93546532616        
 145       25.8264859531   0.861908537076        45.0278203956    1.49604142067       87.1712946467     1.47923989019       17.2733797601    0.71558707926        
 146       11.6524915715   0.904119259855        27.8461433462    1.58379862234       57.7121937622     2.83864088507      -5.71983152551   0.763301024722        
 147       70.5800150401     0.7974610364        159.760869601    1.72655129091       164.939821648     2.60048279186       5.69329661764   0.642718865902        
 148       44.0050098567   0.962485040525        160.189592565    1.70226383504       195.113042244     3.11603135636      -5.47395612192   0.633915038474        
 149       39.6311856796   0.891977059321        65.9434786484    1.22112387243        34.098489995     2.12628188373       3.78576803081   0.587384534433        
 150         17.54123823    1.79429058271        71.9435906446    3.59459111862       125.863579109     8.06495792557      -1.09776871947    0.85013508578        
 151       14.0618105822    1.47999617721        55.7349024474    2.95833762015       91.8972476199     6.93945968005      0.552223882901   0.560859078056        
 152       21.5079074674    1.70878864099        63.1875885263    3.87076177377       130.784266012     7.69478034892      -8.14832177254   0.685618998854        
 153        33.096338702    1.84422257442        66.0664334877    4.22251928757       164.902741012     8.27158759097      -16.2848537584   0.869865523383        
 154       33.7939601076   0.901524295602        86.9355325121    1.61964781599       120.092317583     2.28924183598       3.45342796779   0.481302494867        
 155       51.0595814108   0.858611297328        113.679009041    1.38469672187       78.8882355645      3.7836383678      -11.6242578588   0.600008662841        
 156       20.7353000884    1.31921440437        63.9337879197    2.51836572672       53.9469980126     5.07436777103      -1.51722454226    0.67050410272        
 157        101.22327718   0.858433375938        121.079247858    1.37577561888       149.118263648     1.93079709343       7.72493255614   0.645324018325        
 158       269.926633083    1.98988245841        560.592414446    3.60370993201       849.421506043      9.1507496985       21.0476025389   0.631193299788        
 159       56.6306947322   0.855635299495        53.2719139657    1.71262239876       100.654857111     4.38943405046       15.8376294686   0.509793449757        
 160       12.3230763648   0.889998122067         51.427896005    1.37387135175       47.5894517001     2.03987677191      0.926511175081   0.628283657447        
 161       26.8109017231    1.14133135282        62.2526478927      2.644115007       105.228186913     5.25432587793       -15.465891624   0.533561857072        
 162       392.650712664    2.35256373507        834.981848214     4.9376379722       1169.23360603     13.7130285913       34.5498853379   0.715191717043        
 163       22.3573939683    1.33590339433        72.7190554653    3.24793065884       186.987998242     7.75926833825       4.18850000161    0.58168858656        
 164       36.4200193006     1.1262143979        114.479585468    2.30495107989       233.183105976     5.56250501393       4.95909779192   0.482343839476        
 165       10.3980119488    1.18382691871        45.3993758279    2.77219047839        127.91917232     5.07817225352       8.76993349876    0.55601077684        
 166        12.995860204   0.781961984724        79.0209788118    1.50958289247       109.821330084     1.93642578067       2.08806835972   0.526594312765        
 167       42.9936916385    1.50465788171        92.1931864466    3.10869240907       228.025002871     6.99630718697     -0.256195281754   0.496162083387        
 168       131.107041119   0.839893107346        181.248368246    1.42343116388       219.290129499     3.13165233659       39.8066119334   0.758187535189        
 169       12.4527886188    1.38233377069        44.3285496468    2.93349820803       45.6830860128     6.18922594163      -2.64214145739   0.673129234241        
 170       32.6069618149    1.63911645657         83.181026774    4.07325198942       200.589694236     8.89458990957      -6.30242412906    0.77795331091        
 171       43.6913064093   0.779616514124        47.6475014277    1.54313799824       9.80118224698     2.21236745534      -4.75202517579   0.620324536794        
 172        109.97725328    1.58634197907        177.289204719    2.85557972495       240.727782191     5.58332090207       21.0314145648   0.459127330218        
 173       148.326810861     1.4803736485        428.769304394    2.77321398242       566.911615648     8.35048571808       13.5372883579   0.742846629232        
 174       26.3593661253    1.10946278506        55.9317264992    2.70536982006       113.022242859      5.6034282743       8.21575871079   0.514053935375        
 175       926.674745513    5.96977179215        1987.49258878    12.7137778946       2979.20651118     37.4277637056       65.1087090724      1.052830302        
 176        23.616302741    1.11047169056        40.8792899642    2.08078177936        138.25084162     5.33747136385      -15.4104161948   0.509948459644        
 177       341.078438014    3.87065248139        560.954071914    6.42260546424       816.079380426     12.8524644717       44.8768725106   0.651740176544        
 178       22.8856405593   0.840628452761         52.103335563    1.30761024088       16.0498248425     2.13475204842       18.7116607363   0.564530370293        
 179       31.2874100128   0.756413453912        66.2619130556    1.19695823928       46.3706861845     2.44393094825      -19.0412960712   0.548807076653        
 180       35.8449665057     1.0939870645        55.3997357621    2.58700421496       102.372758001     6.84498510663       1.86182123085   0.620794984214        
 181       21.1702892643    1.25571788649         58.540115559    2.71704378091       140.605552145     6.43543886593      -9.31576240536   0.516245837123        
 182        503.53306892    1.89809197099        1003.34947643    3.57000702319       1130.68259867      10.747343756       124.857548845    1.05692707892        
 183       270.104076026    1.35457424367        578.267186871    2.44614875957       832.513462293     8.70647793537        42.591290614   0.921041747856        
 184       63.3835927778    1.48206304127        238.601522392    3.32486176229       566.339076291      11.696852635       6.57628919989   0.550660267872        
 185        876.13412225    6.85263764377        1931.94731758    14.7656847443       3158.38294296      45.207581862         70.14019612   0.934804663798        
 186       44.3149344474    1.05236016027        102.629440571    1.65672962894       261.252419694     3.41648165119      -15.7156685055   0.674755751942        
 187       21.0827994356     1.4380097797        56.7240842269    3.04483153317       116.696188016     8.38079439022         6.997833371   0.570327727297        
 188       60.9765637708    0.78668717616        82.3155065138    1.26461994866       55.8951504875     2.16754659522       32.4135212316   0.676386119626        
 189       169.358183163    1.71897142127        361.770934996    2.89118063388       469.410066931     6.32312270492       19.6165558713   0.524009014864        
 190       26.6533774386    1.46058964643        59.7264872048    2.59548058086       38.4453223433     4.84445486353        1.5769692054   0.648683950422        
 191       435.343303853    4.16041349443        813.548844719    6.61258938708       1183.18223469     16.6618687897       53.2782889916    0.83450578879        
 192       38.8242913318   0.893159157062        84.4724160968     1.4007277358       130.812862271      2.3977404241       5.24019970737   0.554590042811        
 193       33.5144356648    1.07975369129         89.717859568    1.99581851729       215.739040238     5.76256877001      -7.37105387102      0.578115375        
 194       159.594328325    1.13299423725        355.424957583    2.41652590487       531.662895471     5.20327979681       6.70675061023   0.627585952882        
 195        74.006844969   0.987187952993        147.171143016    1.89368145239       134.298414383     4.04763562466      -7.87646314282   0.688955501318        
 196       35.3300392163    1.29446632475        75.7314430154    2.82622350257       134.342413012     8.58644074911      -2.02895715178   0.466089711305        
 197        12.798565211    1.40585439712        91.6488386655    2.38844072057       159.665050389     7.38773200481      -4.19974428182   0.599426784382        
 198       51.5754933402    1.13226293258         100.09901192    1.86812467623       136.163953906     3.25301729618       4.35843193361    0.51433900026        
 199       50.2482900696    1.21206635661        76.3483943598    2.07862569991       106.042237198     3.90454694648      -4.72306270883     0.6324012027        
 200       19.1549315776   0.903518078794         39.364615702    1.37753865824       26.9354097499     2.30808450013       -11.241470333   0.558698487153        
 201       37.7477724646   0.842886987205        71.9190001606    1.34911955735       81.8531367265      2.5669455356      -4.87286377601   0.557734538809        
 202       26.8451698926   0.968024400446        66.6820462601    1.39463264608       84.6472730711     3.66951347932       9.47467179278   0.557015842101        
 203       296.521525271    1.62619818757         1408.2316265    7.09269532667        2861.1894662      31.487659071       14.4821635457   0.528337076582        
 204       4.72445015521    1.07607019552        56.1571994481    2.43484902353       44.1704773988      5.2359551501       9.18258208324   0.467286623929        
 205         525.6216289    4.86652812126        1162.84437919    10.0150961579       1740.58370015     26.4774514858       54.2835484747    0.73930129456        
 206       1.51166894988    1.11023253157        48.5269414294    2.23043484243       71.3751319654     5.69833913277     -0.329928595307   0.630022463132        
 207       1865.20268816    7.11867267265        4341.45860026    16.1763420448       7044.26536951     64.7244537618        92.742476116    1.13614280323        
 208       58.5478019902    1.09269633395        115.478228738    1.79506029365       147.186987414     3.73772153837       9.50356381678   0.662463026163        
 209       224.716072448    1.51782774125        484.054408887    2.58040583234       692.014736789     8.36791113477       13.4504303716   0.477330182357        
 210       58.3692861402    1.11916135236        108.752198776    2.21779295741       117.681206218     6.47887940958       11.8388580965   0.508024259283        
 211       97.9999752939    1.19888557939        303.652665481    2.81617914436       983.020484499     15.1013962852       18.7143957373   0.598521185549        
 212       10.0208580532    0.71484617843        69.1192122806    1.23226483483       225.755244762     4.10041246004      -16.4133331947   0.630807035374        
 213        95.438892069   0.914188070193         194.27272152    1.68387098427       140.635068375     2.40922562773        1.9153723064   0.661949443906        
 214       29.7055298894    1.00927441538        68.0006045373    1.90566248038       101.084245441     5.96947211829     -0.761457060009    0.53981172906        
 215       25.3775928127   0.915615317643        97.3191238437    1.31607946219       153.813642879     2.28346152671       9.36296343639   0.521673941958        
 216       18.3948764064    1.00033009445        46.7596209102    2.16144918867       117.144853076     4.21301305749       5.88608907108   0.466136088233        
 217       88.3161235353   0.864897605477        170.883249255    1.54685059601       138.891712552     2.97140977186       20.7405597182   0.646316997452        
 218       56.7154307884   0.888437567989        85.1970801264    1.38942910267       100.491158859     2.23790540331       11.1964558375   0.581245286582        
 219       39.8039444631   0.967075316309         80.407387317    1.49766365742       167.756456982     4.21775876558       9.99766873918   0.529429705814        
 220       226.520909197     1.1986516286        483.260893917     1.8481671737       536.914916454     5.37219014504       46.1420432354   0.610167624582        
 221       186.781353265    2.01219524959         382.31682227    4.38068465425       544.382848671      10.140502105       35.1763673333   0.485169530207        
 222       51.5910879201    1.11342642676        94.6303500433    2.01070008118       257.089472602     6.01056699536      -3.03800744159   0.637651654745        
 223       27.1850841087   0.815556219899        214.174519186    1.92488217165       595.369731972     7.92244411085       6.44911068231   0.638580592767        
 224       12.3144788706   0.731711474084        75.1746526604    1.41606262092       167.334357194     3.05452657877       11.8325356912   0.482405510249        
 225       102.463281174    1.26294229363        207.716087364    2.46308164417       419.602829546     5.41753115177       19.1721558779   0.720871271587        
 226       28.4234989342   0.877033011775        154.835864514    1.11740196221       227.448571032     2.01656875539       9.93623123924    0.56860803032        
 227       34.3775968352   0.814309185657        86.9256882897    1.61404174139         53.71219578     2.19269531607      -6.36358173861   0.506445084967        
 228       51.1037458305   0.713502180492        96.5419486601    1.46801144457       106.184089585     2.07185469909       -12.386063449   0.596025577742        
 229       33.6924715972    0.76270090668        63.5010287366    1.39156667393       102.779288199     2.69442271424       16.5390341147   0.730241633072        
 230       158.076106038   0.959023963835        197.162696887    1.56232592277       189.327096927     1.94196784232       36.6032618069   0.843112578639        
 231       43.5034611447   0.699683571965        150.375057634    1.14088338479       1878.39781397     10.1411420931      -6.98190236091     0.5021346606        
 232       24.3047834668   0.723083074718        60.0601245538    1.30242836521       37.9570739332     1.84035864549      -9.87830641377   0.504742700386        
 233       35.3198807316   0.908357694257        65.2957369917    1.26843804799       117.296542682     3.49825556574       17.8679443112   0.657203924194        
 234       47.4789760946   0.778916996113        95.4385545974    1.29537782217       110.453030308     3.63490965231     -0.625363362317    0.53121960774        
 235         42.79574885    0.79664255122        92.6141489185    1.64512175255       143.645245512     2.56827472813      -8.00326294189   0.631430563907        
 236       27.6930931653   0.849163413624        56.6002600423    1.05478004308       35.6228749997     1.95083465409      -14.7575161694    0.80441364015        
 237       308.426867816    3.71763612586        617.532983962    6.92195577609        1050.6358505     18.0948551947       13.7816877268   0.977208277181        
 238       163.291432674    1.89568832509        371.347829324    4.09616514674        665.72374332     11.3462839864       22.8390658855   0.657529678552        
 239       18.2148447623   0.873771623589        47.4504517652    1.39734338383       77.8240833018     3.20861682443       16.4161082449   0.587871456814        
 240       33.3173407252   0.803632806764        49.3476790763    1.43987394474       30.7529254438     2.98367102107       15.9508227069   0.570725688631        
 241        41.230174922    1.09757267047        66.4659004249    1.91664827665       144.223953444     4.34749322897       3.78924914264   0.666980313928        
 242       61.9655955746   0.900370197892        139.327908349    1.53794821366       221.853160645     5.32719998343       2.44133258179   0.576893838738        
 243       127.239211255    1.41284228125        236.775852657    2.23796878963       317.611487152     4.92604568641       11.2235716842   0.574873347705        
 244       43.9275437226   0.828564055442        110.979475414    1.53196629656       180.116856103     3.22871765152      -1.48791647437   0.539849451351        
 245        81.460121733    1.37149804355        169.395899889    2.47833513611       301.327729394     5.44696868593      -5.27552897491   0.758403359325        
 246       114.641664269   0.886657190256        229.761703974     1.5448859054       437.687045011     3.99806545441      -2.35306092226   0.536889542262        
 247       61.0752944134    1.05963838706        134.878022011    1.75316683488       172.387286978     3.97006100588       28.0472182293   0.583928364018        
 248       81.0351224609   0.851966610189        207.868454796    1.40666406811       245.355562984     4.06327280783       3.78771084875   0.579430035276        
 249       32.2296824614   0.823622360409         52.799576885    1.32303742167        119.09807788     1.96920271723       6.79996672576   0.728799831874        
 250       5.52896173038   0.752384875181        48.0160773586    1.21271165682       145.458671323     3.63424584069        21.931746035   0.524836187282        
 251       79.1994904101    1.50516114241        131.580843108    2.62877347417       225.638166978     5.48216664811      -2.97244075192   0.587170256028        
 252        33.328539426    1.10981112539        86.6560716577    1.94215222483       154.508764504     4.17029496879       15.0284065885   0.715958821964        
 253       5.65002732168   0.889930916985        93.8866111871    1.18615850839       292.081857184     2.51174629057       6.73832052798   0.715891851679        
 254       78.0688970601     1.1623475834        176.217594777    2.04424209303       250.735197984      3.4838296393       23.4849251623    0.76593045227        
 255       32.1523248248   0.762982019391        76.5829057792    1.41886872304       211.926666855     4.03139130104        10.998771657    0.76023949379        
 256       108.078391653    1.02013547079        353.608529413    1.85288512194       545.785716901     5.67796756247         8.070506342   0.662984614705        
 257       106.127936063    1.37310017179        195.410491592    2.50218694457       289.003716784     5.06098682217       4.81151253728   0.616186847692        
 258        60.878932311   0.832138051068        108.486891867    1.18124362121       219.427593362     3.32476002474       37.2343653506   0.650833731757        
 259       108.767657316    1.07124993991        207.247786572    2.09361822745       229.094432736     3.53885325934       10.3988699822   0.619986385648        
 260       380.235078999    2.30809187519        806.006763382    3.95742166142       1240.30252677     15.8457299037       30.6120377871   0.707527548152        
 261       22.0030188074   0.648914069259        56.1208493079    1.25930568233       65.9273240068     2.56395622039       14.8959222476   0.675691322521        
 262       6.42524236269    1.07480942409        33.2760129216    2.29731411298       86.8736710661     4.03403695692       4.41946594746   0.620588272686        
 263       77.7858264491   0.937375439688        156.871164676    1.30371344598       305.264236729     4.58192423678       14.3243789317    0.69194910691        
 264       30.4509030923   0.839828430657        48.5953848349    1.33414315702       50.3400009743      2.7631669285       3.45319816315   0.538443185307        
 265       17.8146579133   0.727552024989         63.017426758    1.33595821258       78.0420587987     3.45055211409       10.9018714408   0.540186204824        
 266       18.8757738132   0.865414895843        57.7263930802    1.49851838309       29.1826913408     2.71217705734       -11.044087913   0.639609454377        
 267       53.4004249923   0.965751743957        108.531056594    1.60702785436       158.520285422     4.11325621131       7.86756203918   0.616554853169        
 268       52.3921090953   0.918287545776        62.9785648649    1.28679794493       80.5260522426     2.19157755966      -1.24151476902   0.578572406076        
 269        24.704465065   0.944766047106        65.4005121192    2.11800668763       103.322505672       4.007382323       11.6358260253   0.384560453478        
 270       26.8392502896   0.836576767339        45.3695541568    1.25573191876      -12.0172303461     2.89597084006       11.1183724721   0.686039973443        
 271       32.3260043455    0.83614546812        41.6669569638    1.22118438363        41.087465377     1.71601323117     -0.275373114858   0.626766242909        
 272       12.6227266389   0.901168385834        60.9740678336    1.28198048062       41.9725970432     2.00126863622      -4.48551167334   0.570328373911        
 273        27.819399381   0.860548341578        67.9842599544    1.33099459254       58.4055836812     2.67710629794       10.1027715236   0.626119893685        