# id F89 E89 F90 E90 F159 E159 F156 E156
   1       56.800218501   3.02357056238         95.6692904226    5.46794655537         794.364747571   44.4701228011        4.45816832656   0.430865008166    
   2      25.2351140566   1.39759252224         68.6990092087    2.49495801819        -25.2588888635   2.31293664403        9.93450162684   0.431683373237    
   3      360.683141684   3.55186028938         780.180779131    7.64892640258         807.645796081   15.0550076801        8.91771012148   0.774329787048    
   4      60.3999972728   1.50911682914         65.1102774909     1.9017688822        -161.721256158   9.04078527241        2.81980816186   0.578307685666    
   5      78.0572739171   2.00112523745         93.8413789486    2.29464888298         -122.19273351   8.44661556692        5.81348311011   0.665886085696    
   6      119.331522499   1.64792553185         113.846619583    1.88860792058        -146.589207108   6.58446690752        32.2026308912   0.463356158815    
   7      117.916913834   1.02049198878         154.516423334    1.33917701842         68.3082150002   5.91769194376        38.3611044045   0.714082287739    
   8      94.3637199314   1.50273278435         308.785669968    3.54018551818         196.822065125   6.05601395191        14.1483328452   0.566585098428    
   9       40.689921591   1.25777978203         95.2172786529    2.14751406475        -58.8101185596   6.80213355882        9.77392300462   0.598393296371    
  10      775.554251006   1.66362246097         2265.09047724    3.72205180037         1738.84385727    27.793307747        10.6856715566   0.503966044505    
  11      13.7684247692   1.05796093552         80.4442621259     1.6907803081         54.5174264108   8.27664352361        10.4105894532   0.476710101934    
  12      41.9852898457  0.985532753575         81.6311518428    1.38230117102        -66.0270141688   6.98050084321       -8.22063276258   0.520469691666    
  13      62.9813716427   1.13055085581         70.6002688541    2.03408874028         14.8711438888   5.83059003037        2.16856986249   0.605206908177    
  14      76.1962485299   1.23809411164         167.897585935    1.87247430915         72.9506621268   2.97242209032          17.59809571   0.501569983297    
  15      236.957822216   2.27314242687          372.81155899     3.7172361121         1979.22784683   33.6622197792        63.7356037121    1.29521322454    
  16      4046.88040527   7.79253552949          14479.358741    25.4042100154         43961.7797315    280.81220352        94.8013078417   0.878664701593    
  17      39.3625859242  0.756637171008         84.4584828627   0.992938677479         182.120069293   4.50592623014        15.8826808792   0.647532952084    
  18      17.0631821085   1.00026214363         52.5389464134     1.5792112144         232.303651401    11.990999824       -3.97789372282   0.549858987971    
  19      218.701080243   2.60449643163         487.070503012    4.91602179538         912.586358317   24.1106019851        10.2551490689   0.688923329885    
  20      38.0566001602   2.39034310339         95.0122033263    4.28889906555         570.762612829   31.6994974122        13.9069162959   0.441513775908    
  21      51.0097912519   2.23983566752         124.709353129    4.67222380588         703.578731752   31.8209241304        6.05847443762   0.405765678622    
  22      84.2008776947   1.59890429001         173.287107278    2.98383633074         1198.39987799   21.6745945291        6.40988498936   0.227758031974    
  23      264.635179067   2.15896753268         542.825512062    4.03564933747         783.347942461   13.8578561258        8.14174583566   0.586798440548    
  24      55.2569072995   2.14626763665         117.625017688    4.62377655261         749.978326917   30.1311858995        14.5930028009   0.487573265062    
  25      2.17639032483   1.08653161649         42.2077838447    1.68215670021         201.781568385   3.71603515101         2.2873832734   0.414294727117    
  26      25.0911929375   1.01023228063          37.932121649    1.74344551466        -2.32515256217   2.49934491012          3.242454363   0.577173918623    
  27      134.888771244   1.25946625467         335.662170252    2.53297796743         709.060117951   17.6831931616        24.0131929396   0.534286974307    
  28      54.4873915354  0.984562674028         49.6457351148    1.71025402238         82.1848038423   4.19646954471        25.1447502448   0.614780931045    
  29      53.4065694504   2.37238304839         95.4586523242    3.99249540753         622.412625448   30.1532835634         1.2658606529   0.398464226616    
  30      60.1818813592   1.01554558256         58.3366638348    1.51333237943        -6.46294110204   2.39762811274         12.465240723   0.528371350835    
  31      4300.81819607   8.75518776508          9131.2644596    15.8607149682         9789.54241766   79.2675600062        151.946960146    1.95914683884    
  32      26.8875165983   1.71181161758         48.7821158561    4.07341492583         366.564531526   24.0397707787       -5.79295560772   0.284913402247    
  33      232.255706709   1.80963700277         505.310593761    3.25667126617         886.330862376   19.9802444722        20.6395825776   0.583589837285    
  34      38.9965755358   1.08740541037         122.437974371    1.98676267767         373.012897235   11.0931789462       -6.80908351658   0.531804039839    
  35       83.246676136   1.26081550841         203.447663476     2.5556530549         487.070453293     16.14316447        33.5314006369   0.564035729348    
  36      132.976848136   2.18250209551          415.30414626    5.91009093077         726.494084496   13.3611177071        9.33636896312   0.663670628184    
  37       45.828663622   2.52678193095         87.6001954422    5.03353616672         740.413531974   30.7691260556        3.37152377871   0.419385597506    
  38      48.8834632161   1.01062309208         51.8306761136    1.63632427123         117.679792575   5.99360867702        11.8675869054   0.487214414069    
  39      107.739413728   3.40558679395         222.702412798    6.37943444003         672.132669007   23.9193014839        25.2003548655    1.10917494184    
  40      8.06128962319  0.836372733384         57.9702017013    1.44023797987         532.715889435   15.2341726059      -0.461888104153   0.541016619697    
  41       59.685561957   1.61204662823         107.766893719     2.7914047995         786.207794476   23.3645095838       -8.77609512871   0.383725985935    
  42      70.5421331485   1.55843624405         152.099907667    3.46894046855         1752.74415664   33.2784964598        7.05112237819   0.304135612479    
  43      15.4300194941  0.994949300989         33.1684190605    2.70514714197         279.094294341   17.1772567657      -0.888061191751   0.485912802987    
  44      54.2266462834   1.93483748336         139.113035187    3.49249790526         824.885128135   29.9071661979        1.28356720346   0.397324212383    
  45      55.8802728812   1.42584702211         277.866206438    6.27136827685         967.977822883    23.565602453        14.3917879025   0.408696392215    
  46      39.8817850289   1.39032119998         123.854759905    2.70814571523         193.778355184   8.62896663468       -8.02497663499   0.467711859356    
  47      46.2425441231   1.40335293917         98.9268678832     2.5332127051         184.493918147   9.30946067395        16.4582236058   0.415377529087    
  48       10.253435245   1.32953278628         51.1576271234    2.58669104474         132.010392063   15.1065222963       -2.68220070149   0.347426910465    
  49      7.29595218293    1.2532193133         40.3356012833    2.44558767543         53.1636643032   10.7224874977        2.54443742379   0.409731538598    
  50      33.8053829715   1.45303382764         60.3956564216    2.96488002671         472.880332334   20.8296325693        6.12885239546   0.427613798258    
  51      31.4177684847   1.54008059208         84.7256777778    2.70174908477         457.826093252   18.6151377015      -0.302135015316   0.353702615592    
  52      61.9944350625   1.46983298155         136.874310098    3.10656981719         841.788345903   18.8429076952       -1.47469746959   0.201142844609    
  53      42.3092988863   2.45392205881         76.7904193943    4.58938870177         412.276199996   29.1968844679        2.95461423349   0.555493387598    
  54        84.43583916   1.15897158422         127.627043983      1.751154838          315.33733186   9.31559211248        16.8566925628   0.504406187137    
  55      21.5208338368   1.03938315277         53.7031176996    1.59611368129         159.422105586   7.19893000227        3.25477835013    0.45873376491    
  56      219.023829362   1.08349039943         359.695748969    1.52093633193         434.622674744   2.92015122411        62.8292328092   0.882708584551    
  57       30.001454469   1.23334444273         77.4621100179    1.66075206346         470.950195016   13.0233247533       -5.57059344412   0.359854051097    
  58      18.9916376199  0.906553384557          57.218653538    1.57425615306         331.311895023   9.21282220026      -0.484240690236   0.397750355766    
  59      20.0156052991  0.790174020922         45.5390915544     1.5124523187         268.490290993   7.30438704963      -0.496583832583   0.408310582063    
  60      10.0672202011  0.794343537051         56.2792801367    1.54052709037         298.577492696   7.15474858103        5.37454518158   0.310417871645    
  61      6.06704130165  0.906774372931           43.89175562    1.51087201971         320.410478443   7.82735468358        7.25092189915   0.361087244998    
  62      45.4407924221    1.3071323378         70.3141089356    1.88338031076         132.878386345   3.98145822208        2.36330444585   0.546259886997    
  63      20.0056801484   1.10455822139         81.6792072138    1.79011015794         173.831023099   6.60825557431      -0.792425672212   0.558074056445    
  64      13.7807251672   1.03677275319         46.3908347138    1.94837409158           36.08604103    2.8887257264       -5.38111696415   0.521969813434    
  65      2.17360913381   1.76355984315         36.0999746529    5.60537885572         276.556238233   33.1315775926        7.63705585225    0.51473267716    
  66      26.2560194519   1.17061331636         59.9977775788    2.78905067897         202.298032347   26.2126690773         12.373237099   0.473523848413    
  67       25.573321723    1.1512314476         100.029750998    2.38758614944         229.915128028   11.1182959147        5.42711529728   0.483816572414    
  68      4.62728688226   1.06691352608         27.4324017305     1.7756694313         95.2153534236   6.03789995881        10.2102630176   0.522472120355    
  69      8.00165862223   1.12860874616         39.2804499432    1.82142830998         139.560414393   2.89389702376        3.00692268834   0.527145982435    
  70       41.409108181   1.03449052054         49.0493987962    1.52691714276         154.291202125    3.7093967979        11.6641135717   0.436117844539    
  71     -3.66853873913  0.919298671891         27.2921875193     1.1400343304         70.8678928934   7.54893692487        -2.6404608841   0.364310968974    
  72      18.9820924624  0.635022669835         40.4846013234    1.28702091919        -11.3294591175   1.97424788898      -0.807116470724   0.341681888973    
  73     0.342818513009  0.932490620406         32.3919654673    1.23408083855         94.5446141378   6.47155094002        2.24757858242    0.30786921396    
  74      10.1948880899  0.835583424381         44.2055678948    1.46237346425         198.394154254   12.3270113846        7.37472668573   0.293682945462    
  75      11.9081272608  0.798058746508         31.5944228435    1.21452218692         93.3406628007   8.69381354315       -5.81258672542   0.308972805983    
  76      6.39850784072  0.787148880161         43.1534793708     1.3233910726         248.180904929   8.58711848653        5.72847280095   0.360148911097    
  77      19.8487288667   1.54533349992         69.1227321693    3.20637395325          545.90102217   24.2856411227        1.39119238481   0.254711622058    
  78      142.520164256   1.29109448534         208.416656321     2.4169546898          653.70807633   24.3202461752        16.1321073498   0.619152521058    
  79      82.1473764561   1.75470963179         223.171913838    3.00352971939         639.040850499   23.9089496718        27.7859092056   0.406344859627    
  80      72.1809818513   3.38983388886         98.2798043615    5.97551190208         809.493055818   44.6002506696        11.9092342223   0.485990974811    
  81      23.8396863734   1.40637358473         45.4254340688    2.84583909745         202.476787953   9.63953250141        26.4198460048   0.564114474718    
  82      36.6279600016   1.13838673017         64.2213664554    2.07465061233         280.784355395   7.40722107992        16.6252286018    0.34875503525    
  83      27.2555642176   1.51426832475         74.0159452049    2.46412564635         185.793493378   7.64003467662        -2.4630863664   0.418992977659    
  84      16.7593012546   1.33357955396         68.2309251466    2.77660869641         182.385488927   5.79687159085        5.26321939418   0.497652771271    
  85      12.5946840842   1.36824855316         55.6576996303    2.98751434004         155.966366722   6.70729001102       -10.1516286634    0.52615809794    
  86      27.7216425902   1.44346752055         59.2237359789    2.70272711175         133.720941564   7.86248856261       -12.7428847739   0.476442891548    
  87       36.636641454   1.43536104938         96.9114102714    3.32675001558         397.844201456   17.7177583527       -7.87813459844   0.527911680928    
  88      54.0621058031   1.69739958334         149.560118471    3.27958413491         537.538345411   18.9934426414        9.90064595084   0.693420675633    
  89      59.1462035719   1.52600599048         150.957980749    3.32369369351         433.567010018   19.3730122726        27.3949509202   0.511297450191    
  90      5556.20341265   14.6215983059          8301.1492826    18.5203079788           8430.608852   81.2010893271        621.342116273    6.54611267391    
  91      53.2716345748   1.44978951271         129.356863117    3.05458716872         152.568417874   4.84655252919        13.9297346424   0.524620052737    
  92      14.8248083545   0.94458495788         36.4121493125    1.64168152067         293.252423288   12.8775304313        3.56663569342    0.30852051973    
  93      38.9946164418  0.789025026534         104.510653452    1.41594860662         393.370361338   4.85416645128        9.31415176978   0.384261435059    
  94      28.4447950528    1.2631449586          57.811444137    2.39449499162          165.89605725   7.05326661435      -0.191630119205    0.49768370568    
  95      20.1917499881    1.4101206178         38.1679838418    2.92092885557         52.9790342567   7.17590344679       -3.17173632313   0.611742807276    
  96      200.678900557   3.69347778995         376.830514247    6.96031183741         809.347037098   27.9374138458        35.6918473956   0.954007196274    
  97      63.9541235553   1.15805030996         233.065719522    1.56480379151         914.851424147   16.3921222112        7.02058926152   0.402515949355    
  98       23.613827693   1.43345227689         52.5862535046    3.22840755305         99.7783048886   6.20815063553      -0.761826601053   0.599268285426    
  99        138.1648302   1.62833043004         268.352110358    2.97650221513         355.583813634   9.47191010288        24.1872488688   0.698643247191    
 100      32.2995463643   1.26325353923         51.1911500745     2.3367276981          157.37968709   6.16111790948        11.8317182774   0.615626177412    
 101      8.18933697198   2.00349455421         21.6495732182    3.29121375684         146.587589796   26.7455470469       -2.41692010817   0.362081163714    
 102      68.5874266052   1.08110186996         144.323193853    2.03414770191          502.22140986   18.5980041547       -4.58971954789   0.471779104084    
 103      26.1022378735   1.54570151393         76.9677655862    2.97338873969         150.382587962   4.67711863838        16.8499598441   0.607792394053    
 104      15.5712118708   1.34382445751         69.5493523874    2.27403949513         727.009447449    20.172418268        19.5386247845   0.571563670668    
 105      26.9108138206   1.18659415968         48.8207417376    2.39370181123         191.573733953   8.69727877923        5.84056137356   0.523233373397    
 106      25.9707656914    1.3893379134         77.9726011462    2.67080646057         191.641510137    8.4526860452       -1.35048125287   0.479037321371    
 107      22.9183929499   1.21180044331         59.4732163579    2.47494495369         283.484087206   9.23368472278        3.19699026549   0.508966280457    
 108      17.1748211418   1.35730561009         54.7984026222    2.67423406109         197.237905248    8.7089413848       -2.31616319136   0.510720330888    
 109      27.7313197817   1.23283501996         57.4267415679    2.69121924218         185.511292654   8.77093213146       -2.12607823305   0.476022589498    
 110      13.6807576008    1.3711184348         76.9742260245    2.48463490137          233.31801217   9.06176140079        11.7685912406   0.372680593758    
 111       61.704706963   1.96141137006         119.515590259    4.51757845212         875.878473934   30.6404077244       -8.35048757257   0.354319224503    
 112      55.1744767326   1.71056621273         133.990060996     3.0109264475         223.751420523   5.72797279179        7.96630030259   0.603546961687    
 113      33.3139685359   1.26435883716         66.5151229929    2.54055668797           292.0594865   16.7242836004       -4.47631739791   0.502934423597    
 114      85.9043675319   1.46289003688         164.370523595    1.80302204555         313.877052239    9.3881543412        6.61119071033   0.586734518542    
 115      55.3981246133   2.57311066647         108.180182739    4.97942581936         1133.58892606   40.6625955741        19.1415581829   0.341167034585    
 116      101.502375535   1.41526771626         195.142911624    2.66730108115         195.448793806   6.19905367908         23.028324375   0.623783348786    
 117      18.4392159831   1.14715605424         68.5012774757    1.84526671357         356.565926224   18.2819737136        2.78058844474    0.51106809324    
 118      155.826613807   1.20783287283         225.146976974    2.03814997278         414.084343589   11.4570594756        32.3595826569   0.673953429362    
 119      32.2433029322   1.71399628831         77.7867236721    3.07726971716         138.775718744   6.31589191609        3.18999708457   0.490109328187    
 120      4.57561595703   1.18214904754         41.2294790872    2.43794002626         32.5986878178   4.55047148133        1.31501340927   0.548787796762    
 121      30.7662038532  0.906272542494         56.3162524044    1.45291808335         214.061209508   7.51467784095       -1.07141060582   0.589714624232    
 122      87.8401007949   1.04714607796          193.02256911     1.5494903353         412.222756644   11.8487748471        24.7205611975    0.55362343883    
 123      28.0636511766   1.42773305298         71.3743449004    2.53811671273         215.860140511   9.38594881553        13.6677613216   0.476210898745    
 124      3271.20370276   6.60259601391         11930.7280912    21.7080214878         21738.3770289   197.745342845         47.866425054   0.969169297581    
 125      25.9532530015   1.55388468417         77.7516792168    3.05763505008         169.633510997   9.62041393753        10.4767487137    0.59331269806    
 126      32.0554867593   1.80782221011         100.485475034    3.63570920462         257.720465377   9.34654582538       -2.70270149277   0.573142371502    
 127      66.8917390575   1.97848553971         151.290709135    3.36857262109         523.743245556   16.7933478825        24.0267244599   0.806647175074    
 128      5527.26256358   11.8526051728          8756.4993755     15.968875792         8302.37136595   72.2127013375        503.372402868    6.35191714756    
 129      6927.09439342    34.752184896         17670.3211226    82.0347202606         24544.1457162   292.162563736        291.450423208    4.71044124512    
 130      46.7134179259   1.48787422937           94.38303812    2.22352656979         205.790229783   10.7608711463        16.4830647454   0.664593543729    
 131      39.7966874128   1.21021401227          206.48522258    2.37268514922         856.296030525   12.7100475682        13.8673719387   0.519583636259    
 132      49.3299517586  0.998064406061         142.316552301    1.81146183042         556.118473355   15.9074210315        5.82134605888   0.454830197006    
 133      256.583076163   1.14390813327         987.369481754    2.35624690432         1577.48767803    19.144995304       0.858534743005   0.592945626602    
 134      36.1388136571     1.183808411         76.7742083556    2.51729102608         271.210597582   8.77372133781        12.7490734554   0.500491556072    
 135      64.8080110144   0.88215063645         88.9788212285    2.08970110242         62.4183266094   2.81828540741         7.9898447735   0.496843342338    
 136      138.171644448   1.02667447148         672.304247519    3.42266348789         1831.41114868    27.669892916        5.86461615064   0.676003155742    
 137      18.6625255695   1.09834430371         37.2920255636    1.79952420286         92.1041997206   3.79529825062       -1.44981116689   0.532535852884    
 138      28.2377049237  0.991045752832          56.596522686    1.54837382919        -32.6470723144   3.29852557352       -1.48402423793   0.592119565328    
 139      35.5073614859   2.16098297881         71.9214172354    5.51966587824         206.702870645   15.2708203198        4.03135396119   0.699403003648    
 140      20.7793007904   1.14366771012         97.7054058355    2.80084885912         125.624294368   5.35847772142        13.0151847917   0.539060974726    
 141      6.53532105179   1.37601684999         106.829135817     3.3781348184         190.804175851   6.79547350475       -16.8545435362   0.440186060723    
 142      22.1191690647   1.08053840628         143.177028782     3.9620937693         164.561390808   6.72611520955       -3.31575925306   0.347147524156    
 143      30.4080554811   1.27339651299         197.221601348     4.0521193848         140.242785839   7.36902790957     -0.0961526664803   0.709173009736    
 144      28.0214189773   1.44991545469         187.392971066    4.37968592456         170.644187826   7.47998741881       -0.51804798527   0.564259751403    
 145      19.2024360629   1.73774568136         66.3626884479    3.94133152128         122.841619937   9.75156962019      -0.323034412972   0.625458939986    
 146      8842.45479309   19.0123052151         16812.7814545    31.1516063498         14849.6144343    163.26674478        385.207024468    6.67180926499    
 147        88.97747567    1.2321616296         293.569185923    2.31924412898         791.873017724   11.3020204138       -8.82103051379   0.515415525495    
 148      59.1902845632   1.37242854871         83.2131383321    2.25728740058         73.5069902189    2.3800665783        14.0935574853    0.42021227641    
 149      1098.79389175   7.58898151172         2551.28769018    15.6706286301         3595.36858662   46.8704909463        66.4301164837     1.4863519997    
 150      22.1000204831  0.944689907152         85.4066541978    1.20609126179         29.1412331144   5.05961500607        21.0781746972   0.498002390014    
 151      22.4607928988  0.989313264658         46.3656077493    1.67259785134          66.336062722   2.83937698546        23.6341353561   0.423083124409    
 152      2759.15000028   6.04004135276         5188.34318412    10.1339189237         5252.36813817   51.6907679294        158.403332973    2.34431704771    
 153      216.638105691   1.51816702766         789.397267238    2.86327918681         1646.76123145   20.9841123987      -0.239710304441   0.594366946694    
 154       85.361576579   1.03317454691         86.2251576721    1.73184881445         67.6038529306   3.49378186491        24.5057319019   0.570691178934    
 155       37.770904612   1.26300765361         55.8279385001       1.66989311        -3.57415292565   3.31333373667        12.0876011374   0.493017702275    
 156      24.4697891603    1.9029828658         84.2474646818    3.58879404557         30.0008238349   3.48750547954        9.95234252193   0.607428547395    
 157      7.35844550518   1.42780946961         65.1745651246    2.19465217151         65.5646425917   3.45202909417       -10.6239516641   0.412616592289    
 158      100.915059276   1.65255212794         165.444872133    2.13934126892         290.087953729   7.85378935833         14.160278802   0.419180137226    
 159      771.449789261   2.92662262331          2708.4021192    7.21359297545         4879.48641923    51.907372968        8.21406068248   0.742776790798    
 160      4758.77237463   10.5179264738         12415.8896386     23.017928626         14387.8346659   128.277991701         141.46092066    1.63991674675    
 161      8106.97538215   17.2597824151         13884.2236473    25.4194690858         12559.9383159   118.633169941        573.543186401     7.5636045693    
 162      295.529390378   8.70199559272         785.601156978    19.0259089231         1488.16786304    41.237316891        49.3870395115    2.41688224736    
 163      30.1129117166    1.1930808785          59.514516727    1.96092587285         101.276398443   5.75439650134         6.2464797281   0.496566522167    
 164      7193.11021371   15.7567137099         14838.5716839    28.0712073368         13515.9687727   152.348248383        268.613378631    4.82820837568    
 165      107.036959925    1.5436067503         454.858809666     4.4201078908         1017.42458053   20.2890653323        13.5869154868   0.552416240965    
 166      42.4107071053   1.17635062491         100.936753348    1.88316423915         112.461486607   4.08270852903       0.276943752321   0.671734886908    
 167      70.0036436958   1.04433806432         213.190637971    1.62003351021         122.871214815    4.3065719063        13.2892930639   0.507247813184    
 168      225.390028843   1.52554650913         744.880218837    3.49963376777         1272.15661761   15.6212828944         14.021118597    0.53826545708    
 169       462.56944709   1.67772125921         987.721981867    2.68908728235         1065.89825552   10.3513670458        26.8535861699   0.540815655128    
 170      593.984731135   4.63501963558         1054.58082889    8.48277657523         1051.76741244   18.0566839076        50.3509199525    1.00201823355    
 171      25.1641310876  0.988208806759         98.6279366031     1.5546172324          76.861824905   6.08887540115       -7.71717400835   0.612672638324    
 172      201.866828812   1.48152987751          377.82456087    2.39423855874         174.363090395   9.43026066488        12.7482862348   0.601886570271    
 173      27.3095428896   1.18522365688         30.2424502191    2.20824739189        -71.5379182432   6.73581331626        13.1837258231    0.56686320411    
 174      109.939222534   0.94582804859         527.023861026    1.93687209234         1153.08401661   13.2168354563        11.1839539415    0.53502489569    
 175      267.842686572   2.57790445831         580.485203635     5.2553796723         709.741430978   10.8806084622        13.4868389788   0.777458754103    
 176      17.1114405317   1.38359895002          46.968689119    2.10391726826         53.3857367015   4.27919117622       -3.08930604725   0.539494326713    
 177      90.6586607468   1.25410410111         182.784937735    2.14885936141         110.371162916   9.85349054847       -2.97581744849   0.488308179916    
 178      111.281039255   1.68180466296         407.135657435    3.23647864794         1174.39278694   31.2684644103       -5.00581031652   0.543982091945    
 179      58.6208612838   1.30010807078         124.331242724    2.25655187172         212.590648618   4.70243194904        20.7528867735   0.470723991912    
 180      70.4435500922   1.37390075907           98.18687213     1.9861829657         127.502340136   3.41325374351        23.1553961348   0.619025474272    
 181      20.9862093765   1.14996314205         68.2363204785    2.12684826644         38.7867461421   2.70476568396        8.65947474509   0.466572998138    
 182    -0.206316786295   1.10562139293         33.6758601251    1.77065743133         67.3603310098   3.60590974944        8.93313063443   0.469066151925    
 183      4857.95740406   10.2126739343         8314.31122482    14.7773260669         7214.44307181   71.3268099437        346.317327993    4.83305044602    
 184      75.2399009797   1.21607055378         208.567864923    1.98808973125         151.828461958   2.62594683518        10.0934527973   0.488840694101    
 185      79.4197526745   1.05575614904         235.916379945    2.19241468433         286.647642158   4.14304125847        19.2037324517   0.522678026255    
 186       58.243489004   1.20321470551         189.464704827    1.94372826954         275.489698642   5.59714137274          1.044620712   0.473814349504    
 187       14.368229739   1.25974497496         60.4486493664    1.84214203046         12.4983002668   2.47362559567       -7.17653941615    0.44646480167    
 188      62.7611254488   1.20383799648         92.8978887798    1.90984352968        -4.68331237661   9.40176907405        15.4296682752   0.435425020074    
 189      50.4063602128   1.22768442014         94.3775438579    2.19554309796         50.7206161954   2.49056432626        17.4825626021   0.485497016927    
 190      63.1611005621   1.11765948783         104.508482081    1.80653352801        -20.9042291637   8.56535991397        15.9282155316   0.526241535828    
 191      109.981004486   2.04782381527         196.332971326    3.19257866272         202.512016641    5.5110624795        14.5073307307   0.649514752925    
 192      5.41136614535   1.22822048988          49.013270307     2.1871997087         68.5792230629   3.54654236222        12.6453644544   0.537919436026    
 193      63.2382779764   1.24050433738         177.747051837    2.09510916794          55.445236322   6.26170643307        3.15966763565   0.532681025837    
 194      34.4526757315   1.12291691545         41.5127382598    1.68705216256        -87.3858328906   9.65200884239       -10.3114374773   0.615606464586    
 195       101.22646584      1.03932824         151.953856328     1.5133062502        -81.6921074888   7.83446894706        15.4459346906   0.500867264006    
 196      27.5154119594  0.998619032327         53.5838568959    1.76776458069        -90.2959541967   9.46849194367        21.6916503012   0.564390619342    
 197      28.8653504159  0.934534898208          37.595319571    1.35797094838         31.5136817863   3.59784189299        22.2311709441    0.64341394037    
 198      213.435972369   1.67951584578         377.831475437    2.44339440749         495.333721239   4.84183648377        35.9094021956   0.833483194615    
 199      18.7181885715   1.15681052306         51.2872348131    1.95273784077         42.8789308829   2.40084742692        6.98879586202   0.403778165078    
 200      29.2827465524   1.18029191534         61.7914018333    1.87731590468         60.0259414531   2.20287407651        1.64612971934   0.348998619241    
 201      29.1787839569   1.03344442113         84.1649459826    1.54902026605        -59.7110809023   8.91692449855        10.1457400633    0.53375160411    
 202      10.0030604696  0.870904035922         57.2283160784    1.36826030102         9.48843897916   2.06389401812        15.9438461526   0.479935215859    
 203       37.565317353  0.973772261281         43.8592073727    1.16178931148        -3.26357736405   3.28148618896        18.2674330728    0.47691660908    
 204       122.74245638   1.27571910132         486.977645996    1.85767873325         759.780162321   5.94944899753        13.1014225809   0.510957162493    
 205      21.8678548391   0.97997398337         39.2129155297    1.61035811902        -136.595082696    9.3470718534         1.6091177433    0.55424308568    
 206      3476.48982553   8.26284701437         7606.37222081    16.2399321322         7166.88367991   80.5628052831        120.531870769    2.15097854943    
 207        73.66358338   1.01060492216         67.9255985393    1.70345894935        -124.459849497     8.831254704         7.7124194882     0.6521568983    
 208      158.517151566   1.67317998126          266.26624859    2.55756306024          269.97540829   4.54773591255        32.9723907737   0.873807151943    
 209      40.4935896237   1.27513068826         97.2213033127    2.45610133012         170.226965661   3.45879134743       -6.20006052124   0.442466436932    
 210      1170.97540262   2.21718040068         3937.45062172    6.51306225874         6961.87508093   119.098041139        2.50710228539   0.723232324005    
 211      30.6331307414   1.32206025579         53.8376067206    2.81708768546         62.2163544416   3.71829383442        15.4257425608   0.386303650288    
 212      7.30090678519   1.34205945347         47.2986499693    2.67519732966         16.6034787475   2.41474412247       -8.11647605994   0.433741943297    
 213       32.979705251   1.24140762812         58.6004648049    2.31292459372         11.2186248616   2.41611959857        3.62825127574   0.429913247062    
 214      23.5456075855   1.27579081096         47.9245049328    2.39034839329         12.7225807058   2.74168907027        6.68058531574   0.511345166701    
 215      24.7445928264   1.36784835452         48.5040562887    2.40420177267         61.8465165448   2.69217243773        3.77702797848   0.373329485107    
 216      140.200950052   1.32165425101         742.090275686    4.06061233896         2082.24381578    25.988005015        11.8093239032   0.548520452333    
 217      71.3930637317  0.989612903755         131.151294169    1.47878846806        -42.5409255375   6.52847229111        23.0268863499   0.530931501407    
 218      48.8864972674   1.04346631899         129.738265569    1.51986757453         77.8411735355   2.86997671989        8.01069453427    0.42725556039    
 219      44.7171218421   0.95865515134         61.2399699318    1.66076468509        -7.40008340451   4.19395770262        2.85023615777   0.618881950497    
 220      22.9035735688   1.04043999801         65.0712872236    1.71675572816        -125.748042292   7.39005069789        -3.4031594299   0.422747523895    
 221       13.914558742   1.00922521716         49.8454504422     1.5553430931         -11.541235606   6.82182526959       -14.5487534456   0.595215289318    
 222       38.594543732  0.936621138922         75.4999682662    1.35446283423        -32.7338209864   5.26410830602        14.9424088761   0.447559339669    
 223      26.0071084454  0.994548793001         57.2617660836    1.48285117221        -101.790063618   7.85991310402     0.00582543557147   0.451572660321    
 224      73.1761197072   1.00418848624         103.692784998    1.49252200994         41.1753905479   6.36068433592       -1.67281663626   0.661916543251    
 225      624.339237154   3.53143392035         1472.66004258    7.59808849557         1646.59277255   23.9898340093        23.2556660984    0.80507222322    
 226      58.2023295339  0.978640924449         72.8053520902    1.51090602239         8.75744708669    8.1302657509       -4.33323538065   0.600735111904    
 227      62.5828891293  0.880885762635         266.122435818     2.4273329408         513.211691944   7.81426277169       -2.48692178006   0.542831616539    
 228      19.1544355201   1.16605952008         60.5351778326    1.51256416677        -52.9991365849   8.03560651244       -6.22237563592   0.588166659594    
 229      8410.32586475   16.7892504497         15366.9453465    26.5343520618         12447.0309959   146.563607449        426.768701879    6.57042163238    
 230      90.8111665063   1.32489596801         158.172971212    2.60667239155         82.9021185603   5.55753892762        8.18095240963   0.621281055458    
 231      48.3068487771  0.882899987878         65.7605220179    1.22673727321        -62.0563535747   5.92258022024       -3.90541810991   0.466817448972    
 232      219.207675712   1.05013890899         801.456912429    1.90921962751         997.021757486    12.425592266       -4.00080858903   0.595108353357    
 233      208.442509287   1.70819361512         472.636306915    2.64347042033          414.44731036   5.69967275914        17.7096021796   0.649998327659    
 234      118.479432525   1.16619898674         492.555763853    2.30032493068         383.333466642   7.15190374769       -1.84342808016    0.55638360273    
 235      31.9141043659   1.27505602789         54.2314568413    2.15414570776        -35.9118761684   3.35414829881       -3.31745130033   0.460697153619    
 236      40.3902566992   1.15223515546         44.6934803325    1.59222614027        -74.7684065193   5.34274206327        13.3471390351   0.488460915128    
 237       23.507807224  0.923271145742         51.8802775752    1.40892736199         -48.421883006   3.89175582899        14.7889499847   0.347038801396    
 238      240.118166957   1.08198879834         318.702062644    1.48022298773       -0.929095727551   6.98136533905        33.7705909462    0.97487912155    
 239      56.6408059305   1.03812374097         243.197161232    1.51279642147         374.729798702   4.79994376805        2.35619402678   0.399677349877    
 240      27.8457268878  0.802873502571         60.8005345122    1.67266202971         27.1255401093   1.64969049121        2.39476457185   0.319998568047    
 241      14.1296554293  0.945849349134         42.7640950004    1.36066479287        -66.6005940452   8.60099701379       -10.3319082854     0.5444175937    
 242      15.8392901435    1.1461775645         60.2442062069    1.48168617521        -125.201050104   9.09053422349          2.280839967   0.486333799016    
 243       236.70557981   1.13680479086         915.912069038    1.74835219484         1282.69348759   15.0499148553       -9.94242136934   0.495998167194    
 244      1613.69385724   3.11153445317         3572.10126948    6.14963408651         2654.92216714   38.3230078203         38.274010414   0.878465972489    
 245      40.9274800151   1.11109637949         77.5422395674    1.69171511354        -53.6292525949   8.53229659187        9.92873211418   0.453319905716    
 246      50.0565478864   1.09348058263         141.716405834     1.6830896801         15.6407578856   5.59177685172        1.21386318706   0.495839502137    
 247      21.1743733802   1.00157720308         67.4175103543    1.34997610734        -118.990464487   9.28550004314        16.5139307288    0.54409150084    
 248      61.4457086863  0.990130260899         125.122282687    1.43607528372        -1.53576496798   6.98322884562        15.2015665039   0.491418148693    
 249      79.7810232477   1.26732170131         167.267881797    2.17468223507         96.7752601125   5.01589100867      -0.981023587102   0.643377881011    
 250      64.1489637037   1.01604988752         87.8895812566    1.44351421641        -36.2591103807   7.24268899972       -5.15664815455   0.427032688017    
 251       128.90501576   1.09146578976         223.477342084    1.39014112294         298.703204549   4.99660341727        15.6177685131   0.566220564048    
 252      27.8202415787    1.0498065039         63.3174727638    1.32951239675         329.625144062   11.6221770646       0.916748603733   0.704669991622    
 253      60.2646107624   1.07309583076         126.279942728    1.88837248892          446.14739455   11.1377829883        12.2754951741   0.660576912445    
 254      47.9102375215  0.939024529191          90.584086576     1.6920330309         325.281743916   10.7077223077        5.45438698299   0.442013367994    
 255      35.5450147278   2.14873070128          77.646383587    4.29528871548         406.043071899   22.4018283766       0.501735810889   0.518061956379    
 256      74.1635384545   2.22362562918         141.762080108    4.65194848219         795.490205924   29.0420897678        13.2499140818   0.398223929584    