|  id|   xcenter|   ycenter|aperture_sum_0|aperture_sum_err_0|  aperture_sum_1|aperture_sum_err_1|residual_aperture_sum|
|long|    double|    double|        double|            double|          double|            double|               double|
|    |       pix|       pix|              |                  |                |                  |                     |
|null|      null|      null|          null|              null|            null|              null|                 null|
    1 165.817001 290.996002  38.4114372748     0.835340139563    26.8823400102      1.16162370231         28.5801814996 
    2 382.912994  58.875999  104.637671901      1.92394449833    258.238640578      2.93782715888          10.196111918 
    3 913.508972  28.245001   29.892384748     0.774535699439    44.6237140809     0.987791787598          13.572855027 
    4 932.661987     50.757  285.708227637      5.06439276707    503.528402505       5.6405150351         101.560697578 
    5 501.412994  57.442001  6561.88083519      129.239195499     970.95969781      13.2061965898         6206.78700285 
    6 319.796997      13.63  124.253606567      2.24166092823    244.969552645      2.73939337735         34.6647416001 
    7    301.431      6.767  176.267964439      3.23209620994    180.830190268      2.11769964627         110.135780569 
    8 987.448975  23.905001  353.231351131      6.27289837098    736.115868266       8.4832512007         84.0232621645 
    9 422.341003  17.518999  104.939513423      1.95557229723    31.6866120452     0.839119111995         93.3512667325 
   10 511.863007     14.934  35.7256593216     0.823086976079    -26.220422974     0.725419260077         45.3148425806 
   11 400.260986  38.692001  193.475348669      3.84057444074     135.94016443      1.63361949543         143.760088535 
   12 388.869995     12.205   33.837959826     0.762927306648    77.9926338424      1.12427726265         5.31493944933 
   13      7.894      9.874  85.7670473264      1.63624826087    61.7798801292      1.09442032265         63.1732625934 
   14 908.734985      4.503  114.361313368      2.10540881646    91.1414960945      1.40446967577         81.0295662245 
   15 727.018005      5.768  113.603976935      2.12804649133    76.1244554208      1.29428915829         85.7641760949 
   16 433.649994      3.683  160.237215394       3.1344980255    17.4134110491     0.759409335798          153.86888221 
   17 196.813995 952.414978   36.332894394     0.905385285581    2.05994482461     0.671314552065         35.5795431438 
   18  611.72998 997.578003  69.6430141619      1.65216643234   -6.37918395254     0.519967283965         71.9759728645 
   19 311.919006 947.151978  238.582974966      5.00404087138    25.3230994649     0.841728122517         229.321955734 
   20 831.166016 943.843018  662.251229831      13.4499972367    126.101985078       1.8673449593         616.133932431 
   21 385.333008  940.77301  115.768445485      2.12394073617    81.4803558821      1.25068767553         85.9699153334 
   22 327.104004 943.197021  67.7211307598      1.29869037544   -1.89794973181     0.735608868536         68.4152380903 
   23  71.880997 936.484985  35.3899101473     0.728888450789    87.0247817318      1.24352054057         3.56370425683 
   24 172.621002 940.585022  37.6519525755     0.840256640439    14.8219340129       0.8171462658         32.2313595651 
   25 251.003998 911.796021  146.059053097      2.67015810547    3.20091893086      1.89153620245         144.888431317 
   26 260.304993 903.705994  124.136834138      2.37383077234   -66.6298644541      3.54612163731         148.504327424 
   27 262.778015 934.447021  213.269970085      3.90366074812    8.39042197595      2.51868520748         210.201472905 
   28 276.240997 922.575012  118.845383164       2.4486723273    22.8693917179      2.07205725918         110.481719907 
   29 286.713989 904.396973  145.351017224      2.73528191051   -118.167792001      3.23971654857          188.56666687 
   30 279.089996 889.682983  167.643183967        3.137531591    254.486956169      6.40337140711         74.5736685681 
   31    207.806 935.551025  18.3091376141     0.563042067651   -23.8631131371     0.773692978064           27.03621899 
   32     56.473 928.791992  111.653321058      2.05422552805    111.504304815      1.95346922434         70.8746038679 
   33  67.504997 918.517029  30.8184163693     0.689194019349     83.381148106      1.15441622276        0.324739347661 
   34 719.161011 932.572998  62.5360692831      1.21931311215    32.3589807145     0.760897503838         50.7019277647 
   35  26.243999  919.76001  64.6027922778      1.29028884767    62.2755390383     0.972335780504         41.8277380009 
   36 508.446991 914.599976  88.2101245073      1.68356984947    10.8447531999     0.789918781893          84.244043337 
   37 926.901978 910.025024  160.965811256      2.97843000127    124.563693872      1.79675148035         115.411088925 
   38  933.65802 905.864014  101.658149069       1.9454128315    124.106481542      2.16797618946          56.270635819 
   39 200.220993 907.244995  125.679871104      2.30774915893    43.8902551682     0.929312281959         109.628577786 
   40 715.530029 901.721985  252.822582924      4.59896238555    141.692435938      1.76532041799         201.003634924 
   41  94.345001 909.239014  68.0391703706      1.40905215661    6.19531382436     0.792820787311         65.7734556006 
   42 782.799011 897.671021  63.4932795597      1.26028893433    33.1171459343     0.688207199682         51.3818661894 
   43 424.608002 894.346008   20.329694715     0.651738706557    -43.933002884     0.867644690517          36.396621484 
   44  86.815002 893.476013  28.7216645764     0.671140649937    18.1501263438      0.76473635764          22.083904085 
   45    352.819  885.13501  398.853782975      7.25997858082    348.763758825      4.45852172034         271.305894033 
   46 213.264008 887.502014  251.130657122      4.69883960106    75.9132515203      1.27464920103         223.368096566 
   47 236.225006 889.455994  43.7003318969      1.03967895866   -53.2035133187      1.12850755939         63.1576167677 
   48 549.117981 875.538025  128.768992958      2.36947358035    53.4692517483      1.13994268924         109.214523747 
   49 697.833008 869.340027  63.8202809712       1.1944194283    97.9852912377      1.25928758699         27.9856601757 
   50 623.103027  874.26001  68.0969590099      1.47317783022    18.2452590094     0.795619933252         61.4244071436 
   51 986.955017  872.64502   94.572270882      1.86115782753 -0.0736226343942     0.697557521522         94.5991957312 
   52 409.130005 872.182007  49.6749639681      1.03685124232    -3.8090877572     0.721259111835         51.0680017765 
   53 863.997986 864.758972  101.941425217      2.05535532116    48.4700426205     0.865535555398         84.2152382016 
   54 360.136993 863.380005  22.9202412432     0.636218769279   -51.3274461145     0.891254970635         41.6914215366 
   55  22.493999  858.83197  66.7759246749      1.28164780105    41.9546107811     0.999968656471         51.4325241607 
   56 952.379028 853.974976   119.62601192      2.21084712657    102.795230804       1.3344508001         82.0323275119 
   57 739.630981 849.505981  161.809422007      3.06112357325    85.5772817247      1.28384313761         130.512587547 
   58 912.883972 851.849976  63.5767052438      1.27998309378    37.5583651824     0.823344727177         49.8410745485 
   59 168.548996 844.349976  2515.75346977       50.194918237    401.402183445      5.59007227008         2368.95495697 
   60 313.308014 848.015015  34.1122149616     0.783592080315    27.7802575734     0.986410098536         23.9525779062 
   61  319.30899 848.442993  52.6715589212      1.03806506049   -22.1269382495     0.935581352421         60.7636963382 
   62 850.997986 839.786987  62.4760305733      1.30112660441    65.5268474038      1.08132467468         38.5119263799 
   63 831.627991 832.190002  78.6608941497      1.49493794938    64.0064589103     0.972131877509         55.2528177482 
   64 129.606003 821.567017   21.139940388     0.698845837616   -30.2970601808     0.710272958069         32.2200081113 
   65 996.536011 810.627991   222.93166149      4.45452271599     53.940425169      1.00851504931         203.204877429 
   66 785.288025 802.635986  333.256361561      5.95170867381    409.422028778      4.58181490692         183.524876751 
   67 398.481995 809.271973  4.40118805561     0.418976642184   -64.7228169819      1.03155413415         28.0712468376 
   68 680.726013 765.627014   282.06744205      5.01937472701    692.269848254      7.53248681594         28.8944689743 
   69 890.330017 784.578003  90.9270388096      1.77560595278    77.7214492492      1.10296249175         62.5031945128 
   70 423.071991 774.906982  109.054695824      2.09425152984    36.8791383985      1.06161370694         95.5674680665 
   71 773.750977 769.986023  60.0359394225      1.17930549932    105.745203806      1.29867167605         21.3634077447 
   72     13.676 765.432983  215.485814974      4.32872929586     433.80054922      10.8913922883         56.8387569733 
   73      6.965 759.216003  2221.02107165      43.9828916309    533.543489227       6.7701694564         2025.89659559 
   74 351.941986  757.30603  4108.21794746      81.7614143808    565.950466078      7.90911434851         3901.24177701 
   75 512.768982     760.75  31.7132896905     0.795607094957   -43.0996645901     0.910561277641         47.4754527406 
   76 323.539001 786.325012  108.500984896      2.14550706294   -58.3653737593      1.03481857057         129.846035871 
   77 964.760986  756.77301  79.5329859573      1.60112544426    13.7601376089     0.771672211783         74.5007070604 
   78 589.461975  747.97699  85.9744947195      1.61303891827    50.1700823646     0.941358612733         67.6265788833 
   79 993.791992 751.007996  32.9103557277     0.792866578471   -3.80455565494     0.581514970241         34.3017360815 
   80 859.164978 744.482971   330.31544762      6.74427415463    88.8321564752      1.29276163754         297.828258967 
   81 525.679016 733.427979  209.034223827      3.90555933126     4.2478676516      4.66412548484         207.480717943 
   82 518.491028  710.77002  215.997860738       3.9846220312   -106.932532581      5.91173568907          255.10461551 
   83 610.969971  730.38501  393.423983901      7.14577451428    343.972679686      4.02676599634         267.628261044 
   84 455.136993 736.482971  51.5720620937      1.13027738405   -63.4391905418      1.10106500897          74.772680349 
   85     75.764 732.280029  152.234762618      2.74904804327    114.911401671      1.51117528735         110.210021435 
   86 680.333008 731.994019  83.7618214605      1.67852552409    111.971728009      1.42642155053         42.8121609316 
   87 996.221008 730.572998  65.6057227315      1.36483307433    8.96778383484     0.499116046991         62.3260760719 
   88     46.007 721.799011  103.675048329      1.93832477458    72.2003763638      1.01707920759         77.2703392584 
   89 861.176025 722.023987  33.1837273031     0.758463480403    27.8049050801     0.813117231864         23.0150763024 
   90 838.632996 718.106995  154.592807626      3.02118383848    97.9716440946       1.2522129845         118.763177786 
   91 803.817993 681.723999  4194.56745923      75.6616810692    3558.96773084      41.3256569129         2893.00211767 
   92 795.357971 716.052002  59.0751795199      1.32838439547    78.7181941593      1.21382771641         30.2868113703 
   93 196.210999  615.22998  76.8267594689      1.44465108277     235.42444778      2.64950583456        -9.27132429084 
   94 272.645996 698.671021  64.6168774761      1.28816758709    22.1868082499     0.824219285831         56.5028447447 
   95  38.360001 545.211975  62.7225633623      1.20496104579    140.631922108      1.75979597495         11.2914604198 
   96      7.374 520.179993  60.6204864117       1.1491448833    158.229216319      1.93897880527         2.75380158645 
   97 997.211975 686.692017  939.539853525       23.818241094    167.898130285      3.13708927882         878.137108735 
   98 528.223022 686.223999  397.825193321      7.31076639687    215.498974314      2.98072339268         319.014139857 
   99 561.578979 687.814026   55.504302649      1.08960905302    9.35184434535     0.742129637079         52.0841995741 
  100  95.959999 681.671997   527.94583889      9.56947101095    384.275406877      4.40980373625         387.410832946 
  101    148.875 669.809998  62.6604674531      1.24773926315    111.319203783      1.52247940522         21.9494443552 
  102 583.114014 676.619019  115.476040303       2.1982765975    57.8842505766      1.02853941285         94.3069429497 
  103 305.789001 681.382996  3.88649532676     0.572358655582   -54.7343720789     0.963458990672         23.9036371156 
  104 639.984009 671.539001  50.3255337785      1.11213506508   -4.78348981864     0.760362567057         52.0749243408 
  105  73.088997  645.52301  209.421513021      3.93218876576     190.94609335      2.16691205447         139.589798882 
  106 311.752991  660.06897  14.0974508565     0.577751671378   -19.9581956177     0.715888534077          21.396448111 
  107 262.786987 710.103027  19.3360821491     0.523111852977   -4.35715096394     0.714613361995         20.9295545017 
  108 602.289001 707.396973  61.7400331398      1.22007746077  -0.338026907529     0.818172180553         61.8636544088 
  109 201.845993 647.973999  457.428542061      56.4464742947    307.322531013      12.3994876061         345.036302148 
  110 213.660004 678.536987  126.756405996      2.29860455824    275.079711345      3.08381371991         26.1558258465 
  111 542.221985 629.072998  323.187317428      5.80130329723    408.125995939      4.79418538898         173.929810342 
  112 340.329987 706.021973   19.750669237      0.81991050175   -82.3511375113      1.11980072158         49.8676566697 
  113 512.307007 636.122009  55.6728271382      1.13204004936  -0.115030374224     0.890118445379         55.7148953894 
  114 824.973999 620.099976  375.469271119      6.79744941074    306.266338519      3.81952857494         263.463295889 
  115 512.077026  618.61499  365.664473537      6.54684641157    253.023489786      2.93751542965         273.130168701 
  116  99.300003 611.617981  226.287004449      4.18471859958    208.752733896      2.38924033365         149.943147481 
  117 969.606995 616.400024  26.9838067517     0.667177279648    27.5187133199     0.718710201003         16.9198201661 
  118 698.262024  615.11499  54.4602276071      1.18123395898    -20.890585066     0.718035868702         62.1002130027 
  119 963.348999 605.286987  48.0068903741     0.925142963013    88.2460815871      1.24055034539         15.7340376794 
  120 780.862976 606.838989  69.4927505316      1.33687547058    52.4426706099     0.973615930553         50.3137167085 
  121    463.263 607.578979  80.5944892408      1.55305613786     21.901773502     0.819277506569         72.5846977886 
  122 577.708984 603.267029   40.971829248     0.871834868396    42.3028448302     0.913734203392         25.5010745673 
  123 602.642029 598.643982  108.641967114      2.07935154848      60.71247011      1.03606733262         86.4385494741 
  124 812.232971 588.033997  562.889031978      10.1616744889    464.315081512      5.27401451376         393.082373596 
  125    554.388 567.004028  55.3859284778      1.05080342853    124.363002131      1.55437831382         9.90460198407 
  126 562.421997 586.367004    69.48304594      1.34825795629    143.308505159      1.75166196004         17.0730783388 
  127 786.005005  595.10199  42.6686549137     0.816972330405    49.7416383453     0.852605652809          24.477427176 
  128 751.387024 595.435974  49.7278506742      1.03093778536    24.2652568926     0.755835700411         40.8536995821 
  129 765.489014 592.163025  87.5435080538      1.77147272852    30.3060422249     0.701297189119         76.4601554687 
  130 792.104004 630.155029  3048.35131757      61.1628013324    540.836336682      7.04590499162         2850.55974301 
  131 901.992004 569.392029  75.1155534946       1.3996180376    130.119710041      1.57844251344         27.5289166797 
  132    935.237 584.447998  72.2914598348      1.37415416515    92.7032596126       1.4802132625         38.3885534622 
  133 932.736023 547.642029  176.855551136      3.16367920988    209.068958419      2.47499024105         100.396046342 
  134 921.098999 574.893005  87.1267283999      1.61315715401    164.208923185      1.94936887428         27.0731793493 
  135 916.294006 562.465027  70.1696488441      1.31475034398    196.002496457      2.25407587528         -1.5112641458 
  136 468.290985 574.630005  51.2947456599     0.978147019738     150.74063069      1.82057548106        -3.83325642108 
  137  477.22699 580.088989  55.3779536713       1.1058624038    140.721673105      1.69862089859         3.91402750731 
  138 498.052002 578.278015  56.4491293149      1.07834216768    157.373683571      1.88397481816        -1.10467496271 
  139 481.410004 570.573975  63.7849913644      1.19605421751    137.109975286      1.66629883319         13.6419146885 
  140 511.644012 586.583984  63.6599299027      1.26586187295    107.957569853      1.34105853987         24.1783043564 
  141  579.30603 566.091003  41.8301896401     0.886572792567    93.0374960417      1.27156455928         7.80504823051 
  142 238.755005 577.208984  102.152804936      2.04278852436   -2.41763083627     0.612880915592          103.03696707 
  143  484.31601 582.695984  56.2234570943      1.08919376369    141.206063508      1.73413162135         4.58238244011 
  144 428.959991 578.554993  47.8040579013      1.09166817303    18.0546732868     0.786569996477         41.2012059564 
  145 304.674988 574.942993  152.496810054       2.8275062714    20.3609778126      1.11636257418         145.050509597 
  146 872.849976 575.023987  111.480510074      2.22731597343    42.2494623282     0.928156844315         96.0292781367 
  147 325.824005 575.245972  2.91807692438     0.586760566357   -77.6874734699       1.0834066332         31.3294957934 
  148 159.453995  568.64502   205.28949453      3.79889647075    134.511907895      1.75234287535         156.096568215 
  149 446.710999 574.414978  29.2792547974     0.639962059071    55.8103676528      1.13358762262         8.86860605585 
  150 405.955994 569.198975  46.1103572847     0.928417463461    13.1042074637     0.775380098308         41.3179614122 
  151 944.398987  566.51001  35.3768754731      1.39685851212   -116.043671704      3.68284412445         77.8157039821 
  152 993.208008 551.760986  80.6184706594      1.46934111586    235.657624677      3.60887542919        -5.56488922248 
  153 451.743988     567.75  19.3260000025     0.619796126841    114.513665004      1.49052589801        -22.5532831991 
  154 456.079987    557.625  119.463615604      2.39020380321    96.2390366443      1.29355963408           84.26762506 
  155 439.337006 560.861023  165.270186134      3.09487371666    100.505563072      1.42749922199         128.513865924 
  156 966.505005 560.369995  16.2598204909     0.904225187729   -177.614132458      2.96662483067         81.2158460754 
  157  58.074001 558.820007  78.3671206704      1.46964284639    131.045702253      1.61504222092         30.4418352748 
  158 879.067993 586.664001  142.446857431      2.65240439284    56.7033566049     0.975936210408         121.709629872 
  159 576.565979 579.038025  32.2218255614      0.71622569403    89.7232591718      1.26294458066       -0.591252078551 
  160      572.5 543.887024  63.8382910129      1.21674282439    117.116813609      1.63216548787         21.0069991787 
  161 573.158997 520.205994   215.59793537      4.06752603601    156.760161639      2.08591970477         158.268504828 
  162 417.322998 552.080017  29.4363390098     0.664616608421    61.4158420256      1.01038781884         6.97568821188 
  163 681.385986  704.08197  69.1986613973      1.34132226635    73.1314950494      1.04314844266         42.4534289221 
  164  87.853996 549.289978   116.08093402      2.14855957722    98.8131593209      1.28046797569         79.9435500398 
  165  69.407997 521.117981  114.301410392      2.06736951468    178.379258706      2.19623940748         49.0655672078 
  166  70.762001 510.067993  95.7319628103      1.81314309282      94.87789111      2.66926969764         61.0337626329 
  167 833.351013 538.929993  66.6684784182      1.35652908518    5.36621191625     0.901953488946         64.7059780603 
  168  657.43103 541.677002  42.5401545413     0.988215516985   -50.0793803435     0.951393354558         60.8548993526 
  169 777.356018  528.77002  310.375627852      5.73434682999    91.2438862339      1.83546122679         277.006435173 
  170 766.778992 512.583984  617.836432441      12.6946004015    212.388598215      2.77139098674         540.162887951 
  171 601.031006    535.513   32.805950719     0.794196299613    57.7609562469      1.09917476898          11.681943863 
  172      543.5  523.36499  73.4340689501      1.39255155493    135.501965394      1.77928270088         23.8790644629 
  173 539.241028 517.349976  77.3042660595      1.47625781784    157.840616182      1.97002360912         19.5796978557 
  174 536.705017 511.572998  55.8666041795      1.12681842878    90.8888572077      1.57378298085         22.6272506864 
  175  93.837997 492.838013  136.343838816       2.5164830962    8.09828480946      2.14952949945         133.382180371 
  176 118.851997 522.213989  182.130226775      3.24577324767    302.190345108      3.34377639988         71.6149005647 
  177 113.614998 508.730988  136.644704965      2.46625100478    207.276588293      2.55703773973         60.8406955322 
  178     88.736 527.077026  164.608931649      3.02064946069    92.2319348788      2.00015717402         130.878395464 
  179 632.562988 527.273987  23.0562122008      0.60340216024    20.2302996196     0.741121168361         15.6577026256 
  180  35.581001 659.731995  5150.62981387      102.583356119    1162.57901006      14.8397483325         4725.45806162 
  181 386.157013 510.144012  43.6271059222     0.869112401456    72.0318116645      1.06021492353         17.2840433706 
  182 405.403015 461.177002  271.377509407      4.92965278012     222.61073109        2.586525792         189.965584894 
  183     51.722     500.75   54.932898844      1.10643555706    67.7144963957      1.05164903336         30.1687401621 
  184  64.535004  616.80603  91.1898917291      1.64590611364    204.092660708      2.46185299181         16.5502900987 
  185 943.208984 494.983002  183.874734201       3.5519750829    15.0935106767     0.791733986264         178.354821725 
  186 597.879028 495.906006  30.8250418457     0.682585228659      59.50820648     0.985623250168         9.06204061869 
  187 368.644012 502.524994  589.177151226      11.9296112426    116.521352621      1.71982056353         546.563627981 
  188 141.462997 483.873993  119.369875973      2.30917074162    38.1440126337     0.968639460934         105.420065639 
  189 775.012024 485.372009  30.8373697689     0.899478069142   -79.0354199297       1.1339704721         59.7417519146 
  190 457.885986 485.003998  31.4728357927     0.816895963477    13.8037603788      1.21224050337         26.4246034256 
  191     29.313 446.552002   350.31965102        6.236228125    622.385959085       6.9453595771         122.704214555 
  192 446.519989  481.56601  85.1572694236      1.73507708459   -14.3609323671      1.16826372091         90.4092675464 
  193  733.02002 480.462006  61.4438240596      1.16438974553   -11.8254239859      0.82031540536         65.7685505459 
  194 918.861023 463.303009 -4.77288903635     0.272010562099   -20.2299353929     0.571459378333         2.62548733591 
  195 892.114014 470.792999  113.796724648      2.07134315318    121.261130289      1.55203044994         69.4497969991 
  196 368.329987 468.003998  99.7165319846      1.86405948611    79.1133265324       1.1156990747         70.7836582813 
  197 699.955994  475.06601  57.4938696813      1.31740066453   -91.8778247201      1.24647683097         91.0949027218 
  198 606.616028  470.57901   82.655733497      1.72039176482    43.8316008366      1.00971156134         66.6258909053 
  199      3.327 442.136993  114.351392599      2.46564869486   -269.165796345      6.42279503666         212.789169548 
  200 722.471985 454.813995  213.720547709      4.00622157492    108.177887819      1.81261007539         174.158348735 
  201  65.438004 455.627014  83.5149867871      1.52412798468    56.5456633662      1.09863021208         62.8354298989 
  202 995.450012 459.447998  57.1355971493      1.22222141271   -25.1842571959     0.623258160232         66.3458397809 
  203 551.728027 453.664001  232.924247326      4.66711763775    98.3228625886      1.38980125705         196.966171865 
  204 945.802002 454.920013   1.7321693989     0.409797570344   -14.2448475548     0.631757467486         6.94171364751 
  205 116.179001  453.29599  18.8436967179     0.779438651326   -61.1865868379     0.936724869113         41.2205056186 
  206 234.783997 476.455994  46.5672220288      1.07570532293   -75.5569587202      1.08935842528         74.1994812179 
  207 396.707001 487.725006  140.733061339      2.65695920968    108.041960179       1.3997497344         101.220573045 
  208 377.760986 443.145996  29.7144159805     0.752666110919    25.4834169414     0.835375639073         20.3947663562 
  209  378.46701 491.553009  306.225690509      6.23820930195    101.204292218      1.37017337306          269.21383507 
  210 110.918999 441.933014  136.613503131      2.80934939494   -49.6190635851     0.909513598615         154.759903528 
  211 514.846985 415.962006  69.3322956387      1.29400434369    156.027397832       1.8185365476         12.2708472886 
  212 519.661987 426.830994  56.9364277166      1.10749365969    146.925916776      1.81591954606         3.20352100991 
  213 544.367004 434.274994  49.7653097587      1.00159669635    134.688974698      1.64327482622        0.507627583309 
  214  461.03299 427.757996  63.4136607315      1.22274030022    144.329415847      1.78576068402         10.6303315077 
  215 457.848999 415.154999  63.2939888315      1.21741724933    158.635041614       1.8732611428         5.27888789854 
  216 459.009003 503.651001   63.974865364      1.32634868725    69.4918174024      1.56218018571         38.5607149997 
  217 392.764008 424.372986  75.9752101368      1.46051475275    59.6603653577      1.06060329045         54.1565622346 
  218 812.473022 432.454987  13.7726836005     0.642316518782   -78.7441670056      1.06089477353         42.5705503911 
  219 500.692993 420.192993  59.9109118123      1.20192832327    150.795978147      1.78930046752         4.76266837566 
  220 163.199005 427.570007  12.0095125515     0.449864075873   -34.7000242784     0.936346952793         24.6998071447 
  221 168.848999 424.027008  7.04157615433     0.537958363851   -59.1084370892      1.17106340179         28.6583760041 
  222 821.481018  423.13501  73.2032338504      1.63677228218   -71.1301269911      1.02284953157         99.2165374357 
  223 531.744995 431.766998  74.6925948572      1.38247248861    153.460331008      1.84588059224         18.5699595172 
  224     31.086 412.937012   193.29311117      3.46766849896    154.290252127      1.92197975617         136.866961821 
  225  521.28302 401.908997  43.6404935273     0.929240148456    121.435244124      1.52819378817       -0.770110038088 
  226 325.425995 400.674011  6.85702757719     0.519520060122   -55.7792480458     0.968627623533         27.2562954339 
  227      5.995 396.385986  89.2998237509      1.78903025355   -11.5757940336     0.721547768346         93.5332569974 
  228 557.872009 399.290985  61.2847088218      1.20699406599    85.6321950497      1.13978965476         29.9677917751 
  229 426.397003 410.053009  244.793809652      4.43948285237    223.908249508       2.5619461388         162.907364117 
  230 954.297974    384.444  69.9180497412      1.41904822015   -7.21148466266     0.784057850383         72.5553927036 
  231  90.000999 383.783997  92.8835744246      1.85243233154   -36.1376919163     0.876401932542         106.099644611 
  232 541.104004 378.647003  82.8459761787      1.60773588142    115.194438092      1.51003452022         40.7177245336 
  233 465.200012 383.121002  52.3154957529      1.03616612893    76.7029013196       1.1987625941         24.2641489846 
  234 437.393005 381.516998  58.1106873847      1.19626880523    30.6355346352     0.858176998102         46.9068347181 
  235 627.835999 376.817993  81.7963424779      1.51015664381    69.6458094997      1.13601499033         56.3258750037 
  236 758.541992  370.03299  70.6550611987      1.45762360489   -63.2088272983     0.904270295875         93.7714323249 
  237 801.755981 367.106995  2076.27861981      41.0731991457    235.514152695      3.74266957952         1990.14772968 
  238 408.442993 360.541992  171.718027825      3.32695131674    64.0497030026      1.25764656824         148.294136441 
  239 540.906982  361.95401  66.9554711582       1.3561734019    150.363260409      1.83026644331         11.9654787799 
  240 533.801025 361.209015   58.096874606      1.14244901847    160.562699723      1.93100622739       -0.623198435499 
  241 295.731995 359.882996  3.99231076631     0.469638559539   -84.7996201409      1.21095758087          35.004743275 
  242  457.40799 358.753998  86.0617265917      1.62366026707    34.4111712202     0.812006743791         73.4770696884 
  243 514.094971 318.238007  62.1144955748      1.19239200603    140.809209989      1.72114397191         10.6185559217 
  244 498.414001 323.117004  69.7646708392       1.3265431215     129.19646849      1.75827949839         22.5156766487 
  245  479.34201 334.632996  98.6557280784      1.81698679177    148.349284515      2.03839073931         44.4022754557 
  246 491.201996 347.899994  66.3104389704      1.59968769554    111.799532309      1.76933027731         25.4237528688 
  247    506.819 345.463989   85.368246177      1.61543906759    135.405529668      1.91171803228         35.8485096128 
  248 535.010986 351.812012  65.7748702514       1.2514211237    155.657742227      1.82428229307         8.84861023709 
  249 696.460022 338.463989  3571.04910276      72.0379737533    509.342495897      7.38577019668         3384.77527568 
  250 630.640991 341.595001  82.3056349427      1.52854832448    108.979495291       1.3970613062         42.4502766649 
  251 624.549011 334.630005  62.3749826893      1.20476644966    140.068512064      1.79083751448         11.1499268489 
  252 234.186996 334.372986  2500.62158679      50.2883380415    259.617942939       4.4376745052         2405.67559623 
  253 521.166992 337.860992  70.2873798798      1.32405945468    128.579698205      1.62070420233         23.2639473935 
  254 820.679016 327.424011  123.280266323      2.34702453785    73.1917071752      1.89981995084         96.5130134135 
  255      5.444    325.763  205.801207072      3.98402974365    13.8365758855      0.90409999757         200.740973606 
  256    167.987 320.121002  89.9408589808      1.71594172814    -23.470159968      0.91046457693         98.5242317691 
  257 353.053986 990.528015  59.0735845985      1.19098287247   -17.0499288957     0.786639033045         65.3089871661 
  258 131.397003 260.589996   104.60185123      1.94394827111    125.051855805      1.63241964925         58.8686011066 
  259 573.424988 301.869995 -82.4548152664       84.157322172    2212.55510401      29.1848409746        -891.617824733 
  260  328.46701 317.651001  7.64252271616     0.524253490142   -73.5802672375      1.08710126511         34.5518775916 
  261 634.059998 257.200989  116.774638335      2.13274634779    159.295462852      1.87285695411         58.5180119211 
  262 649.010986 297.225006  74.5893971756      1.37809287383    203.935907062      2.47265190568      0.00712259276176 
  263 663.184021 276.089996  188.753790199      3.46841818255    231.577042856      2.82177927952         104.062757384 
  264 661.117981 264.200012  307.832323407      5.53521176968     348.93660124      3.93771324068         180.221223525 
  265 522.642029 301.341003  55.3535892624      1.06810784765    121.219983948       1.5107277434         11.0217094186 
  266 512.439026 298.457001  56.8170898397      1.10540240555    142.705260022      1.70219755726         4.62773760298 
  267 506.898987 306.333008   62.671942985      1.18040980594    141.452078364      1.68275980363         10.9408971832 
  268 913.606995 296.346985  50.3426068984       1.0722476271    11.8235646571     0.746608763908         46.0185603952 
  269  38.752998 298.050995  114.769768787      2.36218826172   -41.4383252086     0.976577430014         129.924356292 
  270  499.36499 291.312012  51.2130239814      1.01374586502    120.636236537      1.49308852671         7.09462890505 
  271 514.903992 283.951996   53.785137697         1.05511088    135.640099529      1.69978342338         4.17961558343 
  272 519.469971 277.428009  66.2814106815      1.25723437338    122.007917804      1.52708143098         21.6613721703 
  273 523.640015 289.958008  55.0520571306      1.05340843596    134.260090581      1.60732857829         5.95122400388 
  274 241.731003 289.364014  133.910919965       2.5295039987   -28.4183196087     0.993127712275         144.303905422 
  275 153.572006 288.130005  61.4218139853      2.82855227714    20.2593187637      3.02053290978         54.0126916946 
  276 151.537003 283.845001   53.659487646      4.97016483346   -145.801136376      2.23849977425         106.981046092 
  277 938.609009 286.631012  26.6109337834     0.775781021001   -33.6071610098     0.878295062781          38.901552667 
  278 136.205994 284.910004  36.2476235302     0.820742709635    22.6046509709      1.29991412792         27.9807797466 
  279 686.106995 277.636993  119.082693276      2.21992570853    42.4975085915     0.945561902793         103.540747277 
  280 533.588013 279.210999  53.9197389566      1.04496208035    139.359706031      1.70257964474         2.95390360834 
  281 813.309021 281.914001  46.9927711962      1.10020973208   -59.7941307426     0.951969720797         68.8603390106 
  282 623.976013 274.118988  41.0076581698     0.868631485922    108.206825901      1.43496709004         1.43487612602 
  283 523.348022 264.285004  59.7563548843      1.09566127442    157.546901521      1.82752221447         2.13920232806 
  284 546.538025 255.835999  102.226925572      1.89636059545    163.948684419      1.90845706984         42.2685495565 
  285 887.159973 257.776001  1423.30938318      28.9793491724    213.900738552      3.09598371387         1345.08282737 
  286  83.012001    263.763  116.726252531      2.43181477119   -4.32826192687     0.694094849407         118.309159749 
  287 277.906006 257.273987 -5.04026285669      0.47278844582   -105.706389521      1.30749531892         33.6180738826 
  288 548.450989 243.716003   58.428322978      1.15708665729    129.398583322      1.57519648813         11.1054125058 
  289 936.817993 316.036987  19.4370047579     0.523915623102   -28.9449300593     0.695091843647         30.0225791796 
  290  37.740002 250.046997  14.2164262222     0.526333863843    -27.919484862     0.715264510197          24.426980686 
  291 498.617004 268.563995  96.2773574581       1.7910620611    123.135570526      1.53364094705         51.2449202372 
  292 590.202026 246.134995  56.2842492836      1.12864791817    111.380355661      1.40788938814         15.5508620705 
  293 709.672974 268.811005   43.760421328     0.897817998457    18.3710666175     0.778396149375         37.0418598222 
  294 665.718994 236.074005  53.5401545335      1.12675374036    58.7519010639     0.927157852693         32.0537450016 
  295 468.088013 240.164993  110.724139424       2.1920166543    29.0443762418     0.837527753186         100.102196113 
  296 745.216003 226.205002  122.969987074      2.34481884689     20.371512036     0.779371197472         115.519834101 
  297  530.69397 224.966995  55.5777339301      1.07391504538    66.4686137154       1.0249599608         31.2692123427 
  298 959.442993 224.899994   24.098744585     0.665419839225   -29.6607729075     0.803864483067         34.9461129626 
  299  66.370003 218.259995  7.10584818395     0.456095949695   -38.5939960692     0.875535868182         21.2202238893 
  300 731.491028 212.654007  66.6052933304      1.27618337985    24.6485941166      1.45719502049         57.5909503392 
  301  740.05603    212.625  47.2556549767     0.989030339086    60.3495545595      1.08522677568         25.1849607378 
  302 718.083008 214.817001  93.5297025453      4.39122063231   -125.116832067      2.68526301548         139.286715416 
  303 718.325989 210.307999  13.3115289218      4.51002393386   -113.963346736      2.30121739404         54.9895528709 
  304 395.924011 214.076996  22.5929748281     0.706061371071   -25.3921043291     0.800653934422         31.8792301256 
  305 324.032013 212.636993  26.2127810908     0.692636289601   -88.8977012596      1.25598548899         58.7239404086 
  306 703.640991 209.794006   51.483341625       1.0688349304   -55.6760652363      1.95623573735         71.8448740543 
  307  37.543999 212.802002  90.9945604964      1.77063201907    10.7837220946     0.874507248026         87.0507992732 
  308 288.458008 209.261002  9.41826509961     0.501294182166   -43.3448213932     0.915413540816         25.2700854948 
  309 108.003998 207.705002  20.3673142824     0.550778207007   -5.09379606354     0.679213442971         22.2301882714 
  310 431.325989 191.376999  77.9634649785      1.61214873733    54.2133905166      3.35395539384         58.1368535896 
  311    449.388 175.662994   113.48399828      2.07379284612    82.5335975657      3.27980177401         83.3002825984 
  312 802.304993 196.289993  202.501063846      4.03664976442    19.9181759226     0.770258417757         195.216702365 
  313 788.932007 184.175003  2359.56822487      47.0626332374    354.486840918      4.87661192682         2229.92732305 
  314 708.004028 193.261993  59.6410605433       1.2941397973 -0.0216086529549     0.738614397591         59.6489631364 
  315 835.580994    187.041  66.0591827165      1.25610133072    7.58397167049     0.759275896352         63.2856159341 
  316 548.982971 195.531006  62.6675610283      1.24170573807    6.96830572523      0.70578268408         60.1191520773 
  317 497.744995 181.639999   32.605409917     0.726920837565    26.6355009953     0.761043394406         22.8644266958 
  318  97.626999 177.533997  20.7658993677     0.531091726387   -12.6677076922     0.751020458458          25.398661038 
  319    481.638 174.186005  68.3219383074      1.48179965356    38.2457051759      0.80644627833         54.3349375573 
  320 144.929993 262.209015  72.9955485982      1.44963303225     101.82715367      1.45481170991         35.7559038273 
  321 740.692993 163.968002  64.4484771176      1.23835919644    80.6962283034      1.13987140446         34.9367136238 
  322 679.859009 159.988998  513.164522354      10.5060619832    97.2654506959      1.34095902041         477.593157528 
  323     82.513    159.263  106.568782523      2.03698977052    35.0336283816     0.775677197706         93.7564841435 
  324 888.150024 153.229004  205.784784436      3.92632360103    107.980995078      1.61970672458         166.294591951 
  325 452.223999 145.354996  86.0106688274      1.66373566819      45.49598352      1.00451296297         69.3721377115 
  326 513.757019 145.134003  55.0154572028      1.16690654105    104.190844668      1.67705729144         16.9113768669 
  327 508.601013 144.595993  102.321532969      1.94316385621     41.588923946     0.843045502779         87.1118693545 
  328 432.204987 142.529007  50.7286982704      1.10096266927    48.0772751738     0.944255685005         33.1461519211 
  329 103.496002 145.906006  31.3103132163     0.775948854504    15.6929448828     0.800981413147         25.5711790877 
  330    412.931 138.619003  543.610152453       10.774170024    165.413734217      2.18582824976         483.115986796 
  331 574.877014    156.291  160.161842934      2.94086717734     108.07810822       1.4662504986         120.636134785 
  332 863.674011 137.065002  95.7283179067      1.76898231484    77.5999135346      1.11931971683         67.3489209569 
  333  771.79303 141.067001  27.0323429883     0.718018538245   -1.10442038969     0.711040625177         27.4362453023 
  334      1.833 131.953003  28.0694184308     0.664396881403     16.005537368     0.573250808022         22.2159647648 
  335 522.476013 133.884995  137.464970747      2.67887849684    101.039830923      1.28095406243         100.513261152 
  336 632.653992 125.225998  2155.92090124      43.7747221414    346.110562138       4.9983656266         2029.34332423 
  337 535.046997 121.870003   295.92392532      5.39524565686    201.834624893      2.43826795271         222.110119645 
  338 481.417999 119.447998  80.9893306669      1.59773709137    29.9909956939     0.694859866474         70.0211950988 
  339 879.109009 119.926003  47.9747632744      1.02650019048   -4.74479956492     0.792857416227         49.7100042582 
  340 394.066986    121.084  4334.38212678      87.2999349866    678.153908321      9.42724603005         4086.37155459 
  341  49.481998  91.650002  286.470685686      5.20296771632    125.826208507      1.75196689455         240.454243718 
  342 870.655029     83.848  878.257202824      17.7660603196    94.7967473635      1.75059399644         843.588678074 
  343 548.827026 987.942017   191.00752956      3.70974058328    34.1638178582       0.9355086319         178.513333315 
  344 677.341003  73.751999  478.106561014      8.78609861037    242.556793457      2.95475306681          389.40007655 
  345 102.593002  78.071999  34.7475218572     0.771271251827   -13.0809318827     0.691096597619         39.5314055172 
  346 207.240997  78.030998  40.8879368324     0.860977869339    51.1131591006     0.887047026436         22.1951243614 
  347     84.708  73.973999  53.3086454856      1.07785812245   -3.78643007453     0.759557792811         54.6933970557 
  348     14.482  66.839996   425.29926727      8.70132781628    35.5945513264     0.929265180406         412.281831356 
  349  83.038002 982.585022  85.2134237602      1.64408052739    24.2525008662     0.839980910588         76.3439377292 
  350 443.042999 981.661987  30.4170551156     0.819553714618   -9.99574192321     0.742510725999         34.0726407332 
  351  544.27301  64.809998  65.7632883905      1.38344687621   -3.68327752804     0.772789298452         67.1103156008 
  352 439.811005 969.991028  64.0631396872      1.26663456775     18.067915916     0.744189318871         57.4554447236 
  353 450.067993  58.773998  91.8768895558      1.70644221401    50.5780623327     0.962514752955          73.379769617 
  354 808.031006  56.962002  138.039007027      2.72190295974    30.5974638294     0.858417745238         126.849077398 
  355 243.841995  59.314999  38.9323437028     0.812697538044    22.2980704574     0.918764859945         30.7776207927 
  356 723.940002  56.147999  43.5646706929     0.914080486172   -11.2507590216     0.699713651669         47.6792339922 
  357 170.526993  49.435001  35.7300457613     0.808807272206   -14.2219215182     0.701262041218         40.9312056308 
  358 119.322998     45.569  58.5398620476      1.20750935061    1.36348356277     0.663784833374         58.0412166303 
  359 673.432007     43.264  41.4937669087     0.834810090129    29.2576344602     0.874112673172         30.7938320204 
  360 837.049988 976.531006  186.906787199      3.37435128734    176.504493192      2.09391527818         122.356572546 
  361 821.867981 972.629028  134.018861794      2.50434400057    124.267891263      1.54358047053         88.5723187033 
  362  972.18103 974.689026  16.3962366572     0.508311587108    23.4823182268     0.627340795136         7.80841741998 
  363 478.106995  40.367001  14.0246609207     0.554899866498   -18.8178639397     0.788176002338         20.9066225901 
  364 213.149002 963.275024  125.735415295      2.29970748624    115.709478394      1.52537129797         83.4188060539 
  365 582.627991  37.040001  133.589594413      2.73267763399   -12.4349062455     0.709178648014         138.137217269 
  366 762.502991     35.076  23.2418689692     0.654646293076   -21.8691919267     0.764072686469         31.2397448739 
  367  82.397003  31.167999  16.2523297532      0.44354541023   -10.4289013747     0.605752957739         20.0663279703 
  368 253.128998     27.437  52.8151284028      1.12368759022     21.194174351     0.776040034937         45.0641160687 
  369 116.133003     23.434  78.8669351771       1.5936572868   -1.99129000412       0.6904632013         79.5951783786 
  370 743.700989      89.18  40.0144799297     0.908316244645   -22.6312451013     0.731725718104         48.2910495668 
  371 174.585999 972.830994  38.1992956414     0.783508005053    4.95691897645     0.734175663047         36.3864795586 
  372 570.250977 950.491028  86.6777215245      1.61690931404    105.946845926      2.34193851889         47.9314464429 
  373 562.614014 920.406006  30.2352689747      1.08370721741    -18.128664353      3.44121888515         36.8651805095 
  374  33.919998 954.606995  126.374802218      2.32838239817    117.668084966      1.66719547669         83.3419025733 
  375 347.919006 961.018982   16.468228873     0.599639814782   -35.3666936918     0.789629416829         29.4023339946 
  376 264.911987 958.215027  72.6430615809      1.47654671901   -26.6649811467     0.869035639044         82.3948261146 
