|  id|   xcenter|   ycenter|aperture_sum_0|aperture_sum_err_0| aperture_sum_1|aperture_sum_err_1|residual_aperture_sum|
|long|    double|    double|        double|            double|         double|            double|               double|
|    |       pix|       pix|              |                  |               |                  |                     |
|null|      null|      null|          null|              null|           null|              null|                 null|
    1 165.817001 290.996002  86.2453832017      1.67511727204   104.062694884      2.41905469142         48.1881690728 
    2 382.912994  58.875999  226.336597588      4.06463403496   612.760162986      6.74439100722         2.24145226779 
    3 913.508972  28.245001  85.7353365116      1.87790456548   90.5887342643      1.65779685818         52.6057422664 
    4 932.661987     50.757  610.031702564      10.8000280696   1093.73371854      12.2616482015         210.037656926 
    5 501.412994  57.442001  9474.56210291      195.185932586   1115.14332798      15.3053024453         9066.73825725 
    6 319.796997      13.63  236.644456852      4.27250811335   461.314462839      5.10423210734         67.9351675847 
    7    301.431      6.767  256.110697792      4.81172722982   319.537019585      3.73058452999         139.251444916 
    8 987.448975  23.905001  729.256963946      12.9178922439   1435.10645172      16.1218316002         204.418033033 
    9 422.341003  17.518999  115.353362876      2.28413867725   20.5115096816       1.1944376453         107.852010763 
   10 511.863007     14.934  229.955942281      4.63014075711  -9.20028937667      1.27649313263         233.320619538 
   11 400.260986  38.692001  317.687643146      6.21065241995    269.55194626      3.17984310743         219.108645657 
   12 388.869995     12.205  80.5089344896      1.57986947944   140.290396773      2.07298040932         29.2027322412 
   13      7.894      9.874   124.88911442      2.36893109813   76.0841290736      1.59888118183         97.0640615019 
   14 908.734985      4.503  193.025134049      3.65450396893   137.735717242      2.25719368263         142.653214601 
   15 727.018005      5.768  192.706971869      3.58382782681   108.166795879      2.29030022213         153.148829376 
   16 433.649994      3.683   274.16215167       5.6325732696   5.62608741358      1.19332046842          272.10461113 
   17 196.813995 952.414978  50.1880751843      1.20168870269  -10.1676612092      1.25974542203         53.9065341408 
   18  611.72998 997.578003  84.3329753615      2.10810584273  -12.0345710665     0.815984816458          88.734189923 
   19 311.919006 947.151978  877.477754552      18.5460132957    21.109390298       1.4926864206         869.757748957 
   20 831.166016 943.843018  2198.75498257      45.6802770726    274.81675994       3.9665728815          2098.2505675 
   21 385.333008  940.77301  214.561915804      3.98300350229   150.006352402      2.20918549641         159.702449783 
   22 327.104004 943.197021  67.8696641379      1.47682270935   -58.098445587      1.34762228627         89.1170956669 
   23  71.880997 936.484985  63.1625613218      1.38560183163   159.993907794      2.15295460347         4.65050361415 
   24 172.621002 940.585022  34.6412113259      1.04861009894   9.38798366515      1.34597927791         31.2078915855 
   25 251.003998 911.796021  268.542964473      4.87427215826   76.5573517849      2.66231398878         240.544847249 
   26 260.304993 903.705994  219.133917421      4.16653356915   -140.44686804       7.7026126266         270.497343447 
   27 262.778015 934.447021  309.648780332      5.74475594612   79.1627728105      3.77619780828         280.697823419 
   28 276.240997 922.575012  199.632985851      4.07596545975  -18.7556471156      4.85839439732         206.492193939 
   29 286.713989 904.396973  261.315062255      4.88150938278  -28.4482706675      4.63275913907         271.719001242 
   30 279.089996 889.682983   417.60020444      7.51847978435   724.265977469      10.8741827368         152.725789823 
   31    207.806 935.551025  29.3891989055      1.01411199842  -45.8882416443      1.30834985447         46.1711844211 
   32     56.473 928.791992  291.358131596      5.37552113743   305.208019739      4.40027462439         179.739198663 
   33  67.504997 918.517029  71.7632154828      1.46092244145   137.769516922      1.92877478854         21.3789350086 
   34 719.161011 932.572998   84.634200816      1.76529962146   35.2758636577      1.07521151971         71.7333135355 
   35  26.243999  919.76001  193.457144411       3.7820936948   106.912574189       1.6490022373         154.357688707 
   36 508.446991 914.599976  117.278254114      2.31572219925  -25.5614284073      1.41020231966         126.626433646 
   37 926.901978 910.025024  375.844130801      6.88644796387   345.269225557      6.21859077617         249.574242598 
   38  933.65802 905.864014  421.652051052      8.29420744553   285.065017588      4.82091231978         317.399701762 
   39 200.220993 907.244995   186.22027077      3.46504687235   13.9156003873      1.61558370599         181.131136914 
   40 715.530029 901.721985  506.531156527      9.29174771731   287.980324776      3.46881087021         401.212637752 
   41  94.345001 909.239014  92.0451714915       1.9566832893  -2.75328001758      1.32921126646         93.0520853265 
   42 782.799011 897.671021   70.559145271      1.61700030956   41.4154733969      1.38585327665         55.4129150001 
   43 424.608002 894.346008  66.6347509675      1.69975739705  -90.3643624697      1.58734371029         99.6822892422 
   44  86.815002 893.476013    82.80015249      1.78004144103    19.599579768      1.26543896948         75.6323061749 
   45    352.819  885.13501  598.806173033      11.0421835959   436.428855169      6.05063328954         439.197905999 
   46 213.264008 887.502014  466.864280247      8.88359445218   100.884344368      1.77617013075         429.969434306 
   47 236.225006 889.455994  16.7357351339      1.05500339278  -187.047160859      2.46735025804         85.1415539625 
   48 549.117981 875.538025   211.51457175      4.01213954378   38.8957875964      1.43846671173         197.289826572 
   49 697.833008 869.340027    126.8702193      2.33767797041   179.171585347      2.27872669278         61.3446109449 
   50 623.103027  874.26001  118.904748503      2.48859334926   27.1000809886      1.26956602477         108.993861741 
   51 986.955017  872.64502  182.829550924      4.07940754665   -19.771365423      1.19178152068         190.060221708 
   52 409.130005 872.182007  57.3051031142      1.38196052187  -49.3752657638       1.4426107586          75.362343165 
   53 863.997986 864.758972    196.9102924      3.95775908611   59.5113209344      1.38568590101         175.146152173 
   54 360.136993 863.380005   21.566327697     0.894312411359  -144.562687177      1.89855674585         74.4349675788 
   55  22.493999  858.83197   100.71723995      2.02787661619    18.123270448      1.44677714655         94.0893010437 
   56 952.379028 853.974976  199.055955406      3.71989818406    175.62849741      2.27888611845         134.826104925 
   57 739.630981 849.505981  213.361396299      4.15941923292   107.008141575      1.79684963826         174.226990237 
   58 912.883972 851.849976  102.060195697      1.99753164949   78.9936251396      1.49566436448         73.1710985028 
   59 168.548996 844.349976  3798.07779414      79.7583232993   443.544018251        6.713689283         3635.86741032 
   60 313.308014 848.015015  51.8915036035      1.25306545647  -13.1282547022      1.45862084726         56.6926938946 
   61  319.30899 848.442993  54.4224143531      1.25688769135  -46.8882398579       1.7361394447         71.5701135011 
   62 850.997986 839.786987  110.137333724      2.19161459328   108.824952817      1.70205675793         70.3384938365 
   63 831.627991 832.190002  85.6269060142      1.77432114241   98.1108318949      1.55623641535         49.7463732069 
   64 129.606003 821.567017  38.0872584168      1.06189614061  -79.0488880739      1.41731914082         66.9965660552 
   65 996.536011 810.627991  430.194797666      8.60805831735   88.5526938955      1.76737086958          397.80981247 
   66 785.288025 802.635986  780.414608968        14.02189223   862.104984592      9.65627023954         465.130500317 
   67 398.481995 809.271973   6.4591047312     0.775735034908  -186.454727504       2.3141221309         74.6482622185 
   68 680.726013 765.627014  660.859533349      11.7051601617   1651.15014615      17.9256466931         57.0103370406 
   69 890.330017 784.578003  105.891120774      2.16718082628   132.451243979      1.95109814489           57.45180869 
   70 423.071991 774.906982  167.879654541      3.35895600867  -21.6773069237      1.85270243256         175.807355359 
   71 773.750977 769.986023   135.97882372      2.54926297644    237.11284372      2.79685557951         49.2632694451 
   72     13.676 765.432983  582.528186877      11.8928186144   851.913088257      21.1807400912         270.971400314 
   73      6.965 759.216003   5129.3145229       104.98388623   1162.77076589       14.935400659          4704.0726428 
   74 351.941986  757.30603  7669.96240218      158.612877648   762.695394468      11.2764905523         7391.03380077 
   75 512.768982     760.75  72.3450841702      1.56774559293  -100.943019397        1.700551155         109.261388407 
   76 323.539001 786.325012   113.39099176       2.4522169178  -150.987153177      2.04582450487         168.609150637 
   77 964.760986  756.77301  135.954811368      2.70777647536   1.76600263562      1.36057526585         135.308958976 
   78 589.461975  747.97699  141.271518964      2.60089576441   65.1633766738      1.57382638648         117.440341209 
   79 993.791992 751.007996  40.4403528886      1.23386748671 -0.795195416733      1.04093548913         40.7311672125 
   80 859.164978 744.482971  1146.01634692      23.7543499057   223.414057581      2.90367240491         1064.31063443 
   81 525.679016 733.427979  545.466462986      9.98982793116   80.9241994213       10.492670042         515.871327198 
   82 518.491028  710.77002  564.584386868      10.1690406249   -201.19743154      12.8104683868         638.165161832 
   83 610.969971  730.38501   662.08345356      12.1232943642   532.988009531      6.34889882977          467.16212436 
   84 455.136993 736.482971  37.9283724063      1.43976112553   -192.72476326      2.36717839524         108.410571541 
   85     75.764 732.280029  283.363354685      5.14454018699    196.11877824      2.68127857879         211.639915786 
   86 680.333008 731.994019  122.952854177      2.30690717628   191.620166705      2.43127029617         52.8746217826 
   87 996.221008 730.572998  79.6523629089      1.75729998324  -7.78176658106     0.912648378237         82.4982661157 
   88     46.007 721.799011  160.045666825      3.02550934648   104.775568009       1.7338182492         121.727744811 
   89 861.176025 722.023987  116.948244399      2.29166197825   79.0870303941       1.4736538404         88.0249875687 
   90 838.632996 718.106995  290.088609141      5.65682410852   155.360654729      2.18321088757         233.270998269 
   91 803.817993 681.723999  9221.69950939      167.310517041    7216.7510526      84.3171383142         6582.43055301 
   92 795.357971 716.052002  105.755408381      2.34850969136   166.044143659      2.44122509368         45.0306929854 
   93 196.210999  615.22998  240.223003857      4.29253504207   630.991307562      6.92829714784         9.46046852028 
   94 272.645996 698.671021  131.288480911      2.49052765744   57.9873649075      1.40354682599         110.081673173 
   95  38.360001 545.211975  135.476868404      2.54911341511   287.997389564       3.5991171592         30.1521087922 
   96      7.374 520.179993  151.193230703      2.80757211514   354.976019769      4.26812824811         21.3734291879 
   97 997.211975 686.692017  1313.98317744      33.4270756299   231.754109647       4.3634104365         1229.22738877 
   98 528.223022 686.223999    733.9979689      13.6634225123   361.751754751      5.08168677336         601.700184306 
   99 561.578979 687.814026  57.8600406803       1.2370003718  -49.0320978192      1.41464460769         75.7917793113 
  100  95.959999 681.671997  1059.11573149      19.3175685557    741.44973261      8.43947210687         787.956972132 
  101    148.875 669.809998  142.060058411      2.79538364698   245.728239803      3.30386481967         52.1937307118 
  102 583.114014 676.619019   123.50167308       2.4535552843   28.3615138116      1.54981694717         113.129462315 
  103 305.789001 681.382996  20.0133899902     0.922195755862  -101.064950348      1.65898497881         56.9742861173 
  104 639.984009 671.539001  79.2893507557      1.69260023594  -19.0849286054      1.35274471216         86.2689817886 
  105  73.088997  645.52301  432.009374449      8.15611921996   393.039088296      4.36306687925         288.269365015 
  106 311.752991  660.06897  92.1041693667      2.00281745903  -31.5988302389      1.11792517154         103.660312997 
  107 262.786987 710.103027  45.4025394185      1.07257120507   10.3220645705      1.29080614718          41.627612947 
  108 602.289001 707.396973  116.867923886      2.38742477012  -38.0901710832       1.3866593161         130.798043596 
  109 201.845993 647.973999  1671.19171896      126.004895248  -650.658307009      22.7465590098         1909.14675695 
  110 213.660004 678.536987  291.297481251      5.18781431614   705.266840533      7.71254651802         33.3713224276 
  111 542.221985 629.072998  598.856772664      10.7297736939   685.238089138      8.24815205935         348.255414351 
  112 340.329987 706.021973  55.2411025566      1.74635857181  -152.699052272      2.03953014061         111.085327388 
  113 512.307007 636.122009  106.843165951      2.06395455782  -34.8481625179      1.64203130423         119.587636814 
  114 824.973999 620.099976  751.428533753       13.505069765   596.848372166       7.0294066397         533.152557647 
  115 512.077026  618.61499  711.224870772      12.8127428096   444.179075731       5.0717955995         548.782237362 
  116  99.300003 611.617981  450.604449775      8.19201344145   428.696046212      4.86279432897         293.824181446 
  117 969.606995 616.400024  116.267464988      2.54817687325   55.5989393476      1.35714572664         95.9341385984 
  118 698.262024  615.11499  106.529076826      2.47835513711  -33.6979589969      1.36045850958          118.85290183 
  119 963.348999 605.286987  96.7296275908      1.85355250238   152.701447399      2.06654461741         40.8845268279 
  120 780.862976 606.838989  136.459584034      2.63578485204    116.83319715        1.734861284         93.7320147902 
  121    463.263 607.578979  107.901727114      2.26006208346   9.71520458724      1.36010512019         104.348738008 
  122 577.708984 603.267029  91.0003667458      1.92751107098   64.1914361909      1.49850383284         67.5246415103 
  123 602.642029 598.643982  147.885164038      2.85844381798    98.793548455      1.70504704597         111.754952032 
  124 812.232971 588.033997  1150.75922831      20.8282454193   869.789379657      9.88951918529         832.664826609 
  125    554.388 567.004028  98.5793156367      1.91537715194   235.277470799      2.82237142446          12.534983459 
  126 562.421997 586.367004  150.872613525      2.80158540368   279.693313588      3.28133274434          48.584773127 
  127 786.005005  595.10199  108.900469977      2.10965371742   115.205479807      1.81579534547         66.7681802187 
  128 751.387024 595.435974  73.8104235754      1.66033173271   30.2006498044      1.28943290668          62.765614504 
  129 765.489014 592.163025  199.683816602      4.03358645956   53.8013797215      1.48036429914         180.007883447 
  130 792.104004 630.155029  10133.6596487      209.946589272   1398.71803824      18.2191018778         9622.12848039 
  131 901.992004 569.392029  124.542175659      2.28978397442   215.813097542      2.65616112674         45.6162428438 
  132    935.237 584.447998  116.166079835      2.20314917152   148.501010738      2.38723571151          61.857138765 
  133 932.736023 547.642029  335.923492953      6.07316785355    401.76099795      4.64991767443         188.993756559 
  134 921.098999 574.893005  138.474339122      2.56772914956   279.825839113      3.36443030583          36.138032246 
  135 916.294006 562.465027  143.772437638      2.61708859348    299.04316323      3.43328859887         34.4080807998 
  136 468.290985 574.630005  93.9748624519      1.89042855814   234.546866292      2.86657294389         8.19772277939 
  137  477.22699 580.088989  94.9937941596      2.00631210953   263.837132106      3.10114249859        -1.49521415342 
  138 498.052002 578.278015  118.320943227      2.18447947149   261.624423415      3.15379637115         22.6411540927 
  139 481.410004 570.573975  100.666037509      1.94483977815   262.795051735      3.10281238945         4.55813287458 
  140 511.644012 586.583984   137.31172508      2.56622213214   219.489649283      2.81271511547         57.0412247708 
  141  579.30603 566.091003  93.0000180349      1.77879276614    192.61385482      2.50895853525         22.5583797007 
  142 238.755005 577.208984  150.776500259       3.1260122217    1.2099325041      1.44014561437         150.334010657 
  143  484.31601 582.695984  106.411106236      2.09616241937   264.490120861       3.1764680735          9.6832906069 
  144 428.959991 578.554993  61.9729900338      1.48249473469  -17.1269934304      1.28697331769         68.2365762027 
  145 304.674988 574.942993    154.0244367      2.92092991979  -63.8494560287      1.63030935045         177.375094905 
  146 872.849976 575.023987  172.305431943      3.56786866512   28.2677196891      1.44314617257         161.967523028 
  147 325.824005 575.245972  3.55113367286     0.977543369241  -172.119934758       2.1883185332           66.49785267 
  148 159.453995  568.64502  353.694908089      6.76129526736   254.199184568      3.33832822523         260.730634876 
  149 446.710999 574.414978  51.8776566706      1.35700624965   112.878206534       1.8164020986         10.5964839954 
  150 405.955994 569.198975  86.8182822428      1.84205364213  -1.24918935624      1.29371645844         87.2751286359 
  151 944.398987  566.51001  152.238287525      3.61603338881  -269.391272805      8.70221629136         250.758524436 
  152 993.208008 551.760986  163.680572704      3.02172199212   572.381241896      11.3137390542        -45.6474243326 
  153 451.743988     567.75  68.3094946529       1.5050028484   146.514699103       2.2847096883          14.726976124 
  154 456.079987    557.625  193.468763778      3.90851939656   153.227231489       2.1459165959         137.431376262 
  155 439.337006 560.861023   213.61536217      4.02187764276   109.373805136      1.88587317521         173.615799149 
  156 966.505005 560.369995  150.879765221      3.13763524766  -487.341305054      8.96036972627         329.107442497 
  157  58.074001 558.820007  168.870754882      3.13392463202   273.309426061       3.2090903265         68.9175933512 
  158 879.067993 586.664001  170.136840625      3.29950485519   71.7434141482      1.54482752985         143.899249165 
  159 576.565979 579.038025  93.0671307292      2.00446987416   179.936949791      2.30834921874         27.2616176627 
  160      572.5 543.887024  135.381224774      2.58139418906   250.613567455      3.19708103152         43.7282629618 
  161 573.158997 520.205994  464.921629396      8.96247779344   321.796472277      4.43444139957         347.236062392 
  162 417.322998 552.080017  64.5612252467      1.41832564718    88.070194602      1.73481658856         32.3526969351 
  163 681.385986  704.08197  111.813568836       2.1928456959   63.3418644255      1.30517020031         88.6485441315 
  164  87.853996 549.289978  217.366857273      4.02875703989   222.436499505       2.7476308563          136.01865174 
  165  69.407997 521.117981  262.197866654      4.68516359617   462.810756075      5.35877362259         92.9413615754 
  166  70.762001 510.067993  212.472716096      3.91952907643   224.497251511      5.70068377964         130.370864115 
  167 833.351013 538.929993  129.388704406      2.51455048094   3.25810671337      1.36110187464         128.197168236 
  168  657.43103 541.677002  70.4632786896      1.96771083559  -118.211945445      1.83866473402         113.695075881 
  169 777.356018  528.77002  527.661279532      9.77505938974   140.518958905      2.81565169112         476.271488847 
  170 766.778992 512.583984  2348.80303102      50.7180545759   457.111449499      6.07826083126         2181.63084378 
  171 601.031006    535.513   60.970529662      1.46189560952   121.192220652      1.95618060691          16.648803252 
  172      543.5  523.36499  129.934850148      2.57314282121    288.08515274      3.56106882241         24.5779942894 
  173 539.241028 517.349976  152.876819154      2.89181319067   340.607530142      4.00580260428         28.3117795594 
  174 536.705017 511.572998  154.087678203      2.92926836781   212.407466444       3.2167337914         76.4072333316 
  175  93.837997 492.838013  354.956666214      6.43119760622   101.825194565      4.95953058064         317.717737916 
  176 118.851997 522.213989  389.538316928      6.90239920261    645.88502274      7.13211972018         153.328937183 
  177 113.614998 508.730988  294.489966249      5.35774493957   459.812412628      5.38179220872         126.329998202 
  178     88.736 527.077026  403.326734024      7.36497761088   271.192129423      4.43380163682         304.147898121 
  179 632.562988 527.273987  49.4545432787      1.24421663659   36.0735019738      1.18579761558         36.2619482711 
  180  35.581001 659.731995  7380.44053944      154.598631981   1555.62675799      19.4248825018          6811.5256108 
  181 386.157013 510.144012  72.1395041654      1.54491512855   76.0862155117      1.73119419443         44.3136882068 
  182 405.403015 461.177002  545.435067792       9.9829333119   449.083106432      5.11002872204         381.198960297 
  183     51.722     500.75  123.907315349      2.47817033004   122.198147284      1.86544841679         79.2177071996 
  184  64.535004  616.80603  180.166650918      3.24980236844   430.196171319      5.12756862517         22.8377654076 
  185 943.208984 494.983002  261.806511488      5.29809296348  -25.2824895707      1.41254436408         271.052679103 
  186 597.879028 495.906006  103.162567258      2.03447865059   171.075374807      2.37597721304         40.5978587569 
  187 368.644012 502.524994  1949.72863124       40.178249294   258.975498667      3.67188406176         1855.01759173 
  188 141.462997 483.873993  139.300339933      2.82732256104  -42.1325064918      1.39172808081          154.70879945 
  189 775.012024 485.372009  137.328921361      3.40486240103  -167.180704624      2.32985767918         198.469293338 
  190 457.885986 485.003998  87.0495170577      2.02862280448   12.2482446749      2.46223730436         82.5701590051 
  191     29.313 446.552002  821.369616219      14.6321384879   1539.16245014      17.5715179107         258.475920167 
  192 446.519989  481.56601  176.603466813      3.52993416388  -18.7340197583      2.23953346399         183.454765467 
  193  733.02002 480.462006  120.100505028      2.45993267469  -58.0396300369      1.47627570792          141.32642687 
  194 918.861023 463.303009  21.0459886912     0.722738674228   -11.933450933      1.04331648196         25.4102221752 
  195 892.114014 470.792999  231.865962561      4.26800583022   240.345414711      3.03372754021         143.968210895 
  196 368.329987 468.003998  148.008633151      2.86026335515   118.089188169      1.78030773376         104.821730049 
  197 699.955994  475.06601  269.726081335      5.53166102888   -134.42850308      1.98030197411         318.888505319 
  198 606.616028  470.57901  143.685682126      2.90134585824   101.933040396      1.75201557566         106.407313067 
  199      3.327 442.136993  268.276371579       5.3491152041  -472.279233952      13.6903484686         440.995634282 
  200 722.471985 454.813995  381.261668292      7.13554447812   132.956597475      2.92255973408         332.637541216 
  201  65.438004 455.627014  172.244927262       3.3841116695   103.483219328      1.86850078451         134.399635622 
  202 995.450012 459.447998  58.6859060771      1.54667597151  -49.4718732989      1.22469114503         76.7784768836 
  203 551.728027 453.664001  666.723759709       13.826633494   275.292742448      3.44418216009         566.045271042 
  204 945.802002 454.920013  32.3365978211     0.983147335546  -15.5624311386      1.30437012299         38.0280012089 
  205 116.179001  453.29599  60.5494285968      1.60171864135  -162.130121343      2.27350649611         119.842730116 
  206 234.783997 476.455994  37.6018812314      1.18984421179  -176.951509384      2.34279216555         102.315576092 
  207 396.707001 487.725006  431.214802557      8.35743605633   228.169207368      2.83291272623         347.770063862 
  208 377.760986 443.145996  54.1754194931      1.26222559601   75.6417924454      1.63109291487         26.5121353988 
  209  378.46701 491.553009  1060.63111805      22.0713657077   200.733177156      2.78213400623         987.220127543 
  210 110.918999 441.933014  340.539759838      7.14485405247  -90.2675976245       1.5830711756         373.551909826 
  211 514.846985 415.962006  138.180719907      2.59588259009   333.152750415       3.8448076765         16.3419997549 
  212 519.661987 426.830994  126.840202081      2.39944616924   288.450355364      3.38532742807         21.3497864054 
  213 544.367004 434.274994  124.901117014      2.30759509373   286.931927007      3.35026337078         19.9660122801 
  214  461.03299 427.757996  144.608630218      2.68304981934   347.368294284      3.96384412605         17.5710825948 
  215 457.848999 415.154999  146.603680263      2.65784917775   376.701183426      4.23609981942         8.83867603856 
  216 459.009003 503.651001  117.375422658      2.24420983493   10.1397292683      2.62424976659         113.667178812 
  217 392.764008 424.372986  170.996522029      3.24568450234   130.419921514      1.86638406413          123.30009359 
  218 812.473022 432.454987 -2.64652365789      0.81063891764  -207.945229049      2.62882411778         73.4020172516 
  219 500.692993 420.192993  145.992266731      2.75019268178    348.80454853      3.93488056675         18.4294604114 
  220 163.199005 427.570007   6.3718456081     0.552476588813  -86.7346995905      1.54885584721         38.0919643155 
  221 168.848999 424.027008 -1.32816703063      0.90541792202  -110.068671276       1.9557160892         38.9255184646 
  222 821.481018  423.13501  65.1585769834      2.00899343062  -195.614844443      2.41466885897         136.697720094 
  223 531.744995 431.766998  135.422903593      2.49043678402   297.701577272      3.45427170738         26.5491839053 
  224     31.086 412.937012  380.389252004      6.86716515926   261.208606257      3.30496254622         284.861533144 
  225  521.28302 401.908997  136.997785101      2.60279356423   270.618710179      3.16592530586         38.0286568068 
  226 325.425995 400.674011  12.4443897938     0.914638632549  -133.319997492      1.87778410605         61.2014174479 
  227      5.995 396.385986  226.738558725      4.40555136422  -26.8941380647      1.25538244636         236.574129217 
  228 557.872009 399.290985  144.869994408      2.70353838603   231.271456083      2.75175277829         60.2907190404 
  229 426.397003 410.053009  303.258212597      5.44240771784   336.033729229       3.8628352808         180.365877336 
  230 954.297974    384.444  328.483618952      6.39257569265   33.6044469714      1.53693280491         316.193992631 
  231  90.000999 383.783997  127.977541376      2.52692847668  -76.7869924507      1.70253888052         156.059641472 
  232 541.104004 378.647003  240.089867312       4.7368120492   308.111961945      3.53394092517         127.408921229 
  233 465.200012 383.121002  138.026343953      2.74856089759   182.713069461      2.31723252724         71.2055642645 
  234 437.393005 381.516998  119.077552821      2.49259317086   56.9963942334      1.44967062262         98.2331572158 
  235 627.835999 376.817993  173.622726354      3.16449070024   204.759426604      2.58272060759         98.7392789102 
  236 758.541992  370.03299   201.60701157      4.10055276275  -86.5286225905      1.52272806099         233.251764974 
  237 801.755981 367.106995     3186.38833      66.3952402411   228.137094297      4.16389116517         3102.95533551 
  238 408.442993 360.541992  370.904590857       7.0915149068   99.6362269604      1.85744631986         334.466199283 
  239 540.906982  361.95401  161.270524613      2.97935436236   363.069674686      4.06777560339         28.4907578707 
  240 533.801025 361.209015   154.20897003       2.8512166444   365.642040698      4.16453676052         20.4884522886 
  241 295.731995 359.882996  16.5946221635     0.738405907541  -151.302052545      2.04176186146          71.927944237 
  242  457.40799 358.753998  159.743622104      3.10830764395   81.9823450998      1.56047440091         129.761507325 
  243 514.094971 318.238007  143.921219943      2.68623915508   353.234931545      4.02222340573         14.7381592637 
  244 498.414001 323.117004  167.744782187      3.11547755288   320.626907413      4.13070522752         50.4869417619 
  245  479.34201 334.632996  191.114990179      3.48812011603   344.957274185      4.51437770053         64.9591870482 
  246 491.201996 347.899994  148.690542253      3.44057394857   278.151117323      4.04300674918         46.9667050609 
  247    506.819 345.463989  191.703997548      3.54012247771   316.053790106      4.25666135737         76.1186114519 
  248 535.010986 351.812012  172.163836454      3.13831420439   379.596732867      4.27534672584         33.3398884342 
  249 696.460022 338.463989  13039.6624666      270.214569734   1532.60028561      21.0179953112         12479.1686478 
  250 630.640991 341.595001  230.347312171       4.3614605821   289.633820342       3.3698705093         124.424086446 
  251 624.549011 334.630005  169.456307663      3.10391199008   387.495101313      4.80175047698         27.7438134682 
  252 234.186996 334.372986  7632.61932116      159.091352172   701.113463653      10.9528819888          7376.2121116 
  253 521.166992 337.860992  168.070622017      3.03066604174   307.594149029      3.56492570082         55.5790475152 
  254 820.679016 327.424011  263.007686823       5.0771203391   133.676025515      3.28846085888         214.120454634 
  255      5.444    325.763  381.322951487      7.37035926454  -16.6087911669      1.55619207628         387.397023686 
  256    167.987 320.121002  235.912124064      4.43830272488  -55.3200716781      1.55032402868         256.143464564 
  257 353.053986 990.528015  90.4603730958      1.96732643505  -71.2517267843      1.42872199404         116.518147463 
  258 131.397003 260.589996  151.697268275      2.87077572639    251.07577395      3.34167868561         59.8752709446 
  259 573.424988 301.869995  433.439675129      180.559640677   3858.12132735       53.647026607        -977.530410301 
  260  328.46701 317.651001  20.7111550037      0.96917246945  -147.483518932       2.0117263502         74.6479847847 
  261 634.059998 257.200989  256.574136475      4.64627616797   379.453714034      4.31688162112         117.802492486 
  262 649.010986 297.225006  144.985499515      2.71782518884    437.96996698       5.1855846417        -15.1863741229 
  263 663.184021 276.089996  740.775889069      13.6196357056   597.786803051      7.24019597656         522.156715382 
  264 661.117981 264.200012  651.464915816       11.705278584   766.878285686      8.87955640888         371.006571337 
  265 522.642029 301.341003  141.977650629      2.63828107369   293.260183577      3.43345399915         34.7282120636 
  266 512.439026 298.457001  130.171623613      2.41204954801   312.314626079      3.59580438854          15.953703219 
  267 506.898987 306.333008  146.444249385      2.68459493717   332.911669812      3.72995275985          24.693695854 
  268 913.606995 296.346985  103.547508607      1.98158135466   13.0483236057      1.26385184099         98.7755502595 
  269  38.752998 298.050995   225.56636927      4.70631140285  -86.3814138957      1.64430443532         257.157286351 
  270  499.36499 291.312012  122.569200342      2.40385255557   265.276414349      3.12556285262         25.5538259517 
  271 514.903992 283.951996  143.669482504      2.75632299659   324.742759311      3.82818978637         24.9064162415 
  272 519.469971 277.428009  147.322008079      2.73900060525   325.513453914      3.74704705643         28.2770877909 
  273 523.640015 289.958008  134.744676282      2.48221450468   299.627430077      3.48915741399          25.166644711 
  274 241.731003 289.364014  186.155223829      3.61162664003  -94.9762871049      1.96168155322         220.889408828 
  275 153.572006 288.130005  108.220039582      5.91326604514   15.8625723592      5.78729553678         102.418870262 
  276 151.537003 283.845001   149.01322783      11.4137225153  -350.289323044      4.76663152301           277.1190374 
  277 938.609009 286.631012  39.3609217183      1.08920615733   -58.455952204      1.51292662639         60.7390985243 
  278 136.205994 284.910004  120.856231769       2.2559692146   119.452605632      2.95956917424         77.1707074238 
  279 686.106995 277.636993  263.004413672      4.93285760657   148.909606271      2.13991911125         208.546043379 
  280 533.588013 279.210999  136.972802743       2.5997936645   284.669388459      3.33277295654         32.8651406785 
  281 813.309021 281.914001  36.0046867816      1.24013460884  -88.0031892311       1.5165818109         68.1887102718 
  282 623.976013 274.118988  131.477644274      2.49877261914   241.809188711      2.99182278327         43.0445695458 
  283 523.348022 264.285004  124.204182228      2.29673491547   310.588750966      3.60247559677         10.6174390178 
  284 546.538025 255.835999  196.299913571      3.59220690609   346.535094408      3.91545909088          69.567079044 
  285 887.159973 257.776001  5424.65577039      112.906412969   636.721376328      8.72141734654         5191.79766705 
  286  83.012001    263.763   262.27429102      5.38889546188  -40.3264029352      1.34289425162         277.022232665 
  287 277.906006 257.273987 -8.17259289124      1.10697357903  -203.282923516      2.51732386685         66.1708762802 
  288 548.450989 243.716003  140.538423502       2.6750592645   297.136562013      3.47756437702         31.8713379653 
  289 936.817993 316.036987  30.5953236562      1.16327635427  -75.7647393317      1.41454516474         58.3035711832 
  290  37.740002 250.046997   58.345012031      1.42722470781     -46.1541647      1.35211126943          75.224249407 
  291 498.617004 268.563995   209.63996079      3.83341759996    227.66399764      2.80897839606          126.37998451 
  292 590.202026 246.134995  123.030036329      2.35902525091   221.848101565      2.78544827748         41.8970163287 
  293 709.672974 268.811005  175.630903862      3.50939734324   53.4159142269      1.34955226687         156.095940945 
  294 665.718994 236.074005  149.358692156       2.9692262976   119.378343329      1.77156334801         105.700326595 
  295 468.088013 240.164993   167.49105333      3.50209954955  -7.18618351441       1.1674293539         170.119143301 
  296 745.216003 226.205002  203.156611114      3.96591935759   49.9014101805      1.34909139606         184.906952534 
  297  530.69397 224.966995  100.490244852      2.00532420808   121.038591592      1.90068565839         56.2247027843 
  298 959.442993 224.899994  28.3894750439      1.05722930727  -44.4615516399       1.3969361335         44.6496996437 
  299  66.370003 218.259995  44.3503342532      1.27449828783  -36.5850814457       1.3575509429         57.7300211819 
  300 731.491028 212.654007  221.801460945      4.11269431345    72.830400243      3.13281769863         195.166343142 
  301  740.05603    212.625  94.9620861863      1.89592401719   148.906588493      2.60299116565         40.5048195375 
  302 718.083008 214.817001  202.734780166      12.3189055145  -355.370705051      6.99013263015         332.698923727 
  303 718.325989 210.307999  120.504918315      12.7342541832  -385.558591302      6.17183114735         261.509203134 
  304 395.924011 214.076996  43.1247341991      1.25059613951  -74.8254555338      1.62954643175         70.4894722229 
  305 324.032013 212.636993  65.0077468336      1.87345987169  -127.167222706      1.87096361972         111.514616852 
  306 703.640991 209.794006  192.349246175       3.6196441331  -95.0225483311      4.51737540991         227.100349564 
  307  37.543999 212.802002  108.877271101      2.19610617287   12.7225809808      1.26421518021         104.224441485 
  308 288.458008 209.261002  18.1426644669     0.922571346802  -81.1047763612      1.64008903903         47.8038398219 
  309 108.003998 207.705002  50.3288858506      1.16514225744  -12.1838826769      1.23815329908          54.784705801 
  310 431.325989 191.376999  220.893628222      4.27227820791   150.005381911      7.89807540439         166.034517123 
  311    449.388 175.662994  322.134675865      5.78653350084   243.181757148      7.16952288333          233.19963325 
  312 802.304993 196.289993   618.93413641      13.0048048029   71.4168438221      1.65353175496         592.815976384 
  313 788.932007 184.175003  4209.65968719      87.2499463873   514.510234395      7.20099469859         4021.49594433 
  314 708.004028 193.261993  140.993139709      2.97808021397   41.5452861707      1.42199183315         125.799435053 
  315 835.580994    187.041  154.521110773      2.97018500277   10.9816521935      1.61325450204         150.504963685 
  316 548.982971 195.531006  141.152028283      2.76132722318   50.5438015861      1.35440244532         122.667437988 
  317 497.744995 181.639999    152.5371792       3.1085270151   45.5376238864      1.45759511202         135.883419608 
  318  97.626999 177.533997  59.5188881981      1.27479003948    4.8103839588      1.17342671795         57.7596620646 
  319    481.638 174.186005  103.782677837      2.25044011628   56.8060726906      1.21013523398         83.0078855387 
  320 144.929993 262.209015  147.954680477      2.90440203415   217.470040447      2.92448718333         68.4227799706 
  321 740.692993 163.968002  119.675821008      2.31088939478   109.830874146      1.66913609117         79.5091013203 
  322 679.859009 159.988998  1849.31229184      38.7780891888   272.308115935      3.74401574061         1749.72532373 
  323     82.513    159.263  174.630894006      3.31789755151   51.5693428271      1.41663003006         155.771248629 
  324 888.150024 153.229004  501.057524324      9.44124898432    245.82645065      3.78913594391         411.155279514 
  325 452.223999 145.354996  139.796397973      2.72021856789    53.552166448      1.37648466186         120.211605672 
  326 513.757019 145.134003  73.4477196098      1.72507820802   100.202370501      2.20514397239         36.8022812553 
  327 508.601013 144.595993  121.372003809      2.37554558952   34.6804935749      1.19156114053         108.688851873 
  328 432.204987 142.529007  65.3431850584      1.40496470091   7.39750043681      1.33507091276         62.6378134701 
  329 103.496002 145.906006  54.0989136496      1.24671743898    42.885565273      1.41295503716         38.4150497783 
  330    412.931 138.619003  1109.46288683      22.3066540434   270.854817063      3.68837760612         1010.40741088 
  331 574.877014    156.291  342.291837509      6.23500299235   237.691794474      3.01154914497         255.364552673 
  332 863.674011 137.065002   178.40412088      3.29491689403   111.678928379      1.75678933966         137.561541359 
  333  771.79303 141.067001  55.4840287034      1.30312323459  -34.9257270325      1.31200330521         68.2568660181 
  334      1.833 131.953003  55.0213058821       1.3281872056   26.4431704874      1.09626141507         45.3506606753 
  335 522.476013 133.884995  145.432915778      2.91105612899   98.2011853849      1.71923964836         109.519339409 
  336 632.653992 125.225998  7916.20553624      165.335910207   1004.75340834      13.9973294003         7548.75286119 
  337 535.046997 121.870003  590.091838188      10.7678507621   351.801090544      4.37366274736         461.433153647 
  338 481.417999 119.447998   113.84381482      2.35711804444   18.6939505783     0.870722643422         107.007170037 
  339 879.109009 119.926003  85.6032464478      1.81020168323  -7.27729732292      1.21078064667         88.2646580402 
  340 394.066986    121.084  15132.1509872      313.501049991   1759.74562693      24.3351673532         14488.5868723 
  341  49.481998  91.650002  658.973392574      12.1192193653   248.454500492      3.51362823573         568.110032394 
  342 870.655029     83.848  3020.30222883      62.7213385875   318.388611693      4.73128876031         2903.86296512 
  343 548.827026 987.942017  288.588165791      5.95207608183   11.8162968995      1.27953890217         284.266777211 
  344 677.341003  73.751999  1004.13877863      18.5822659326    454.94397235      5.58454079174         837.759268747 
  345 102.593002  78.071999  178.119257531      3.45973005261  -7.36031539676      1.34199292769         180.811030019 
  346 207.240997  78.030998  58.2980988651      1.35460731006   31.9360060479      1.36753739454         46.6186452247 
  347     84.708  73.973999   84.575379161      1.73689830671  -44.1850634428       1.2447337346         100.734488077 
  348     14.482  66.839996   1489.1923545       30.962988956     147.4826156      2.45453156098         1435.25585508 
  349  83.038002 982.585022  178.755266035      3.60247682142    21.849527551      1.32039939404         170.764581673 
  350 443.042999 981.661987  187.958971306      3.75105897877   87.9563482017      1.81801652076         155.792078249 
  351  544.27301  64.809998  86.2603353117      1.92282511808  -52.3636078318      1.43221780455         105.410454747 
  352 439.811005 969.991028  377.373554176      7.31236722001   174.274019121      2.30269612938         313.639055754 
  353 450.067993  58.773998  181.960660618      3.38764301473   84.1538509616      1.59264251649         151.184395123 
  354 808.031006  56.962002  652.272297243      12.8440182791   138.057186016      2.19267364093         601.782812071 
  355 243.841995  59.314999  61.8913478637       1.4442433735   51.5039384839      1.62938308414         43.0556217896 
  356 723.940002  56.147999  42.3367695918      1.15743444737  -43.9973113603      1.31106408136         58.4272148893 
  357 170.526993  49.435001  50.8165985234      1.28166650211  -8.88830196434      1.02684702372         54.0671775275 
  358 119.322998     45.569  78.9756670438      1.71338395801   24.4684391828      1.34748756083         70.0272092855 
  359 673.432007     43.264  56.2084693849      1.24527341183   34.9452461111      1.10670496666         43.4284936643 
  360 837.049988 976.531006    350.4695554      6.35845521957   325.347331687      3.86640819789         231.485388383 
  361 821.867981 972.629028  259.154782118      4.81759799557   201.769516251      2.56742987479         185.364787603 
  362  972.18103 974.689026  50.6994579893      1.28929465749   41.5807391373      1.09371544059         35.4927876763 
  363 478.106995  40.367001  86.3722017559      2.06133105736   10.4001616788      1.34615757613         82.5687140562 
  364 213.149002 963.275024  234.923731696      4.29061566744   202.517124577      2.63958615916         160.860326136 
  365 582.627991  37.040001  122.536844889       2.9102079842  -69.5798027971      1.40048371676         147.983172769 
  366 762.502991     35.076  39.2538025908      1.07373402936  -44.6908747059      1.28813718147         55.5978939118 
  367  82.397003  31.167999  47.5973900681      1.09346113889   5.45369167044      1.31635744467         45.6028971143 
  368 253.128998     27.437   65.506228718      1.39312639981   0.14911461779      1.10866094602         65.4516953721 
  369 116.133003     23.434  109.994386188      2.20422101525  -15.5223694757      1.27520045746         115.671138453 
  370 743.700989      89.18  46.9493533876       1.2133367409    -29.21295179        1.221451512         57.6329471851 
  371 174.585999 972.830994  46.3951303816      1.19215926737  -11.0638645075      1.20062856026         50.4413436872 
  372 570.250977 950.491028  211.121056518      3.82885088453   267.958659338      4.69098158016         113.124746817 
  373 562.614014 920.406006  136.669005567      2.88283488173   21.3469832609       7.3105620952         128.862108832 
  374  33.919998 954.606995  291.004641753      5.35113238308   365.930808967      4.46475465431         157.178517331 
  375 347.919006 961.018982  18.6185124537       1.0866485038  -76.5825750024       1.3697372866         46.6258541689 
  376 264.911987 958.215027  120.027059777      2.51169628642  -66.6942105565       1.7144023367         144.418085352 
