|  id|   xcenter|   ycenter|aperture_sum_0|aperture_sum_err_0| aperture_sum_1|aperture_sum_err_1|residual_aperture_sum|
|long|    double|    double|        double|            double|         double|            double|               double|
|    |       pix|       pix|              |                  |               |                  |                     |
|null|      null|      null|          null|              null|           null|              null|                 null|
    1 165.817001 290.996002 -9.74118072441      1.17301097031   37.6805630923       2.4121025684        -18.2398362713 
    2 382.912994  58.875999  198.485034911      3.66634067858   522.289742359      5.92567662125         101.372129441 
    3 913.508972  28.245001  184.729758764      3.56430384756   214.214919204      3.01080392756         143.950535243 
    4 932.661987     50.757  528.403575377      9.39550099451   915.900042424       10.239530178         359.316215038 
    5 501.412994  57.442001  4163.24184678      76.3024315468   2617.68364125      32.7222694268          3682.9711998 
    6 319.796997      13.63  195.328996346       3.4978773838   366.627760306      4.64025125236         126.679996165 
    7    301.431      6.767  231.081089734      4.19110494354    334.90459869       4.0630937641         168.232896249 
    8 987.448975  23.905001    615.4725481      10.9557124662   1176.53349256      13.6076247372         398.726499737 
    9 422.341003  17.518999  37.1154681042      1.21390666563   84.9907186898      1.96511271305         19.9658126766 
   10 511.863007     14.934  230.126345002      4.41528160081   89.9260860026      3.00679568548         212.074222409 
   11 400.260986  38.692001  190.362558787      3.50737588004   350.424092609      4.38293473048         124.676514985 
   12 388.869995     12.205  80.8734568196      1.69881349715   76.7668885959      2.20341252901         65.2275874663 
   13      7.894      9.874 -4.48974928045      1.09442709941  -42.1312792583      2.20970118625           1.605760631 
   14 908.734985      4.503  124.609441083       2.5669827072    35.845932124       2.3734440943         116.446260914 
   15 727.018005      5.768  128.557747577       2.3569474956   22.5108189499      1.76207352744         122.832988102 
   16 433.649994      3.683  226.635190497      4.29602940954   92.9055921786      2.09130672767         208.038243917 
   17 196.813995 952.414978   -34.53304156      1.03722150267  -127.803037533       2.1037165192        -12.7718387068 
   18  611.72998 997.578003  31.8827213726      0.91772919826  -77.7894816614       1.9557069359         44.4985882949 
   19 311.919006 947.151978  885.884245718      16.4272723982   533.519475317      7.86683842663         786.717903364 
   20 831.166016 943.843018  1553.99182537      28.6541022382   1004.86502691      12.9966932528         1368.63658215 
   21 385.333008  940.77301  90.3585793959      1.90093456574  -22.1543316457      1.64224541727         92.8011617439 
   22 327.104004 943.197021  13.3327853261     0.592140391128  -99.9141165709      1.80491499905         29.9942997747 
   23  71.880997 936.484985  76.9775694449      1.74709484402   160.033525171      2.59450248197         46.1058008321 
   24 172.621002 940.585022  42.9876058739      1.32834784218  -55.8122295175      1.56090596299         51.5847752613 
   25 251.003998 911.796021  122.990231258      2.44874182859   59.0857613716      3.43779432839         110.577482311 
   26 260.304993 903.705994  -6.8914081508      1.02119407304   95.4322994846       5.7665134778        -25.9503812095 
   27 262.778015 934.447021  202.706584255      3.90802127775   37.0069785004      2.74904611571         194.331098462 
   28 276.240997 922.575012  35.8913806008      1.09017190861   40.8415767821      2.74376416165          26.814711122 
   29 286.713989 904.396973  79.4726074569      1.68210516656  -79.8041802297      4.20836730013         92.4568764031 
   30 279.089996 889.682983  256.310539748      5.19594458572   391.008297087      8.78048509363         183.203384271 
   31    207.806 935.551025 -9.80019461182     0.896119560798  -157.215596904      2.39479406146         17.3393048119 
   32     56.473 928.791992  86.9697878291        2.324602917   44.1804739895      4.59817318947         77.2825771467 
   33  67.504997 918.517029    72.34571141      1.84225184568   265.149064036      3.54603326452         22.2528156905 
   34 719.161011 932.572998  20.4983277398     0.918540955311   98.8803762377      1.96947082746        0.808849217731 
   35  26.243999  919.76001  118.365356531          2.5630332   137.351760282      2.68385699983          91.641110641 
   36 508.446991 914.599976  84.6975960399      2.01551169294  -14.9350488475      1.79257705828         85.8200809619 
   37 926.901978 910.025024  287.586988202      5.28375835912   415.987866522      5.77427861239         209.912140028 
   38  933.65802 905.864014  355.291179196      6.56284276792    378.88329435      5.20543062793         284.401167076 
   39 200.220993 907.244995  60.3174937728      1.77506929793   65.9572317459      2.97662506531         46.6482473864 
   40 715.530029 901.721985  330.766501481      5.92687821303   366.454685278      4.41194577414         262.149149306 
   41  94.345001 909.239014 -22.9424676062      1.06551913265  -145.828308295      2.50363728257         2.11478475757 
   42 782.799011 897.671021  91.8363115182       1.7798632531   95.4576872827       1.7828920745         72.7726961193 
   43 424.608002 894.346008  54.0032872002      1.53617560718  -79.5390075701      2.37084725078         66.9390674315 
   44  86.815002 893.476013   69.355233417      1.65441770664   31.4068888611      2.01378884035         62.0037640152 
   45    352.819  885.13501  401.660413335      7.17710671304   292.777331623      4.86441266851         346.515491543 
   46 213.264008 887.502014  192.806177378      3.54107840956   85.1790579516      2.23763875884         175.622082771 
   47 236.225006 889.455994 -12.0833538054      1.30371857329  -99.3660542361      1.85568049902         4.47794353058 
   48 549.117981 875.538025  213.399107301      4.05282676681   175.801069545      2.53215847035         179.644130574 
   49 697.833008 869.340027  115.283847538      2.21363802513   231.273142744      3.08151474122         71.3854059975 
   50 623.103027  874.26001  38.4862055156        1.079751516   60.7954830424      2.03132755366         25.7608217492 
   51 986.955017  872.64502  153.890849609      2.93412612601   25.2738925819       1.4597922861         147.660842384 
   52 409.130005 872.182007 -30.7477006163      0.90516645002  -72.3240737718      2.09346386411        -19.1312225653 
   53 863.997986 864.758972  144.318186146      2.70770664951   131.376945322      2.58432951739         118.686477848 
   54 360.136993 863.380005  14.9606813662     0.783488233942  -175.400856503      2.35751291557         45.4254854025 
   55  22.493999  858.83197 -19.4160156496      1.33229798019  -55.3052968864      1.85194223177        -10.9115425147 
   56 952.379028 853.974976  161.708126427      2.99994742511   175.176325111      2.63131068391         128.067388682 
   57 739.630981 849.505981  104.888214859        2.247600731   131.869094294      2.12964212578         79.1665136065 
   58 912.883972 851.849976  52.6829403224      1.34125868333   64.7394680222      1.76872789266         39.2363707311 
   59 168.548996 844.349976  1596.45073895      29.5669013068   1121.23964047      14.7472212804          1389.8155664 
   60 313.308014 848.015015 -6.30267320279     0.778855070561  -59.7999937388       1.8791833196         3.02368735653 
   61  319.30899 848.442993 -50.5527393279      1.17313291198  -124.807818256      2.21511842153         -29.339233714 
   62 850.997986 839.786987  87.6909626951      1.85599909426   103.912848915      1.73056693901         67.0812605978 
   63 831.627991 832.190002  109.410713971      2.20269528959   132.924343034      2.18670041881         83.4960529486 
   64 129.606003 821.567017 -26.6596151791      1.01816569418  -52.4085833917      1.99162089903        -18.6848267975 
   65 996.536011 810.627991  202.961078176      4.02095496455   74.2932948004       1.6953781209         187.767523117 
   66 785.288025 802.635986  651.071867028      11.6339844012   919.095728151      10.4129556491         481.400152727 
   67 398.481995 809.271973 -6.82668696239      1.03943621701   -8.7260632983      2.06621694921        -6.83955939791 
   68 680.726013 765.627014   459.78384295      8.21461045726   977.723980037      10.7742741818         279.391534019 
   69 890.330017 784.578003  103.747345235      1.94762193504   213.983349758      2.70398270949         63.0104658408 
   70 423.071991 774.906982  159.314160652      3.07548122773   315.670405458      4.08808178175          99.983076787 
   71 773.750977 769.986023  95.8313373499      2.10527466206   262.619180693      3.31980695897         46.2010488704 
   72     13.676 765.432983  464.460268246      8.75419196683    1277.9340564      22.8437990542         229.172402494 
   73      6.965 759.216003  2899.83028653      53.0781452032   3296.68665785      42.5145385567         2295.39908794 
   74 351.941986  757.30603  3577.80374498      65.9571349255   2474.30406215      32.1291029332         3123.75107818 
   75 512.768982     760.75  60.5960588186      1.59636844381    61.739514845      1.86298237383          47.698052094 
   76 323.539001 786.325012   -8.583351803      1.54943582764  -103.195045894      1.97861224997         8.67810400753 
   77 964.760986  756.77301  68.5490342486      1.42821417928   3.81007947259      1.60893705119         66.2438385635 
   78 589.461975  747.97699  238.302060168      4.29407984729   175.473492693      2.50075568993         204.606983208 
   79 993.791992 751.007996 0.395307832015     0.803888546265   19.1720397722      1.27972382414        -4.71893202212 
   80 859.164978 744.482971  1151.28045928      21.2520545232   868.513083547      10.8548259259         990.858142851 
   81 525.679016 733.427979  184.022488028      3.83898006751   227.219013135      5.55832979979         140.865373045 
   82 518.491028  710.77002 -233.074067358       5.5934364004   238.269778131      13.6447689111        -278.251893654 
   83 610.969971  730.38501  446.169385051      8.04490893063   712.115382317      8.11769562715         314.345505418 
   84 455.136993 736.482971  69.7589948078      1.55758544788  -18.7348788741      2.38234991362         71.5763057919 
   85     75.764 732.280029  191.637200216      3.49647473041     258.8210991      3.44566625972         142.701418085 
   86 680.333008 731.994019  36.8312328087     0.960772065799   24.1488053232      1.55029288018         30.8069558252 
   87 996.221008 730.572998  48.6979086926      1.08357193132 -0.940262025964      1.40012057839         47.2613468816 
   88     46.007 721.799011  138.104645169      2.63050827051   223.023746671       3.1938206767         95.7146646246 
   89 861.176025 722.023987  198.691966615      3.82096654041   120.768689163      2.31282935842          175.00005373 
   90 838.632996 718.106995  160.294940652      2.93741525649    256.40304507      3.51045508457         111.801316972 
   91 803.817993 681.723999  7057.07816336      125.435437979   9198.39668517      102.940099448          5373.4771312 
   92 795.357971 716.052002  168.272646939      3.76215946903   279.578384715      4.15466962657         115.541246867 
   93 196.210999  615.22998  77.7048535206      1.71086928866   209.945818728      3.69629306878         37.7062655146 
   94 272.645996 698.671021  126.881264287      2.44195237085   154.828827586      2.40502045707         96.9612118043 
   95  38.360001 545.211975   171.75769818      3.34157304747   397.360138952      5.22065312838         97.4890630469 
   96      7.374 520.179993   189.73424987      3.74720725191    553.33151967      6.61908782882         86.9451336916 
   97 997.211975 686.692017  2186.36931057      49.3149348301   690.592575733      13.2291726421         2058.48102985 
   98 528.223022 686.223999  518.791653661      9.24584287863   650.914792669      7.83300907046         398.158738991 
   99 561.578979 687.814026  25.6533024161      1.11472394662  -35.0747108283      2.30972693699          30.458468386 
  100  95.959999 681.671997  721.118675446      12.9398229289   966.167596122      11.0088136916          542.83953386 
  101    148.875 669.809998  134.464166583      2.65106951859   336.899859169      4.58336430083         71.2511254682 
  102 583.114014 676.619019  52.3425007875      1.58305558773   67.7039149972      1.56061499442         38.3538608923 
  103 305.789001 681.382996  38.0282376001      1.27720652661  -2.91679051495       1.4170437304         36.9530981414 
  104 639.984009 671.539001  24.7481766033      1.13980448896  -52.4419907994      1.93762422761          32.729073768 
  105  73.088997  645.52301  346.126454299      6.39720819273   547.081658107      6.15276221266          244.48016995 
  106 311.752991  660.06897  207.956374216      3.82896271048   57.2163625126      2.43483116101         195.885458203 
  107 262.786987 710.103027  22.7366886981     0.923801684999   60.7136536875      1.84145422449         10.0262680137 
  108 602.289001 707.396973  112.176088915      2.26387273258   161.058749112      2.48038723148         81.1168507817 
  109 201.845993 647.973999 -2078.80298625      127.368624793    5554.5979811      73.7059388721        -3096.10939823 
  110 213.660004 678.536987  149.223977407      2.84255495957   358.338193294      4.48935363626         82.0907837657 
  111 542.221985 629.072998  433.914117348      7.73008080739   724.676698877      8.41732772459         299.793311258 
  112 340.329987 706.021973 -16.6473445528      1.31833658424  -64.1248655169      2.21555071918        -6.53015029695 
  113 512.307007 636.122009  37.9915654415      1.20258340032   27.6168827766      2.27734380658         31.3331257238 
  114 824.973999 620.099976   854.91800672      15.1587252884   1113.54990197      12.4378235152         649.688957778 
  115 512.077026  618.61499  493.215570668      8.81680785602   553.965414924      6.64305411612         390.310542214 
  116  99.300003 611.617981  345.629163534      6.25440415139   639.854277254      7.21978223387         227.018743112 
  117 969.606995 616.400024  221.310516488      4.47182385974   154.099141341       2.2756858575         191.523892347 
  118 698.262024  615.11499  139.811925261      2.69520352933   103.696705617      2.65996674723          119.24174651 
  119 963.348999 605.286987  136.390718306      2.71569641354    296.35917043      3.62975810868         80.5908317034 
  120 780.862976 606.838989  132.018269547      2.68926831422   210.320603801       2.7549524991         91.9511494133 
  121    463.263 607.578979  8.35112985303      1.15765164819  -18.3827311568      2.52065746447         10.1040481116 
  122 577.708984 603.267029  76.6858957553      1.89611510325   14.7131250088       2.6733402696         72.3870003151 
  123 602.642029 598.643982  75.5842458985      1.84648349817   20.0869617678      2.07014621999         70.3027060223 
  124 812.232971 588.033997  814.666315203      14.4807839027   1046.24983309      11.7699064574         621.743564571 
  125    554.388 567.004028  -2.2562936187      1.26054228103  -13.7221429422      1.90225432168        -1.35559720505 
  126 562.421997 586.367004  58.4405033131      1.82774650998   102.077837247      2.68951048958         38.1663462065 
  127 786.005005  595.10199  111.359647509      2.28549570192   206.011447627       2.9983599822         72.0804873617 
  128 751.387024 595.435974 -3.78653315536        1.121867067   67.5045005668       1.7287959045        -17.7387086976 
  129 765.489014 592.163025  175.249753732      3.34153485104   193.522014881      2.86292980193         138.254375572 
  130 792.104004 630.155029  6726.59416131       122.59314869   4697.50010651      57.6484259107         5866.01421782 
  131 901.992004 569.392029  167.337317827      3.12865953938    349.92117502      4.04378695498         101.743236099 
  132    935.237 584.447998  70.7783219479      1.58217560263   97.3283252356      3.26994554323         51.3726470376 
  133 932.736023 547.642029  248.944851603      4.63997842359   219.486519886      4.45536747914         207.201678243 
  134 921.098999 574.893005  160.298139752      2.98365854426   302.231426732      4.14180108072          103.42446914 
  135 916.294006 562.465027  157.021429743      2.92904654488   369.054795414      4.30423484453         87.9286288568 
  136 468.290985 574.630005  72.8968085914      1.69256288231   62.9459324289      2.37965929805         59.7781997943 
  137  477.22699 580.088989  7.47689634438      1.42270709959   115.910853794      2.63399744562        -15.3267266452 
  138 498.052002 578.278015  46.4442109284      1.65460323123   72.0476078698      2.34543078226          31.661295765 
  139 481.410004 570.573975  40.0359159077      1.18291439087  -38.7985720559      1.96376492332         45.5220165021 
  140 511.644012 586.583984    35.28405228      1.29082375271   70.9434772067      2.16309171831          20.703035295 
  141  579.30603 566.091003  2.68164504957      1.16664541959   155.684774996      2.56752481142        -27.3949235312 
  142 238.755005 577.208984  73.2641193603      1.55968549964   153.218020795      2.34344784803         43.6386144049 
  143  484.31601 582.695984 -18.3081027943       1.2199871401   89.0939620191      2.27644064216        -36.2080655736 
  144 428.959991 578.554993 -60.1739253476      2.14676200243  -153.835035762      2.55861382256        -33.6525856754 
  145 304.674988 574.942993  117.404016415      2.34144919756   65.8025893546      2.28165908035         103.763047495 
  146 872.849976 575.023987  131.725066577      2.89913967732   88.2321508097      2.23287965396         113.982692133 
  147 325.824005 575.245972  17.5228439129     0.879176854188  -5.27679048517      1.61687842458         16.8792473058 
  148 159.453995  568.64502  282.190356135      5.13611824486   406.439554459      4.78197996824         206.261485024 
  149 446.710999 574.414978  20.4014003113      1.13255178349  -54.6778047108       1.8813421195         28.7911320198 
  150 405.955994 569.198975  56.1697229261      1.34987967185  -61.5340735829      1.93444291608         65.8131723712 
  151 944.398987  566.51001 -101.353312881      2.42560128957   247.850706569      16.2985279117        -148.283080378 
  152 993.208008 551.760986  254.906622754       4.8455917941   616.306032932      9.81081399864         140.602167008 
  153 451.743988     567.75 -15.4833436242     0.893224791512   23.9159207237      2.45382654969        -21.4650359952 
  154 456.079987    557.625 -46.9789342355      1.60707638458   125.803397238       2.8605118325        -71.5914794548 
  155 439.337006 560.861023  72.2869593106      1.80456447214  -12.1660996125      1.94336223038         72.9031220868 
  156 966.505005 560.369995 -60.2744592325       2.2200316246   191.384880338       10.898603371        -96.8790470758 
  157  58.074001 558.820007  196.830541107      3.60214423856   313.114684068      3.91282713478         137.966789153 
  158 879.067993 586.664001  47.4201206597      1.07605676075   71.9788555283       2.4822652368         32.6497773531 
  159 576.565979 579.038025  66.4260992369      1.77087664399    114.48416986      2.58047898703         43.8833555953 
  160      572.5 543.887024  61.3778437537      1.60763780879   102.480572135      2.37219154884         41.0300436962 
  161 573.158997 520.205994  271.670838085      5.00792420607   179.837690633      2.71030477851          237.17773636 
  162 417.322998 552.080017  3.12059305734     0.703366928581  -61.7262388685       2.0652668621         12.7991812975 
  163 681.385986  704.08197  95.0396956632      1.94340647871   96.1550798039      2.00428392074         75.8485570605 
  164  87.853996 549.289978  200.022206341      3.58336897174   210.301280266      2.97730923732         159.958619654 
  165  69.407997 521.117981  101.168674981      2.44597026701   139.742009862      5.11881944707         74.0073548816 
  166  70.762001 510.067993 -39.1304415762       2.3240597769  -213.094976557      8.31046222946        -1.77299844439 
  167 833.351013 538.929993  101.699785471      2.17749362829   39.4261110779      2.08436202473         92.8819440065 
  168  657.43103 541.677002   30.035316743      1.28755384761  -55.9042007943      2.13818763495         38.6493037353 
  169 777.356018  528.77002  366.744975551      6.56496168056   198.778829686      4.01487476374         328.788351255 
  170 766.778992 512.583984  4370.80512043      80.9419658904   3428.28267081      44.2861137848          3742.3106509 
  171 601.031006    535.513  30.1814992203       1.2381987345   12.1189034903      2.53193853773         26.3569757148 
  172      543.5  523.36499  81.4927308429      1.83059464419   221.871151685      3.65241320616         39.3135105247 
  173 539.241028 517.349976  159.447055842      3.07470578233   472.507493806      6.06143058224         71.4371901074 
  174 536.705017 511.572998  260.431949901      4.92463622064   596.985876739      6.92033538014         149.660322716 
  175  93.837997 492.838013  128.352304166      2.91009420866   -184.48282515      4.78148192854          160.47781104 
  176 118.851997 522.213989  428.059760724      7.66890459506   718.792096877      7.93734577729         295.014996143 
  177 113.614998 508.730988  176.841786445      3.24116060149   304.675736634      4.60545514677         119.521156307 
  178     88.736 527.077026  145.502913927      3.40235098061   -31.880004354      2.97324571496         149.723904999 
  179 632.562988 527.273987  38.9846572467       1.6298317943  -83.1420558357      2.38839755985         52.5792805895 
  180  35.581001 659.731995    3259.374719      60.1786981469   3023.08297382      37.1693706305         2704.97390835 
  181 386.157013 510.144012  34.3940817873      1.05602479028   57.6588875526      2.22406328432         22.2422469105 
  182 405.403015 461.177002  378.555870283      6.79363932894   398.274334806      5.13728671064         304.120067908 
  183     51.722     500.75  47.3470702954      1.62016086077   82.5275961561      2.56702209006         30.6478144168 
  184  64.535004  616.80603  270.803051436      4.92590625226    586.29935172      7.00044464326         161.985531683 
  185 943.208984 494.983002   192.66129782      3.65126865977   69.5012241584      2.24978497866         178.344007106 
  186 597.879028 495.906006  68.1466708501      1.86980219798   39.3313978203       1.8849886025         59.3461483815 
  187 368.644012 502.524994  1400.16162295      25.4514494982   921.776817473      11.9995919125         1229.99965232 
  188 141.462997 483.873993  89.5376990954      1.83840101536   105.070968968      2.48283902582          68.716226474 
  189 775.012024 485.372009  253.023741325      4.70125176168   98.7184432399       2.2129914743         233.363873408 
  190 457.885986 485.003998  23.9516651354      1.59911891074  -2.20914757674      2.97580100813         22.7471281108 
  191     29.313 446.552002  467.447941108      8.37976402873   686.787901549      9.47294386296         340.255372243 
  192 446.519989  481.56601   53.475662767      1.73440350203  -184.186639896      3.52425582658         85.5470100521 
  193  733.02002 480.462006  23.1066811889      1.01749040421    1.2227127386      1.88887511897         21.2746039923 
  194 918.861023 463.303009  44.1623003067      1.45047606576    58.550672401      1.79876565038         31.8473962005 
  195 892.114014 470.792999  231.351365206      4.18245935134    238.29340538      3.04891429555         186.169218498 
  196 368.329987 468.003998  71.6188486526      1.61881385376   129.858940749      2.20764131873         46.2647183341 
  197 699.955994  475.06601  343.498153739      6.18974383022    106.27860474      2.64438068452         322.455856291 
  198 606.616028  470.57901  99.8357922963      2.02439099406   87.7881238574      1.86404644567         82.1746113523 
  199      3.327 442.136993 -367.944654386      8.10725817046  -22.8062780776      19.7478411192        -365.382858977 
  200 722.471985 454.813995  166.686578511      3.08044452549   188.335170684      3.17476727091         130.639651861 
  201  65.438004 455.627014  218.623429425      4.01520808111    312.23035414      4.08188195771         159.921383515 
  202 995.450012 459.447998 -11.5726260529      1.69992651516  -49.2517556762      1.30696852677        -4.17508616788 
  203 551.728027 453.664001  449.202117959      8.40936348781   285.831611935      4.76196599119         395.327270624 
  204 945.802002 454.920013  31.6550945103      1.41186928645   69.0868445089      1.80569348729         17.4135760758 
  205 116.179001  453.29599  63.6296534908      1.61599185552  -36.8654398027      1.99869515004         68.7622670447 
  206 234.783997 476.455994 -14.8527933178      1.57823330108   -80.704878577      1.57273491596        -1.70382524518 
  207 396.707001 487.725006  592.272313365      10.7699024718   465.249037397      5.48950531897         505.589708231 
  208 377.760986 443.145996   20.069072826      1.13037291372    3.4055310716      1.75454546831         17.8378517057 
  209  378.46701 491.553009  1357.67326417      25.2059113702   1000.56406667      12.2319927583         1173.10448225 
  210 110.918999 441.933014  221.931193182      4.41600399788   162.229932882       2.9146434453          190.65779573 
  211 514.846985 415.962006  29.1244121117      1.44434663178    160.47109757      2.28615451999        -1.82736973976 
  212 519.661987 426.830994 -11.0332193472      1.17217595018   124.040454486      2.67144302334        -35.3233978918 
  213 544.367004 434.274994  54.8363479013      1.39308511656   139.592062083      2.28801988209         27.7024468246 
  214  461.03299 427.757996  26.9680956904      1.23529177533   10.5586567286      2.41003114754         23.4288744499 
  215 457.848999 415.154999  71.8757635411      1.63538279819   152.245740187      2.50061252458         42.4280470398 
  216 459.009003 503.651001  98.2916723265      2.11736639841   82.0544048153      2.49439850351         81.6789428645 
  217 392.764008 424.372986  110.181882824       2.3140009294   58.2467990023      1.98005128411         97.9225441397 
  218 812.473022 432.454987 -23.5198385266     0.777419193305  -118.596592402      2.30173265235        -3.44209992604 
  219 500.692993 420.192993  38.1873153479      1.04406853721   131.694025789      2.48243580844         12.4976266222 
  220 163.199005 427.570007  7.01413247109      1.06256374905   75.1696548561      1.84703505034         -8.3396712841 
  221 168.848999 424.027008  32.2818131389      1.07169919845  -15.4676302968      1.83576516833         33.5016843832 
  222 821.481018  423.13501  3.55284523944     0.932091555491  -142.876408493      2.46181804021         28.0703216396 
  223 531.744995 431.766998  88.6448565816      1.91962672224    120.08064408      3.02842257881          65.078757654 
  224     31.086 412.937012  334.719177412      6.08407187689   419.192915181      5.17195929311         256.458263197 
  225  521.28302 401.908997   78.358029907      1.88237308609   174.740891464      2.35160724624         44.7969143149 
  226 325.425995 400.674011 -25.3032974885      1.12802177514  -156.770991784      2.14266796245         1.75490271339 
  227      5.995 396.385986   222.73979879       4.2831280524   161.885120541       2.9308467239         191.529452738 
  228 557.872009 399.290985  107.498796177      2.11975339004   252.791387252      3.14826539472         59.6655899269 
  229 426.397003 410.053009  204.276789191      3.76719290932   215.036507922      3.21829450169         163.347332303 
  230 954.297974    384.444  502.486985727      9.07617703944   422.482567524      5.30786044884         423.624535084 
  231  90.000999 383.783997  36.6524929281      1.27978902971   11.9523370531      1.81323094971         32.8584272855 
  232 541.104004 378.647003  145.303315645      2.78050211407   274.258809637      3.43512226578         93.5446378725 
  233 465.200012 383.121002  18.9348353649      1.41367525663   72.4338612863      2.01494336292         4.08129100532 
  234 437.393005 381.516998   30.510653038     0.841564105692    76.562488991      1.87902166873         14.9021596124 
  235 627.835999 376.817993  125.455432899      2.44626631132   202.775958014      2.73355849242         86.7679051383 
  236 758.541992  370.03299  228.921138525      4.33262956188   83.6713242082      2.32514159322         212.012743803 
  237 801.755981 367.106995  1391.02455214       25.639433454   744.494312512      9.82805249494         1253.27995384 
  238 408.442993 360.541992  200.187216752      3.71234860754   177.897877108      3.02902486762         166.048823785 
  239 540.906982  361.95401  145.211385926      2.76180875338    202.63263113      2.87248577434         106.550066509 
  240 533.801025 361.209015  39.5569982684      1.31302866252   283.027666304      3.88499949644        -13.8051275801 
  241 295.731995 359.882996  20.9812022662     0.938424262094  -139.177092903      2.44255682911         44.8222323869 
  242  457.40799 358.753998  80.4198186396      1.90530020778   116.059170079      2.20544617925          57.589074958 
  243 514.094971 318.238007  68.4678750609      1.51586883799   146.132880084      2.49051382528         40.1379386926 
  244 498.414001 323.117004  185.452719159      3.49993702628   322.093132422      4.39546195887         124.947193792 
  245  479.34201 334.632996   179.06538719      3.41130810499    432.41810299      5.45934374972         98.3861529188 
  246 491.201996 347.899994  155.876128027      3.55508287145   282.914978811      4.36345666301         102.534607891 
  247    506.819 345.463989  242.383029168      4.56873178087   325.938341259       4.7390110336         181.174379899 
  248 535.010986 351.812012  60.7836906823      1.62081657379   332.822070272      3.96628993036        -1.68369760603 
  249 696.460022 338.463989  9616.93844151      175.570810848   6410.50608387      78.7029960343          8443.1231193 
  250 630.640991 341.595001  256.534281475      4.65826073748   408.844730196      4.82136036789           180.1656068 
  251 624.549011 334.630005   223.57438579      4.13255723728   282.089505761      4.35664990443         170.383809298 
  252 234.186996 334.372986  4511.89021305      82.9167896903   2966.34577312      37.8680941254         3967.86420482 
  253 521.166992 337.860992  146.641075921      2.69586164557   264.927025555      3.62319486771         96.5887815239 
  254 820.679016 327.424011  164.201411541      3.33958118549   222.303836367      3.13837624894         121.943071738 
  255      5.444    325.763  203.096541885      3.89702194369   58.8540497793      2.66891295679         190.726163058 
  256    167.987 320.121002  177.249823063      3.46917211099   52.4803094946      2.05287571508         166.044928174 
  257 353.053986 990.528015  28.8667626579      1.16337715913  -111.791761175      2.31170257094         47.7001892627 
  258 131.397003 260.589996  182.047413665       3.3513036285   305.251557056      4.05531797872          124.62149065 
  259 573.424988 301.869995 -5278.71234014      226.091126782    10110.047915      112.166796207        -7129.01531146 
  260  328.46701 317.651001  47.2116272561      1.27586048676  -1.28232119318      1.87935684362          45.837613407 
  261 634.059998 257.200989  181.854311209      3.50996718323   337.255503337      3.90405715594         118.576238017 
  262 649.010986 297.225006  188.216946768      3.39213414541   387.082060071       4.5389646179         115.827731773 
  263 663.184021 276.089996  892.261461165      15.9188825786   1052.00090877      12.0616304208         698.287085265 
  264 661.117981 264.200012  615.063416545       10.917072517   1122.51218649      12.9830435439         408.195549862 
  265 522.642029 301.341003 -12.9106589304      1.44648477411  -84.2198574319      2.64423408149        0.881048132806 
  266 512.439026 298.457001  61.1627951775      1.36671964453   172.345498072      2.43760370749         28.0396943773 
  267 506.898987 306.333008  74.6386772435      1.66197676891   133.562200146      2.38126713671         48.6073794925 
  268 913.606995 296.346985  62.5215816877       1.2655767832  -17.7459416502         1.88278779         64.1580584365 
  269  38.752998 298.050995  147.775301607      2.95023588827   34.2959877197      2.72803206405         139.895539843 
  270  499.36499 291.312012  81.8342368561      1.68160663631   176.915480211       2.6369597517         47.8754821789 
  271 514.903992 283.951996  74.6127400555      1.49954452923   172.839286065      2.70628697794         41.3993465936 
  272 519.469971 277.428009  48.4055941614      1.33585696235   227.496464558      3.03441059689         5.19774520353 
  273 523.640015 289.958008  41.2324872823       1.4328202729   2.08864491369      2.60958732473         39.2420682023 
  274 241.731003 289.364014  101.654975442      2.10417710182   28.2231303601      2.09656933277         94.8856790228 
  275 153.572006 288.130005  143.900880782      4.43297239121   202.278393203      5.89930217246         105.304336301 
  276 151.537003 283.845001 -194.337094695      10.1046279028   107.988011943        4.200664862         -215.69196946 
  277 938.609009 286.631012 -48.9831445713      1.25861889744  -12.9260756986      1.53111228616        -48.2280147394 
  278 136.205994 284.910004 -68.5164862579       1.7781780942  -19.5756866989      2.95605493831        -66.5454275573 
  279 686.106995 277.636993  159.422816748      2.94965863914   277.328817934      3.57273326313          107.10276603 
  280 533.588013 279.210999 -32.4788572608      1.28044397397   73.6397257651       2.2940258342        -47.5529025536 
  281 813.309021 281.914001 -41.0670708267       1.2465236916  -129.061239147      2.28104314003        -19.0757968214 
  282 623.976013 274.118988  27.9578516295      1.14381356331   16.4001458853      1.88966442198         23.3504723718 
  283 523.348022 264.285004  37.6305066207      1.25792472055   230.131260441      3.03391817103        -6.05913358427 
  284 546.538025 255.835999  58.5066749574       1.5167720951   132.931176004      2.79901977052          32.590764478 
  285 887.159973 257.776001  4271.37802469       77.789803145   2791.61398928      34.0907651884         3759.30297121 
  286  83.012001    263.763  156.327360429      3.37309386195    113.26173167      2.82950370904         134.008148343 
  287 277.906006 257.273987 -23.0985894302      1.56111517485  -64.8013751472      1.81772388705        -12.8576905563 
  288 548.450989 243.716003  91.9369829727      1.75812937372   313.427245394      3.84167763058         33.0160769477 
  289 936.817993 316.036987 -1.40349219588     0.755893204838  -27.7144086969       1.6530283549         2.05578995578 
  290  37.740002 250.046997   21.854749356      1.13875689361  -116.064147993      2.20657936951         41.4694124075 
  291 498.617004 268.563995  211.382087733      3.87379727605    302.25362961      3.89146235145         154.504357166 
  292 590.202026 246.134995  13.4441048689     0.768905435057   105.973260389      2.79275019559         -7.5423581838 
  293 709.672974 268.811005   178.71864241      3.28074738157   217.890795164      3.52526564706         137.267258713 
  294 665.718994 236.074005  75.5265820735      1.64441945297   183.983884455      2.83255954203         40.2753191917 
  295 468.088013 240.164993  118.110561051      2.31657029051   91.0127720184      2.08600012583         99.8597301575 
  296 745.216003 226.205002  214.341823292      4.00969273131   163.508524458      2.93984148133         182.834626238 
  297  530.69397 224.966995  97.4903303836       2.0054682392   53.2764863735      2.07535149956         86.1398488652 
  298 959.442993 224.899994 -21.8730364307      1.12780809928  -172.315887425      2.50879345785         8.02765897403 
  299  66.370003 218.259995 -20.0337998516      1.12746033023  -116.526652766      2.00074613425       -0.334564498829 
  300 731.491028 212.654007  84.9515368396      1.65450927041   35.9579089694      3.33463898439         76.7678809037 
  301  740.05603    212.625  130.414793145      2.56604871052   164.669769967      2.33680037648          98.695254055 
  302 718.083008 214.817001  210.911820732       6.7267080791   79.5313048294      7.37365027468         194.760458125 
  303 718.325989 210.307999 -84.5256391069      9.43041135126  -25.5345310987      4.02295590074        -81.4649631446 
  304 395.924011 214.076996  70.9096435459      1.54828270761   95.0451649886      2.22639470386         51.9214607951 
  305 324.032013 212.636993  78.9727083133      1.59318286028   92.9566702938      2.30870918035         60.3664217352 
  306 703.640991 209.794006  34.2144878175      1.58832872923  -170.098865052      3.88108523318         63.7097848454 
  307  37.543999 212.802002  53.0453020429      1.10659476826  -43.0136813821      1.82922600133         59.3021654855 
  308 288.458008 209.261002  13.5378567716      1.29760946905   8.10300252956      1.83681088232         10.4476694418 
  309 108.003998 207.705002  9.14512302986      1.00377268101    24.729702774      1.91807569086         3.01462479826 
  310 431.325989 191.376999  -60.589393524       2.5037985736   95.0921335112      4.82930032355        -79.5861648047 
  311    449.388 175.662994 -13.5116599853        1.711731969   122.653248014      4.48181315068         -37.548177918 
  312 802.304993 196.289993  424.294828546      7.94775838632    201.49521477       3.1055223372         385.841493836 
  313 788.932007 184.175003  2023.92420738      36.8024196179    1199.1145127      14.8548528368         1803.04905819 
  314 708.004028 193.261993  122.881073445      2.47991062669   -3.3064360537      2.43209706617         121.877183456 
  315 835.580994    187.041  165.583759841      3.23808691593   117.353336845      2.24483226732         142.516368522 
  316 548.982971 195.531006   161.37234694      3.25977550273   156.350605244      2.27994557589         131.174026542 
  317 497.744995 181.639999  281.774660349      5.10970956011   306.283581982      3.62549827214         224.160024205 
  318  97.626999 177.533997   40.667155799      1.07271802464  -49.8649387549      2.27090068758         48.1768205898 
  319    481.638 174.186005  141.793632979      2.98566264379   90.7748190908      1.95055932584         123.586313478 
  320 144.929993 262.209015  117.430877789      3.12342093148    237.07659366      3.72658943442         72.4712337952 
  321 740.692993 163.968002  61.4917233332      1.60171851179   3.15738367262       1.6178547667         59.3058777373 
  322 679.859009 159.988998  1814.67463978      32.9036231567   1118.11636574      13.6534821749         1608.61058032 
  323     82.513    159.263  100.602059999      2.16532123183   19.5970605238       2.2155335161         95.4101020642 
  324 888.150024 153.229004  311.692544843      5.57410129131   226.195143891      3.21421493212         268.722651665 
  325 452.223999 145.354996  190.864388417       3.6680410056   162.223855857      3.18551540386         159.592102193 
  326 513.757019 145.134003  105.035293557      2.08680640131   273.763894984      4.08151329892         53.3671144638 
  327 508.601013 144.595993  186.125489677      3.59702510463   167.412600559      2.74592972726         153.904404422 
  328 432.204987 142.529007   52.709670104      1.40744209167   142.997801166      2.45493480967         24.9530053092 
  329 103.496002 145.906006 -57.0491969038      1.38838566016  -36.5049988144      1.74585268035        -51.9824925593 
  330    412.931 138.619003  668.760559104       12.106020656   696.658466425      8.51956838726         539.763086948 
  331 574.877014    156.291  209.591014476      3.83622845934   304.354368497       3.8365913377         152.329148798 
  332 863.674011 137.065002  82.9626943507      1.85064969032   66.8339287844      1.78910553845         69.1331376486 
  333  771.79303 141.067001 -13.6835970531     0.854243802667  -77.1635957164      2.03081870817         -1.1821778465 
  334      1.833 131.953003  38.3384673991      1.33776727787  -49.5821335105      1.26117480607          45.796419231 
  335 522.476013 133.884995  86.7709533824      1.92758828242   117.670228391      2.44508566962         63.6456161808 
  336 632.653992 125.225998  6791.50415655      123.878638333   4432.29773062      54.7261351726          5979.4183618 
  337 535.046997 121.870003  421.982348942       7.7190907692   485.073490386      5.68908955338         331.674700976 
  338 481.417999 119.447998  182.991650272      3.62838059035   83.2517996761      2.11759973744         166.159968607 
  339 879.109009 119.926003  12.4390797758     0.881059840305  -98.4027752236      1.99161018383         28.8242346638 
  340 394.066986    121.084  12845.7196236      234.966658275   8411.23048159       103.99538243         11306.0575544 
  341  49.481998  91.650002  502.768136865      9.04016488009   441.154082051      5.40654096137         420.491466423 
  342 870.655029     83.848   2324.1333305      42.4120519462   1371.87005653       16.897734954         2071.66859616 
  343 548.827026 987.942017  69.8707339427      1.74207026284   5.58788593535      1.83287370667         67.2404536473 
  344 677.341003  73.751999  647.705598056       11.693951595    628.08050635      7.36098412249         531.248095742 
  345 102.593002  78.071999  233.565160562      4.45705374232   140.163195306      2.33734702924         206.326823696 
  346 207.240997  78.030998  45.2032531037      1.24244475528   9.76794039802      1.62415543388         41.8086199923 
  347     84.708  73.973999   24.861746439      1.14947841023  -116.496580462      2.14557887218         44.5554828562 
  348     14.482  66.839996  1143.92154426       21.261072593   710.030113958      9.35384953406         1012.47897084 
  349  83.038002 982.585022  53.5988519113      1.16397951735   -37.846890707      1.46697215203         58.9109307734 
  350 443.042999 981.661987  233.094591229      4.34953813438   309.208760879      4.56094646996          174.94506523 
  351  544.27301  64.809998  13.1646601982      1.46889201415  -80.2788488497      2.15086568166          26.235725692 
  352 439.811005 969.991028  579.652069042      10.3657997659   575.292771338      6.91441144629          472.84718113 
  353 450.067993  58.773998  74.0813499551      1.84696488096   151.179856887      2.21369577907         44.8285378286 
  354 808.031006  56.962002   563.84583824       10.215017534    254.00874251      4.48261207034         515.790029885 
  355 243.841995  59.314999  30.8935687326      1.02511245739   18.7431954791      1.49961098102         25.8577461207 
  356 723.940002  56.147999 -76.3050941137       1.6716539349  -108.958618726      2.16816948473        -57.9897278425 
  357 170.526993  49.435001  6.60795918433      1.14127501243  -60.3298414417      1.55153392792         16.0312061807 
  358 119.322998     45.569 -13.4433418492     0.952774566707  -84.8502519644      2.06272308366        0.463637357052 
  359 673.432007     43.264 -70.6393625521      1.39085765726  -1.20575547979      2.00071132503        -72.0273769887 
  360 837.049988 976.531006  283.781616151      5.15541376865   350.856617837      4.22154271057         218.016482022 
  361 821.867981 972.629028  160.060735202      2.96967969454   222.588597734      2.93860655347          117.75032475 
  362  972.18103 974.689026   60.588764627      1.61427583633  0.621224946289      1.41379305188         58.8666737697 
  363 478.106995  40.367001  29.9853606803      1.16840793383   42.0971797137      1.86693834503         20.6790952369 
  364 213.149002 963.275024  150.471850637      2.82674364422   26.5757130367       1.9067914576         144.003796243 
  365 582.627991  37.040001 -12.3591157927       1.2740887499  -187.598500698      2.72879590318         20.3361146105 
  366 762.502991     35.076 -40.8168160618      1.14795693226  -108.654123784      2.22833243868        -22.5571288656 
  367  82.397003  31.167999 -69.5436675808      1.49816378672  -186.528958443      2.69084438575        -37.0440106184 
  368 253.128998     27.437  16.0207249333      1.05081477279   57.8871511299      1.65782442215         3.82715043089 
  369 116.133003     23.434  16.4981463871      1.41787534624  -175.157989404      2.82624217707         46.9185404395 
  370 743.700989      89.18 -65.4932883135      1.28070162016  -153.441733473      2.13523322867        -39.0438667742 
  371 174.585999 972.830994 -33.7736547464      1.13155622673  -169.741005945        2.299247509        -4.34379481219 
  372 570.250977 950.491028  90.6500834302      1.94547538213   32.5176440007      4.01296461689         83.0955045171 
  373 562.614014 920.406006 -183.178252285      4.11089537936  -117.165295208      5.21689519193          -163.3622366 
  374  33.919998 954.606995  116.896016178      2.53645330827   74.3444075051      3.93466306285         101.693114795 
  375 347.919006 961.018982 -42.3052560002      1.22471381039  -115.494917196      2.12367754021        -22.7946808659 
  376 264.911987 958.215027 -17.8726460101      1.40672608206  -70.6891862559      1.51329185943        -6.55511881904 
