1.000000	 40.555000	 3.573920	 79.398399	 6.268950	 1.576590	 2.924420	 -15.723600	 9.387800
3.000000	 58.461700	 3.566640	 139.151001	 6.256190	 15.313700	 2.918470	 118.829002	 9.368700
4.000000	 33.777500	 3.559360	 86.543297	 6.243410	 6.278770	 2.912500	 171.001007	 9.349560
5.000000	 179.587997	 3.573920	 384.294006	 6.268950	 32.873001	 2.924420	 363.779999	 9.387800
6.000000	 5357.169922	 3.577550	 8153.839844	 6.275310	 1606.369995	 2.927390	 3121.399902	 9.397340
8.000000	 68.826500	 3.570280	 137.391998	 6.262570	 15.560600	 2.921440	 122.527000	 9.378260
9.000000	 125.181000	 3.577550	 190.552002	 6.275310	 46.451302	 2.927390	 137.072998	 9.397340
10.000000	 226.940994	 3.552060	 476.346985	 6.230600	 39.645699	 2.906530	 404.613007	 9.330390
11.000000	 73.729202	 3.552060	 97.773201	 6.230600	 37.275600	 2.906530	 29.497000	 9.330390
12.000000	 38.126099	 3.566640	 201.673996	 6.256190	 0.917951	 2.918470	 196.819000	 9.368700
13.000000	 159.337997	 3.555710	 265.315002	 6.237010	 69.778801	 2.909520	 122.717003	 9.339980
14.000000	 20.346600	 3.570280	 59.170300	 6.262570	 -2.910290	 2.921440	 23.938601	 9.378260
15.000000	 65.870598	 3.566640	 90.307297	 6.256190	 34.784401	 2.918470	 19.249300	 9.368700
16.000000	 85.824501	 3.552060	 157.865997	 6.230600	 19.002100	 2.906530	 138.860992	 9.330390
17.000000	 91.593300	 3.570280	 157.457001	 6.262570	 19.910000	 2.921440	 101.250000	 9.378260
18.000000	 124.832001	 3.555710	 239.285995	 6.237010	 58.389099	 2.909520	 156.033997	 9.339980
19.000000	 40.338902	 3.573920	 59.022900	 6.268950	 19.648600	 2.924420	 1.201890	 9.387800
20.000000	 66.625504	 3.455740	 89.685898	 6.061650	 24.295601	 2.827710	 35.266800	 9.077380
21.000000	 219.565994	 3.559360	 795.127991	 6.243410	 20.165701	 2.912500	 724.544983	 9.349560
22.000000	 575.301025	 3.577550	 1925.119995	 6.275310	 53.044399	 2.927390	 1197.949951	 9.397340
23.000000	 89.541397	 3.577550	 169.852005	 6.275310	 27.601999	 2.927390	 99.246399	 9.397340
24.000000	 60.157799	 3.559360	 68.864098	 6.243410	 21.702600	 2.912500	 50.238701	 9.349560
25.000000	 21.834801	 3.563000	 43.573399	 6.249800	 7.858010	 2.915490	 79.395798	 9.359140
27.000000	 37.670101	 3.573920	 47.454601	 6.268950	 8.724500	 2.924420	 73.921799	 9.387800
29.000000	 110.535004	 3.563000	 210.199005	 6.249800	 2.484320	 2.915490	 125.407997	 9.359140
30.000000	 95.512001	 3.559360	 183.246994	 6.243410	 17.418501	 2.912500	 31.046000	 9.349560
31.000000	 150.306000	 3.577550	 239.542007	 6.275310	 80.305199	 2.927390	 202.625000	 9.397340
32.000000	 94.077301	 3.577550	 173.423996	 6.275310	 38.123100	 2.927390	 61.990299	 9.397340
33.000000	 109.089996	 3.577550	 213.175003	 6.275310	 21.132099	 2.927390	 68.067902	 9.397340
34.000000	 115.850998	 3.563000	 292.341003	 6.249800	 69.954399	 2.915490	 206.046997	 9.359140
36.000000	 23.903299	 3.577550	 47.924500	 6.275310	 18.016001	 2.927390	 42.407398	 9.397340
37.000000	 81.300903	 3.573920	 215.434998	 6.268950	 11.365400	 2.924420	 97.920097	 9.387800
38.000000	 26.618299	 3.559360	 56.188801	 6.243410	 11.457200	 2.912500	 97.067703	 9.349560
39.000000	 45.129200	 3.573920	 69.515701	 6.268950	 15.685600	 2.924420	 31.785700	 9.387800
40.000000	 49.403900	 3.570280	 155.761002	 6.262570	 14.216600	 2.921440	 128.973999	 9.378260
41.000000	 67.004601	 3.577550	 95.935997	 6.275310	 43.829102	 2.927390	 93.372498	 9.397340
42.000000	 117.184998	 3.566640	 273.714996	 6.256190	 62.148899	 2.918470	 206.013000	 9.368700
43.000000	 78.578400	 3.573920	 341.535004	 6.268950	 3.086720	 2.924420	 268.201996	 9.387800
45.000000	 92.675400	 3.577550	 156.604996	 6.275310	 49.473400	 2.927390	 100.646004	 9.397340
46.000000	 173.970993	 3.559360	 360.149994	 6.243410	 27.864000	 2.912500	 204.828995	 9.349560
47.000000	 61.291401	 3.581170	 88.762199	 6.281670	 29.277599	 2.930350	 11.309700	 9.406870
48.000000	 44.521301	 3.577550	 56.962002	 6.275310	 16.152300	 2.927390	 47.608398	 9.397340
49.000000	 31.088800	 3.577550	 80.902199	 6.275310	 13.866800	 2.927390	 34.982700	 9.397340
50.000000	 26.866800	 3.573920	 81.420998	 6.268950	 8.297260	 2.924420	 58.801498	 9.387800
51.000000	 299.825989	 3.577550	 484.604004	 6.275310	 100.565002	 2.927390	 306.639008	 9.397340
52.000000	 201.947006	 3.552060	 387.929993	 6.230600	 41.682598	 2.906530	 169.636002	 9.330390
53.000000	 51.488800	 3.573920	 51.718800	 6.268950	 26.973801	 2.924420	 55.802399	 9.387800
54.000000	 88.961700	 3.555710	 159.240997	 6.237010	 61.165600	 2.909520	 159.727005	 9.339980
55.000000	 36.442799	 3.577550	 77.481796	 6.275310	 11.842200	 2.927390	 52.312199	 9.397340
56.000000	 60.528099	 3.548400	 108.111000	 6.224190	 18.326799	 2.903540	 17.503099	 9.320780
57.000000	 77.065399	 3.573920	 165.501007	 6.268950	 13.234800	 2.924420	 108.300003	 9.387800
58.000000	 45.314301	 3.577550	 76.054703	 6.275310	 11.407300	 2.927390	 -0.724506	 9.397340
59.000000	 82.382004	 3.577550	 157.156998	 6.275310	 41.180599	 2.927390	 98.457603	 9.397340
60.000000	 35.577900	 3.581170	 60.466900	 6.281670	 19.916500	 2.930350	 42.425400	 9.406870
61.000000	 54.786098	 3.559360	 81.394203	 6.243410	 24.063801	 2.912500	 24.380800	 9.349560
62.000000	 84.786598	 3.577550	 147.126999	 6.275310	 16.572800	 2.927390	 112.358002	 9.397340
63.000000	 116.505997	 3.563000	 154.516998	 6.249800	 55.841301	 2.915490	 65.793198	 9.359140
64.000000	 47.263599	 3.555710	 78.025597	 6.237010	 25.001600	 2.909520	 39.735199	 9.339980
65.000000	 2116.199951	 3.581170	 3377.810059	 6.281670	 572.536011	 2.930350	 1275.689941	 9.406870
66.000000	 38.901901	 3.570280	 72.648903	 6.262570	 11.715200	 2.921440	 33.996300	 9.378260
68.000000	 52.395599	 3.559360	 79.159798	 6.243410	 21.581100	 2.912500	 19.340300	 9.349560
69.000000	 42.966000	 3.573920	 77.526703	 6.268950	 19.899300	 2.924420	 51.169800	 9.387800
70.000000	 46.022800	 3.573920	 58.772301	 6.268950	 21.861300	 2.924420	 42.511600	 9.387800
71.000000	 30.683201	 3.573920	 56.439999	 6.268950	 13.078300	 2.924420	 23.201500	 9.387800
72.000000	 159.311005	 3.573920	 309.471985	 6.268950	 71.530197	 2.924420	 152.386993	 9.387800
73.000000	 213.054001	 3.570280	 512.239990	 6.262570	 82.273102	 2.921440	 390.480011	 9.378260
74.000000	 17.359301	 3.563000	 54.826900	 6.249800	 7.673130	 2.915490	 34.551899	 9.359140
75.000000	 160.059998	 3.573920	 386.807007	 6.268950	 24.049000	 2.924420	 271.321014	 9.387800
76.000000	 61.791401	 3.577550	 76.307701	 6.275310	 19.507299	 2.927390	 62.991199	 9.397340
77.000000	 102.807999	 3.566640	 178.576996	 6.256190	 55.892899	 2.918470	 131.662003	 9.368700
79.000000	 23.886600	 3.577550	 64.170998	 6.275310	 3.064790	 2.927390	 45.298302	 9.397340
80.000000	 182.563995	 3.573920	 496.877014	 6.268950	 21.431801	 2.924420	 375.625000	 9.387800
81.000000	 1847.670044	 3.570280	 4394.549805	 6.262570	 236.727005	 2.921440	 2193.080078	 9.378260
82.000000	 3424.679932	 3.552060	 6657.910156	 6.230600	 591.380005	 2.906530	 2732.100098	 9.330390
83.000000	 39.493301	 3.577550	 91.685699	 6.275310	 16.049601	 2.927390	 29.403999	 9.397340
84.000000	 98.803101	 3.559360	 131.326004	 6.243410	 40.412800	 2.912500	 36.795200	 9.349560
87.000000	 61.690201	 3.573920	 107.372002	 6.268950	 15.149700	 2.924420	 56.061401	 9.387800
88.000000	 64.950302	 3.581170	 103.759003	 6.281670	 30.808599	 2.930350	 152.104004	 9.406870
89.000000	 29.296600	 3.570280	 45.429298	 6.262570	 15.552400	 2.921440	 11.325700	 9.378260
90.000000	 283.351013	 3.570280	 988.580994	 6.262570	 27.374901	 2.921440	 864.135010	 9.378260
91.000000	 154.292999	 3.570280	 414.023987	 6.262570	 2.290020	 2.921440	 79.638000	 9.378260
92.000000	 156.037994	 3.563000	 382.824005	 6.249800	 13.966300	 2.915490	 -86.815804	 9.359140
93.000000	 283.415009	 3.573920	 482.221008	 6.268950	 86.690102	 2.924420	 307.433990	 9.387800
94.000000	 60.965199	 3.559360	 86.686501	 6.243410	 21.780399	 2.912500	 54.615398	 9.349560
95.000000	 93.978203	 3.566640	 186.983994	 6.256190	 20.510201	 2.918470	 104.574997	 9.368700
96.000000	 51.337399	 3.577550	 66.298798	 6.275310	 24.305599	 2.927390	 -3.183950	 9.397340
97.000000	 50.111801	 3.570280	 63.135899	 6.262570	 28.029699	 2.921440	 41.833599	 9.378260
100.000000	 67.693199	 3.570280	 100.662003	 6.262570	 36.277699	 2.921440	 72.891602	 9.378260
101.000000	 21.653000	 3.570280	 79.719704	 6.262570	 1.273670	 2.921440	 137.759003	 9.378260
102.000000	 117.852997	 3.563000	 212.276993	 6.249800	 70.208702	 2.915490	 96.647301	 9.359140
103.000000	 2960.459961	 3.573920	 6626.959961	 6.268950	 509.432007	 2.924420	 4733.799805	 9.387800
104.000000	 33.677399	 3.577550	 53.320702	 6.275310	 6.721020	 2.927390	 103.346001	 9.397340
105.000000	 36.827400	 3.570280	 130.229004	 6.262570	 8.473970	 2.921440	 21.852400	 9.378260
106.000000	 58.626598	 3.566640	 113.194000	 6.256190	 15.068000	 2.918470	 80.187599	 9.368700
107.000000	 23.543400	 3.577550	 56.427299	 6.275310	 -4.050990	 2.927390	 85.081802	 9.397340
108.000000	 25.406500	 3.573920	 69.778099	 6.268950	 3.368180	 2.924420	 118.880997	 9.387800
109.000000	 747.903992	 3.541080	 1051.829956	 6.211340	 343.040009	 2.897540	 1770.930054	 9.301540
110.000000	 304.187012	 3.570280	 589.768982	 6.262570	 68.012398	 2.921440	 335.158997	 9.378260
111.000000	 42.527500	 3.573920	 58.636002	 6.268950	 8.164780	 2.924420	 12.215500	 9.387800
112.000000	 364.980011	 3.573920	 728.765991	 6.268950	 74.659500	 2.924420	 482.782990	 9.387800
113.000000	 21.897400	 3.577550	 55.565498	 6.275310	 4.778470	 2.927390	 55.603600	 9.397340
114.000000	 89.331703	 3.570280	 100.344002	 6.262570	 40.873402	 2.921440	 46.749298	 9.378260
115.000000	 29.420401	 3.573920	 58.570599	 6.268950	 8.944130	 2.924420	 15.503600	 9.387800
116.000000	 41.796700	 3.581170	 72.823997	 6.281670	 21.649799	 2.930350	 10.914500	 9.406870
117.000000	 136.548996	 3.566640	 274.765991	 6.256190	 17.945101	 2.918470	 226.507996	 9.368700
118.000000	 31.609100	 3.573920	 109.750000	 6.268950	 16.291599	 2.924420	 145.078003	 9.387800
119.000000	 21.994600	 3.563000	 48.480202	 6.249800	 9.775850	 2.915490	 21.236700	 9.359140
120.000000	 47.994900	 3.577550	 95.467300	 6.275310	 29.324200	 2.927390	 59.702801	 9.397340
121.000000	 -285.701996	 3.577550	 -4.130540	 6.275310	 -153.787003	 2.927390	 -3303.270020	 9.397340
122.000000	 72.536697	 3.573920	 159.563004	 6.268950	 23.848400	 2.924420	 68.940697	 9.387800
123.000000	 213.912003	 3.573920	 396.493988	 6.268950	 48.644600	 2.924420	 280.269012	 9.387800
124.000000	 46.071400	 3.577550	 104.066002	 6.275310	 21.102200	 2.927390	 -0.329245	 9.397340
125.000000	 40.014801	 3.566640	 83.046799	 6.256190	 13.339000	 2.918470	 34.757599	 9.368700
126.000000	 257.011993	 3.563000	 488.338989	 6.249800	 111.371002	 2.915490	 536.950012	 9.359140
127.000000	 234.554993	 3.573920	 474.097992	 6.268950	 55.043999	 2.924420	 329.230011	 9.387800
128.000000	 136.697998	 3.563000	 259.378998	 6.249800	 41.388199	 2.915490	 183.595993	 9.359140
129.000000	 18.176701	 3.570280	 84.362000	 6.262570	 2.429560	 2.921440	 171.975998	 9.378260
130.000000	 45.128300	 3.559360	 102.778000	 6.243410	 19.393801	 2.912500	 108.667000	 9.349560
131.000000	 20.042900	 3.559360	 54.463902	 6.243410	 3.973920	 2.912500	 62.159000	 9.349560
132.000000	 50.406601	 3.573920	 95.981903	 6.268950	 15.711000	 2.924420	 93.886902	 9.387800
133.000000	 56.254902	 3.581170	 94.620300	 6.281670	 21.025200	 2.930350	 36.706902	 9.406870
134.000000	 30.700001	 3.559360	 71.278801	 6.243410	 9.560200	 2.912500	 64.242798	 9.349560
135.000000	 81.145699	 3.566640	 110.126999	 6.256190	 40.095200	 2.918470	 78.245697	 9.368700
136.000000	 397.459015	 3.581170	 818.343018	 6.281670	 85.058899	 2.930350	 538.203979	 9.406870
137.000000	 26.656300	 3.573920	 45.607201	 6.268950	 9.276140	 2.924420	 29.837799	 9.387800
138.000000	 37.238300	 3.570280	 76.992104	 6.262570	 13.271100	 2.921440	 54.102901	 9.378260
139.000000	 25.731600	 3.563000	 80.529701	 6.249800	 8.443080	 2.915490	 85.773399	 9.359140
140.000000	 38.716400	 3.570280	 70.396500	 6.262570	 21.611200	 2.921440	 8.023690	 9.378260
141.000000	 71.853203	 3.570280	 163.944000	 6.262570	 20.749500	 2.921440	 129.600998	 9.378260
142.000000	 2579.050049	 3.555710	 8769.780273	 6.237010	 189.703003	 2.909520	 4941.750000	 9.339980
143.000000	 46.165798	 3.570280	 68.347801	 6.262570	 9.364970	 2.921440	 80.653702	 9.378260
144.000000	 44.272598	 3.577550	 68.559097	 6.275310	 15.277800	 2.927390	 33.082500	 9.397340
145.000000	 102.931999	 3.570280	 175.444000	 6.262570	 25.423300	 2.921440	 160.764008	 9.378260
146.000000	 47.111198	 3.552060	 73.108002	 6.230600	 9.210370	 2.906530	 75.899399	 9.330390
147.000000	 37.432999	 3.555710	 79.155800	 6.237010	 11.624000	 2.909520	 97.684601	 9.339980
148.000000	 24.321800	 3.563000	 45.775101	 6.249800	 0.909865	 2.915490	 66.334396	 9.359140
149.000000	 28.447399	 3.570280	 48.578899	 6.262570	 8.979160	 2.921440	 15.993800	 9.378260
150.000000	 22.116301	 3.563000	 52.942001	 6.249800	 9.470480	 2.915490	 75.416603	 9.359140
151.000000	 31.069599	 3.570280	 54.961300	 6.262570	 8.328900	 2.921440	 36.487701	 9.378260
152.000000	 27.783100	 3.577550	 65.613899	 6.275310	 7.821650	 2.927390	 29.146099	 9.397340
153.000000	 23.268600	 3.559360	 56.839401	 6.243410	 6.855520	 2.912500	 -12.777600	 9.349560
154.000000	 95.714203	 3.577550	 145.604996	 6.275310	 26.225300	 2.927390	 40.490398	 9.397340
155.000000	 22.884701	 3.559360	 61.223900	 6.243410	 4.867480	 2.912500	 16.933201	 9.349560
156.000000	 42.916100	 3.570280	 69.903099	 6.262570	 27.562099	 2.921440	 1.182750	 9.378260
157.000000	 113.985001	 3.555710	 136.268005	 6.237010	 80.918404	 2.909520	 89.890297	 9.339980
158.000000	 81.677002	 3.577550	 134.826004	 6.275310	 28.294001	 2.927390	 97.735703	 9.397340
160.000000	 25.500200	 3.577550	 49.546700	 6.275310	 5.183800	 2.927390	 36.765202	 9.397340
162.000000	 138.266998	 3.577550	 253.695999	 6.275310	 38.027802	 2.927390	 173.205994	 9.397340
163.000000	 14.855900	 3.570280	 39.225300	 6.262570	 3.315990	 2.921440	 56.113300	 9.378260
164.000000	 40.596298	 3.577550	 92.917702	 6.275310	 14.739800	 2.927390	 71.452599	 9.397340
165.000000	 27.152500	 3.577550	 122.139999	 6.275310	 -2.320400	 2.927390	 -83.362602	 9.397340
166.000000	 41.891800	 3.577550	 81.754204	 6.275310	 10.850500	 2.927390	 123.418999	 9.397340
167.000000	 7.669680	 3.577550	 42.133701	 6.275310	 2.900430	 2.927390	 20.273800	 9.397340
170.000000	 87.775200	 3.570280	 149.718002	 6.262570	 15.739800	 2.921440	 11.268900	 9.378260
171.000000	 113.563004	 3.573920	 150.716995	 6.268950	 43.715900	 2.924420	 68.234802	 9.387800
172.000000	 17.680599	 3.559360	 97.769402	 6.243410	 -7.668380	 2.912500	 -25.489799	 9.349560
173.000000	 36.249298	 3.573920	 80.248596	 6.268950	 10.392700	 2.924420	 94.200996	 9.387800
174.000000	 96.962303	 3.559360	 115.150002	 6.243410	 50.401699	 2.912500	 16.926399	 9.349560
175.000000	 19.079599	 3.577550	 65.400902	 6.275310	 8.732800	 2.927390	 51.896999	 9.397340
176.000000	 36.295898	 3.552060	 84.649002	 6.230600	 9.530270	 2.906530	 44.817600	 9.330390
177.000000	 167.028000	 3.577550	 367.924011	 6.275310	 77.440804	 2.927390	 188.059006	 9.397340
179.000000	 24.661400	 3.570280	 49.632099	 6.262570	 4.263040	 2.921440	 24.533701	 9.378260
180.000000	 37.919899	 3.573920	 72.871002	 6.268950	 9.276870	 2.924420	 38.205200	 9.387800
181.000000	 68.926300	 3.548400	 124.420998	 6.224190	 37.615501	 2.903540	 93.041603	 9.320780
182.000000	 61.828701	 3.573920	 142.936005	 6.268950	 9.617800	 2.924420	 49.511600	 9.387800
183.000000	 54.060699	 3.573920	 126.462997	 6.268950	 19.705200	 2.924420	 -8.847190	 9.387800
184.000000	 52.773201	 3.570280	 105.042000	 6.262570	 14.784800	 2.921440	 85.378197	 9.378260
185.000000	 41.291302	 3.573920	 91.624001	 6.268950	 12.130300	 2.924420	 34.094501	 9.387800
186.000000	 238.156998	 3.577550	 419.399994	 6.275310	 77.590202	 2.927390	 240.660004	 9.397340
187.000000	 563.658997	 3.573920	 2205.090088	 6.268950	 43.623402	 2.924420	 3418.040039	 9.387800
188.000000	 19.408501	 3.570280	 43.537701	 6.262570	 7.960370	 2.921440	 30.759001	 9.378260
189.000000	 40.115002	 3.552060	 83.494598	 6.230600	 8.756740	 2.906530	 49.159401	 9.330390
190.000000	 37.322201	 3.577550	 89.330498	 6.275310	 8.496760	 2.927390	 115.480003	 9.397340
191.000000	 29.767799	 3.563000	 88.988899	 6.249800	 -3.526620	 2.915490	 210.009003	 9.359140
192.000000	 92.589897	 3.573920	 230.798996	 6.268950	 8.250180	 2.924420	 92.304398	 9.387800
193.000000	 114.603996	 3.577550	 235.723007	 6.275310	 56.441502	 2.927390	 257.471008	 9.397340
194.000000	 94.503098	 3.577550	 206.888000	 6.275310	 14.227700	 2.927390	 82.574501	 9.397340
195.000000	 113.836998	 3.559360	 271.506989	 6.243410	 9.315680	 2.912500	 108.918999	 9.349560
196.000000	 20.369400	 3.570280	 49.507301	 6.262570	 6.017790	 2.921440	 44.123901	 9.378260
199.000000	 4344.520020	 3.577550	 6555.930176	 6.275310	 1427.579956	 2.927390	 2458.780029	 9.397340
202.000000	 29.863600	 3.577550	 59.394699	 6.275310	 13.626100	 2.927390	 43.178299	 9.397340
203.000000	 183.440002	 3.577550	 387.214996	 6.275310	 34.470299	 2.927390	 269.674988	 9.397340
204.000000	 35.068501	 3.563000	 76.218498	 6.249800	 0.442762	 2.915490	 34.056702	 9.359140
205.000000	 39.775398	 3.581170	 73.936203	 6.281670	 10.743700	 2.930350	 134.660995	 9.406870
206.000000	 156.468994	 3.573920	 233.647995	 6.268950	 73.521896	 2.924420	 159.063004	 9.387800
207.000000	 16.448200	 3.566640	 56.899502	 6.256190	 6.565240	 2.918470	 76.295898	 9.368700
208.000000	 502.069000	 3.566640	 1684.689941	 6.256190	 34.732399	 2.918470	 1039.640015	 9.368700
210.000000	 109.810997	 3.559360	 141.309998	 6.243410	 55.407700	 2.912500	 55.146198	 9.349560
211.000000	 51.206100	 3.573920	 174.837006	 6.268950	 -0.938299	 2.924420	 204.464005	 9.387800
212.000000	 13.988100	 3.573920	 52.170200	 6.268950	 -3.476630	 2.924420	 12.895000	 9.387800
214.000000	 225.360992	 3.555710	 533.489990	 6.237010	 29.677700	 2.909520	 273.812988	 9.339980
215.000000	 55.519798	 3.570280	 129.188995	 6.262570	 33.541401	 2.921440	 85.261002	 9.378260
216.000000	 60.830700	 3.577550	 128.712997	 6.275310	 12.152300	 2.927390	 59.505600	 9.397340
217.000000	 7.439420	 3.548400	 45.947899	 6.224190	 2.345240	 2.903540	 66.600304	 9.320780
218.000000	 94.181900	 3.577550	 191.988007	 6.275310	 23.417400	 2.927390	 176.468994	 9.397340
219.000000	 73.799599	 3.573920	 121.684998	 6.268950	 47.151299	 2.924420	 65.845596	 9.387800
220.000000	 73.362297	 3.570280	 263.583008	 6.262570	 8.479730	 2.921440	 242.218002	 9.378260
221.000000	 66.414902	 3.573920	 94.433403	 6.268950	 20.931400	 2.924420	 70.580200	 9.387800
222.000000	 97.682899	 3.559360	 215.593002	 6.243410	 48.383499	 2.912500	 -97.793900	 9.349560
223.000000	 173.255005	 3.573920	 324.868011	 6.268950	 59.573700	 2.924420	 153.873001	 9.387800
224.000000	 51.596600	 3.573920	 88.357002	 6.268950	 19.858299	 2.924420	 118.511002	 9.387800
225.000000	 53.478298	 3.577550	 72.390900	 6.275310	 20.198700	 2.927390	 11.395700	 9.397340
226.000000	 186.524002	 3.559360	 562.789001	 6.243410	 16.655001	 2.912500	 336.390991	 9.349560
227.000000	 11.610400	 3.573920	 46.968601	 6.268950	 3.131970	 2.924420	 30.272699	 9.387800
228.000000	 38.870899	 3.563000	 87.116798	 6.249800	 13.427200	 2.915490	 44.424301	 9.359140
231.000000	 66.296700	 3.581170	 76.397598	 6.281670	 24.865101	 2.930350	 38.761299	 9.406870
232.000000	 81.308098	 3.566640	 244.822998	 6.256190	 1.487620	 2.918470	 412.158997	 9.368700
233.000000	 24.115601	 3.581170	 51.437901	 6.281670	 5.674100	 2.930350	 30.046700	 9.406870
234.000000	 264.975006	 3.573920	 931.851013	 6.268950	 21.857901	 2.924420	 1072.829956	 9.387800
235.000000	 133.966995	 3.559360	 331.737000	 6.243410	 15.601600	 2.912500	 192.925995	 9.349560
236.000000	 34.652100	 3.573920	 51.413700	 6.268950	 5.911390	 2.924420	 22.187000	 9.387800
237.000000	 23.138300	 3.577550	 40.945400	 6.275310	 -0.118997	 2.927390	 -27.284800	 9.397340
238.000000	 21.002501	 3.570280	 55.749901	 6.262570	 3.814930	 2.921440	 29.142599	 9.378260
239.000000	 32.062000	 3.577550	 75.614601	 6.275310	 4.359070	 2.927390	 13.684900	 9.397340
240.000000	 34.751499	 3.577550	 77.272202	 6.275310	 7.834040	 2.927390	 46.854900	 9.397340
241.000000	 33.492802	 3.577550	 67.016602	 6.275310	 7.927690	 2.927390	 112.335999	 9.397340
242.000000	 43.815601	 3.570280	 124.623001	 6.262570	 14.604000	 2.921440	 109.184998	 9.378260
243.000000	 38.186501	 3.570280	 51.991199	 6.262570	 15.198900	 2.921440	 29.897699	 9.378260
244.000000	 25.147301	 3.566640	 54.988800	 6.256190	 2.859820	 2.918470	 8.359300	 9.368700
245.000000	 32.869801	 3.570280	 52.368599	 6.262570	 5.627100	 2.921440	 38.026798	 9.378260
246.000000	 29.667500	 3.577550	 57.732899	 6.275310	 7.281990	 2.927390	 46.770100	 9.397340
247.000000	 86.873497	 3.555710	 115.112999	 6.237010	 34.763802	 2.909520	 26.687201	 9.339980
248.000000	 27.332100	 3.573920	 57.546398	 6.268950	 10.683100	 2.924420	 30.055300	 9.387800
249.000000	 128.949997	 3.559360	 255.979996	 6.243410	 28.407101	 2.912500	 219.089005	 9.349560
250.000000	 15.665600	 3.559360	 54.581299	 6.243410	 1.934440	 2.912500	 15.193800	 9.349560
251.000000	 24.127001	 3.573920	 50.081402	 6.268950	 4.423910	 2.924420	 12.779700	 9.387800
252.000000	 79.875603	 3.573920	 204.824997	 6.268950	 19.019699	 2.924420	 152.220993	 9.387800
253.000000	 25.804701	 3.566640	 50.886200	 6.256190	 5.297990	 2.918470	 53.412498	 9.368700
254.000000	 139.059006	 3.577550	 180.108994	 6.275310	 51.908001	 2.927390	 126.695000	 9.397340
256.000000	 70.799103	 3.559360	 285.962006	 6.243410	 16.977501	 2.912500	 375.799011	 9.349560
257.000000	 85.819702	 3.577550	 139.227005	 6.275310	 31.178600	 2.927390	 62.250198	 9.397340
258.000000	 38.549900	 3.555710	 138.835999	 6.237010	 4.318550	 2.909520	 81.284599	 9.339980
259.000000	 29.025900	 3.573920	 78.652199	 6.268950	 8.662560	 2.924420	 26.647400	 9.387800
260.000000	 42.200298	 3.573920	 85.476997	 6.268950	 10.611100	 2.924420	 30.534201	 9.387800
261.000000	 50.130001	 3.570280	 87.342903	 6.262570	 13.854900	 2.921440	 82.005501	 9.378260
262.000000	 78.293297	 3.573920	 208.337997	 6.268950	 19.722300	 2.924420	 199.201004	 9.387800
263.000000	 1730.939941	 3.559360	 2815.639893	 6.243410	 488.229004	 2.912500	 1078.479980	 9.349560
264.000000	 136.830994	 3.577550	 289.753998	 6.275310	 66.234001	 2.927390	 127.433998	 9.397340
265.000000	 30.403700	 3.559360	 55.393501	 6.243410	 5.381980	 2.912500	 76.520103	 9.349560
266.000000	 14.823700	 3.570280	 50.009102	 6.262570	 0.777148	 2.921440	 0.198225	 9.378260
267.000000	 34.395302	 3.559360	 62.554600	 6.243410	 7.613300	 2.912500	 40.612301	 9.349560
268.000000	 51.458199	 3.577550	 95.570801	 6.275310	 3.717240	 2.927390	 20.472900	 9.397340
269.000000	 18.485300	 3.563000	 49.195702	 6.249800	 -0.301842	 2.915490	 8.868180	 9.359140
270.000000	 24.667299	 3.573920	 60.025799	 6.268950	 4.500370	 2.924420	 92.641403	 9.387800
271.000000	 46.744999	 3.577550	 96.846199	 6.275310	 26.559200	 2.927390	 115.339996	 9.397340
272.000000	 26.699200	 3.563000	 54.340500	 6.249800	 9.510020	 2.915490	 77.678902	 9.359140
273.000000	 37.556301	 3.577550	 76.767303	 6.275310	 11.065400	 2.927390	 145.710999	 9.397340
274.000000	 21.773300	 3.570280	 55.290699	 6.262570	 4.239680	 2.921440	 38.741798	 9.378260
275.000000	 3042.300049	 3.573920	 11276.500000	 6.268950	 220.546997	 2.924420	 7155.870117	 9.387800
276.000000	 51.500198	 3.577550	 140.628006	 6.275310	 6.943150	 2.927390	 166.095001	 9.397340
277.000000	 28.348900	 3.573920	 74.394402	 6.268950	 1.949250	 2.924420	 109.176003	 9.387800
278.000000	 2148.520020	 3.573920	 6720.350098	 6.268950	 186.904007	 2.924420	 3431.939941	 9.387800
279.000000	 18.203400	 3.577550	 57.034500	 6.275310	 4.650520	 2.927390	 64.859299	 9.397340
280.000000	 107.063004	 3.573920	 233.427994	 6.268950	 31.436300	 2.924420	 147.557007	 9.387800
281.000000	 177.936005	 3.577550	 338.920013	 6.275310	 31.761600	 2.927390	 166.069000	 9.397340
282.000000	 82.265900	 3.577550	 189.570007	 6.275310	 18.625299	 2.927390	 151.401993	 9.397340
283.000000	 52.803398	 3.570280	 93.048599	 6.262570	 20.932100	 2.921440	 75.033699	 9.378260
284.000000	 76.245201	 3.573920	 130.598007	 6.268950	 32.982700	 2.924420	 143.563995	 9.387800
286.000000	 1128.060059	 3.577550	 2660.320068	 6.275310	 87.914902	 2.927390	 -67.726501	 9.397340
287.000000	 33.301998	 3.573920	 73.796204	 6.268950	 9.180990	 2.924420	 60.421902	 9.387800
288.000000	 58.829300	 3.577550	 141.057999	 6.275310	 30.889900	 2.927390	 99.319801	 9.397340
289.000000	 38.128201	 3.570280	 48.512798	 6.262570	 6.934080	 2.921440	 102.763000	 9.378260
290.000000	 127.591003	 3.570280	 508.273987	 6.262570	 23.943199	 2.921440	 579.887024	 9.378260
291.000000	 209.203995	 3.577550	 441.036987	 6.275310	 46.755901	 2.927390	 385.979004	 9.397340
292.000000	 16.914600	 3.577550	 44.922600	 6.275310	 2.641610	 2.927390	 -18.347900	 9.397340
293.000000	 24.680599	 3.577550	 51.658100	 6.275310	 5.614680	 2.927390	 4.792130	 9.397340
294.000000	 20.739401	 3.552060	 50.183701	 6.230600	 3.979440	 2.906530	 7.994430	 9.330390
295.000000	 50.780899	 3.577550	 93.788498	 6.275310	 16.590300	 2.927390	 62.103802	 9.397340
296.000000	 113.000000	 3.577550	 227.738007	 6.275310	 52.111301	 2.927390	 135.410004	 9.397340
297.000000	 18.519899	 3.570280	 55.688801	 6.262570	 5.262230	 2.921440	 12.465300	 9.378260
298.000000	 19.564600	 3.552060	 68.676201	 6.230600	 4.203030	 2.906530	 16.313200	 9.330390
299.000000	 34.614101	 3.577550	 72.656700	 6.275310	 6.887940	 2.927390	 -1.331590	 9.397340
300.000000	 18.271799	 3.573920	 49.388401	 6.268950	 4.544600	 2.924420	 12.456000	 9.387800
301.000000	 125.157997	 3.573920	 192.589996	 6.268950	 40.146301	 2.924420	 103.855003	 9.387800
302.000000	 51.931499	 3.577550	 111.792999	 6.275310	 8.048890	 2.927390	 63.009800	 9.397340
303.000000	 58.023399	 3.573920	 141.962997	 6.268950	 9.710150	 2.924420	 -26.694599	 9.387800
304.000000	 32.469299	 3.573920	 53.340199	 6.268950	 15.561300	 2.924420	 5.360770	 9.387800
305.000000	 34.295200	 3.573920	 107.542000	 6.268950	 12.479600	 2.924420	 -20.623100	 9.387800
306.000000	 85.650497	 3.566640	 190.322006	 6.256190	 35.110699	 2.918470	 115.518997	 9.368700
307.000000	 21.916599	 3.570280	 62.920101	 6.262570	 -0.207378	 2.921440	 -35.770401	 9.378260
308.000000	 52.153099	 3.559360	 63.168499	 6.243410	 13.419100	 2.912500	 -2.683500	 9.349560
309.000000	 21.130199	 3.570280	 61.347599	 6.262570	 2.028790	 2.921440	 -11.046700	 9.378260
310.000000	 23.899000	 3.555710	 52.226898	 6.237010	 5.424400	 2.909520	 10.333000	 9.339980
311.000000	 58.909801	 3.577550	 112.828003	 6.275310	 18.232901	 2.927390	 33.103100	 9.397340
312.000000	 1249.130005	 3.573920	 4784.310059	 6.268950	 94.366699	 2.924420	 3181.810059	 9.387800
313.000000	 109.031998	 3.577550	 248.309998	 6.275310	 36.514900	 2.927390	 160.552002	 9.397340
314.000000	 23.377800	 3.566640	 54.604599	 6.256190	 4.682000	 2.918470	 -11.095800	 9.368700
315.000000	 21.313601	 3.555710	 68.403900	 6.237010	 10.605000	 2.909520	 41.135899	 9.339980
316.000000	 26.168200	 3.566640	 57.084499	 6.256190	 3.038680	 2.918470	 36.603298	 9.368700
317.000000	 24.225100	 3.577550	 67.435402	 6.275310	 -8.683610	 2.927390	 44.808998	 9.397340
318.000000	 59.507500	 3.570280	 124.559998	 6.262570	 21.002399	 2.921440	 116.721001	 9.378260
319.000000	 23.653900	 3.581170	 57.574902	 6.281670	 1.195840	 2.930350	 -5.051200	 9.406870
320.000000	 33.346001	 3.573920	 139.667999	 6.268950	 4.467200	 2.924420	 129.089996	 9.387800
321.000000	 40.750099	 3.559360	 113.963997	 6.243410	 18.142000	 2.912500	 52.332401	 9.349560
322.000000	 87.356003	 3.570280	 141.153000	 6.262570	 23.686701	 2.921440	 71.862503	 9.378260
323.000000	 97.604103	 3.573920	 169.514999	 6.268950	 32.876900	 2.924420	 169.186996	 9.387800
324.000000	 29.889299	 3.559360	 56.991699	 6.243410	 5.393060	 2.912500	 45.230701	 9.349560
325.000000	 31.176001	 3.552060	 46.120300	 6.230600	 10.792800	 2.906530	 34.329899	 9.330390
326.000000	 16.207100	 3.573920	 59.555801	 6.268950	 4.152290	 2.924420	 -4.724850	 9.387800
327.000000	 45.771099	 3.548400	 147.626999	 6.224190	 3.679340	 2.903540	 81.003700	 9.320780
328.000000	 41.867001	 3.573920	 71.166199	 6.268950	 4.278280	 2.924420	 118.283997	 9.387800
329.000000	 79.798599	 3.573920	 225.531998	 6.268950	 7.595080	 2.924420	 169.356995	 9.387800
330.000000	 48.582401	 3.566640	 166.882996	 6.256190	 5.204370	 2.918470	 52.200298	 9.368700
331.000000	 30.939699	 3.559360	 60.340401	 6.243410	 10.021200	 2.912500	 57.940800	 9.349560
332.000000	 40.042099	 3.577550	 93.018799	 6.275310	 17.277599	 2.927390	 53.508301	 9.397340
333.000000	 34.228401	 3.577550	 122.904999	 6.275310	 4.864320	 2.927390	 43.380199	 9.397340
334.000000	 77.096497	 3.577550	 96.997002	 6.275310	 33.098701	 2.927390	 50.615700	 9.397340
335.000000	 23.709700	 3.573920	 52.388500	 6.268950	 4.171150	 2.924420	 31.218599	 9.387800
336.000000	 22.890900	 3.563000	 48.738701	 6.249800	 5.456690	 2.915490	 31.092899	 9.359140
337.000000	 53.961700	 3.573920	 166.710007	 6.268950	 -7.561100	 2.924420	 -38.354198	 9.387800
338.000000	 74.342003	 3.581170	 222.007004	 6.281670	 -0.818607	 2.930350	 -33.440300	 9.406870
339.000000	 170.626999	 3.559360	 545.812012	 6.243410	 14.398600	 2.912500	 341.013000	 9.349560
340.000000	 1989.550049	 3.573920	 3694.080078	 6.268950	 417.691010	 2.924420	 1502.160034	 9.387800
341.000000	 51.469700	 3.581170	 118.497002	 6.281670	 10.069600	 2.930350	 112.028999	 9.406870
342.000000	 50.933701	 3.573920	 122.665001	 6.268950	 19.621300	 2.924420	 143.177994	 9.387800
343.000000	 43.108398	 3.577550	 99.327103	 6.275310	 21.161900	 2.927390	 111.502998	 9.397340
344.000000	 23.924900	 3.577550	 126.763000	 6.275310	 10.697200	 2.927390	 169.451996	 9.397340
347.000000	 19.023300	 3.577550	 52.678799	 6.275310	 6.012470	 2.927390	 37.702999	 9.397340
348.000000	 61.641800	 3.573920	 96.256599	 6.268950	 28.942801	 2.924420	 104.128998	 9.387800
349.000000	 66.655602	 3.570280	 141.050995	 6.262570	 31.575701	 2.921440	 127.147003	 9.378260
350.000000	 45.573200	 3.563000	 95.024300	 6.249800	 16.474300	 2.915490	 50.442402	 9.359140
351.000000	 448.756012	 3.581170	 1638.609985	 6.281670	 27.713800	 2.930350	 1331.560059	 9.406870
352.000000	 84.354202	 3.555710	 139.811005	 6.237010	 32.920300	 2.909520	 89.793098	 9.339980
353.000000	 169.369995	 3.577550	 402.109009	 6.275310	 62.537498	 2.927390	 241.498993	 9.397340
354.000000	 57.547001	 3.577550	 107.832001	 6.275310	 29.810801	 2.927390	 105.218002	 9.397340
355.000000	 45.799400	 3.570280	 71.517303	 6.262570	 20.241301	 2.921440	 65.306396	 9.378260
356.000000	 69.723900	 3.563000	 95.519096	 6.249800	 27.056499	 2.915490	 136.470001	 9.359140
357.000000	 37.319500	 3.573920	 59.043098	 6.268950	 22.285000	 2.924420	 39.350101	 9.387800
358.000000	 27.082100	 3.559360	 50.239399	 6.243410	 4.826660	 2.912500	 -23.971701	 9.349560
359.000000	 463.908997	 3.577550	 971.145020	 6.275310	 136.531006	 2.927390	 480.130005	 9.397340
360.000000	 116.385002	 3.566640	 246.770996	 6.256190	 22.179199	 2.918470	 129.548996	 9.368700
361.000000	 73.731400	 3.559360	 139.496994	 6.243410	 20.727301	 2.912500	 79.097099	 9.349560
362.000000	 31.961201	 3.573920	 54.853401	 6.268950	 6.469750	 2.924420	 33.799500	 9.387800
363.000000	 22.184601	 3.238560	 43.605801	 5.680710	 11.140200	 2.650010	 46.972900	 8.506920
364.000000	 113.628998	 3.566640	 124.666000	 6.256190	 60.466999	 2.918470	 32.831402	 9.368700
365.000000	 1877.199951	 3.573920	 6973.660156	 6.268950	 138.028000	 2.924420	 5034.990234	 9.387800
366.000000	 216.011993	 3.573920	 434.553009	 6.268950	 47.430901	 2.924420	 295.089996	 9.387800
367.000000	 58.208900	 3.581170	 90.477501	 6.281670	 31.976601	 2.930350	 97.925697	 9.406870
368.000000	 43.860699	 3.566640	 83.941704	 6.256190	 15.841700	 2.918470	 42.730202	 9.368700
369.000000	 3704.889893	 3.559360	 13201.299805	 6.243410	 298.049011	 2.912500	 9543.790039	 9.349560
370.000000	 198.835999	 3.555710	 480.035004	 6.237010	 82.986504	 2.909520	 375.312012	 9.339980
371.000000	 753.163025	 3.577550	 2647.800049	 6.275310	 62.998100	 2.927390	 1743.040039	 9.397340
372.000000	 156.496994	 3.577550	 257.973999	 6.275310	 49.435101	 2.927390	 83.496201	 9.397340
374.000000	 357.778992	 3.577550	 761.809021	 6.275310	 63.485901	 2.927390	 478.989014	 9.397340
375.000000	 32.667702	 3.570280	 146.608002	 6.262570	 10.849600	 2.921440	 214.654007	 9.378260
376.000000	 33.190399	 3.577550	 48.350300	 6.275310	 11.703600	 2.927390	 25.804199	 9.397340
377.000000	 45.108200	 3.566640	 69.143600	 6.256190	 19.125900	 2.918470	 42.463200	 9.368700
379.000000	 373.287994	 3.566640	 1306.069946	 6.256190	 27.804899	 2.918470	 912.935974	 9.368700
380.000000	 63.279202	 3.573920	 140.104004	 6.268950	 25.273399	 2.924420	 58.211201	 9.387800
381.000000	 35.117001	 3.573920	 161.606003	 6.268950	 2.157260	 2.924420	 191.820999	 9.387800
384.000000	 60.627399	 3.573920	 86.329102	 6.268950	 29.745100	 2.924420	 48.123798	 9.387800
385.000000	 56.838699	 3.570280	 313.352997	 6.262570	 12.788800	 2.921440	 421.395996	 9.378260
386.000000	 61.570801	 3.577550	 143.490997	 6.275310	 14.957500	 2.927390	 72.727798	 9.397340
387.000000	 119.283997	 3.577550	 552.382996	 6.275310	 7.700700	 2.927390	 425.329010	 9.397340
388.000000	 23.509501	 3.566640	 48.044998	 6.256190	 12.913700	 2.918470	 24.451099	 9.368700
390.000000	 39.145199	 3.573920	 48.565899	 6.268950	 28.349501	 2.924420	 -20.365200	 9.387800
391.000000	 32.419399	 3.573920	 43.775600	 6.268950	 17.928900	 2.924420	 -2.664200	 9.387800
392.000000	 46.484798	 3.573920	 68.773697	 6.268950	 21.494699	 2.924420	 36.143501	 9.387800
393.000000	 26.663500	 3.573920	 46.857700	 6.268950	 4.110420	 2.924420	 -21.528700	 9.387800
394.000000	 128.516998	 3.570280	 250.098999	 6.262570	 31.886600	 2.921440	 198.046005	 9.378260
395.000000	 101.236000	 3.577550	 195.542999	 6.275310	 19.851801	 2.927390	 113.000999	 9.397340
396.000000	 11.029500	 3.570280	 43.285702	 6.262570	 3.733410	 2.921440	 29.823299	 9.378260
397.000000	 15.590200	 3.559360	 89.757301	 6.243410	 4.512830	 2.912500	 47.836800	 9.349560
398.000000	 95.056900	 3.570280	 186.378998	 6.262570	 22.095800	 2.921440	 140.544998	 9.378260
400.000000	 120.227997	 3.573920	 133.738007	 6.268950	 68.284599	 2.924420	 12.408700	 9.387800
401.000000	 28.890699	 3.563000	 44.211300	 6.249800	 13.982900	 2.915490	 24.371401	 9.359140
403.000000	 18.846901	 3.573920	 47.233200	 6.268950	 2.927390	 2.924420	 -11.525200	 9.387800
404.000000	 37.193699	 3.573920	 50.864899	 6.268950	 24.462200	 2.924420	 0.442609	 9.387800
405.000000	 65.287903	 3.573920	 96.223503	 6.268950	 33.511600	 2.924420	 67.870903	 9.387800
406.000000	 39.069698	 3.566640	 47.092602	 6.256190	 25.983299	 2.918470	 -15.844600	 9.368700
407.000000	 27.456800	 3.570280	 53.892300	 6.262570	 14.414000	 2.921440	 0.951133	 9.378260
408.000000	 52.082100	 3.552060	 134.932999	 6.230600	 3.157230	 2.906530	 46.745899	 9.330390
409.000000	 35.215099	 3.573920	 125.431000	 6.268950	 -1.793920	 2.924420	 -40.201000	 9.387800
410.000000	 83.216797	 3.573920	 187.498993	 6.268950	 14.992000	 2.924420	 119.779999	 9.387800
411.000000	 23.022301	 3.573920	 43.926399	 6.268950	 10.375300	 2.924420	 21.914700	 9.387800
412.000000	 66.407997	 3.570280	 123.024002	 6.262570	 24.951200	 2.921440	 57.110500	 9.378260
