# id F89 E89 F90 E90 F159 E159 F156 E156
   1      36.7786112346     0.81715085256        86.0518827061    2.06764142596      191.234303112      6.06317898751        23.1393241685        0.434057820768 
   2      29.3108244108     0.91306715934        71.4178710561    2.44364371656      133.445517915      6.67101300687        3.27524928872        0.388060804061 
   3      427.947115267     3.32076328713         943.93910604    6.92959083353      1532.27418696      18.5930736484        28.0664308461          0.7275494252 
   4      24.9924060481    0.836066363623        64.4721538426    2.41766198381      186.237334538      6.71099986319        3.77175663542        0.288057000783 
   5        38.85840778    0.760583444778         104.55612477    1.97625393474      294.166590397      5.01939481471        3.90952634038        0.311988495513 
   6      56.4272298647      1.3503642587         94.919639086     3.2441727619      288.374212893      7.74366703016        1.54689842391        0.524741842279 
   7      30.2113586858    0.799663708588        68.6504054033    2.37132118296      165.246846805      6.03310428255       -4.12425601051         0.43812942986 
   8        188.0348929     2.17446526441         412.99256821    4.97666812982      734.791571677      12.3674986401        17.5999827716        0.514415660059 
   9      56.2907982924     1.24253797268        117.384531967     2.4396409889      185.072366471      4.32142812815       -7.37036508558         0.66293127313 
  10      108.276023756     1.16051099481        204.821659715    2.43764107197      310.141889204      5.61920305355        18.8927866548        0.673366317294 
  11      23.0886945806     1.00215761191        67.0965612211    2.30845987406      154.810698081      6.68845733342       -1.64453113476        0.440327809891 
  12      35.7141484754    0.768528795761        67.8908420618    2.00607533299      212.408119132      4.74292685781       -6.66287182083        0.277103537345 
  13      31.1823491088    0.925302350789        57.8001670189     2.6898913253      177.922685061      5.76854102885       -3.64582481639        0.481183071746 
  14      18.7885205027     1.03950654211        49.9942106301    2.84044239811      122.671453072       7.1362186602        7.78555128998        0.355659609515 
  15       29.071135909     1.01770338011        82.4173895885    2.76453375602      162.045843396      7.14852172079        7.48762775772        0.380832203763 
  16      54.6520593788     1.05757577947        135.969747074    1.39850560199      164.197938088      1.96274056774        1.06771823917        0.456258173176 
  17      45.0100072192     1.20622810546        73.5963838206    2.24149452246      173.107050007      3.95640304873        7.11674355188        0.491928375059 
  18      80.8304654381        1.21868137        123.466790263    2.03447238271      203.671295451      3.87266689967        20.1072329254        0.468975774705 
  19      34.8326352548    0.648450394331         78.589668298    1.89934593673      232.687900111      5.10700027906        5.49244191468        0.380070951881 
  20      123.023521687     0.84021393917        278.640406153    1.24398931036      333.196203039      2.98557622503        19.1431134566        0.394647652547 
  21      58.6773113928     1.08852694649        172.517739226    2.06499256528      377.421003754      6.13644244498        11.3161243276         0.71892104194 
  22      14.7375944328    0.840730744331        47.7348466638    1.74965789163       68.405734509      2.16154844361       0.511990969502         0.47947357928 
  23      381.461229621     2.56477631807        671.126537965    4.68502210806      978.250229992      12.8909018053        25.1356643758        0.714894886499 
  24      260.574102913      3.6339369252        602.379067175    7.53427111118        905.2656243      13.9419573355         37.125272538         1.27431430829 
  25      18.8081183496    0.898013648178        33.5310887529    1.61322165169      87.0273331762      3.34187919156        5.18735219136        0.372169148699 
  26      166.852782294     1.52678822319        193.615976531    2.20030573861       213.58070599      3.74144801004        18.6690480695        0.861015976433 
  27      23.8946135288    0.777364540442        81.9341851349    1.39894804599      146.846943295      2.49599636341        9.63247761872        0.552885053995 
  28      15.2118780308    0.935725062585        57.6727116741    1.72350065353      44.7536788275      2.53732734282       0.879212228243        0.561146878903 
  29      132.260857649    0.918840957624        178.227616929    1.62359997181      157.753068685      2.14261840878        10.1237926426        0.552954978676 
  30      128.911677943     0.85568820614        265.522994057    1.95334349174      302.553647477      4.15485678891        4.83780765183        0.517680394127 
  31       40.997976158    0.946901877454        80.7263332565    1.62774696755      162.609437463      2.89072562296      -0.740185598734         0.45825228676 
  32      101.091323915    0.804443912239        210.150521057    1.73797475193      343.736025453      4.10811380904        9.86877186434        0.513563660295 
  33      100.313223583     1.01587872932        136.594841082    1.54417151179      206.409441619      2.95851576627        29.0128461726        0.828390964714 
  34      139.424542268     1.95571314998        409.736532403     4.3202443169      1156.93076689      15.1066305828        22.8720873015        0.672200290379 
  35      105.487219299    0.929673230989        145.157944714    1.47285850329      209.714507697       2.7906027541        27.1918653082        0.552133742114 
  36      14.6078751985    0.986180464527        50.7759112666    1.87961253007      103.551671289      3.22757334895        8.11124431155        0.601387733582 
  37      1859.27130781     6.39372197161        4208.77226616    12.6837357218      6818.21190482      47.6781492451        97.9625782272         1.27844813574 
  38      108.559113169    0.905339322938        109.255895191    1.48546626344      95.7912949987      2.64473412123         5.2771943725        0.658254020694 
  39      36.2362980749    0.985949515391        66.9234310394    1.88471497916      122.143513426      3.90228751025       -6.56186341745        0.445443942184 
  40      156.726149505     1.05383699825        370.081306002    1.92427659111      475.584847558       5.4815770733        13.3237746762         0.50206948475 
  41      108.248169643     0.88757712823        158.328604054    1.55841454376      200.282483649      3.11931318225        14.2379767693        0.862723750393 
  42      56.6716641146    0.911117573751        80.3289852272    1.45136762163      125.721773079      2.79823391637        11.6760795182         0.43902713801 
  43      17.1473118019    0.770173116773        51.0370659807    1.57422202751      100.396583286       4.1962148999        3.02634735967         0.35657096789 
  44      92.0844827692    0.671177797656         186.93431886    1.35704640736      282.055497072      1.77034974474        6.59752451739        0.332507720121 
  45      580.410265074      1.8448594234        1006.19447132    3.72214539304      1396.91358517      9.11532179977        102.198383357          1.1693371527 
  46      421.215777366     3.32053779349        935.620781129    7.21579186075      1449.37192355      17.8834252802        76.1929180318          1.1406893217 
  47      387.988594306      1.2928228254        500.112817324    1.84566461106      576.191023475      3.91002637535        68.6801235834        0.862546427327 
  48      25.8630070757    0.806972085167        50.7361234496    1.58549821369      71.6950802157      3.39488042444       -1.23171644546        0.539808314207 
  49      77.0715368502      1.3279479719         88.830804328    2.92772519167      49.5377523913      5.69546041776        7.52550367055        0.795788903205 
  50      72.7903251482     1.29339565423        147.418054939    2.09282248141      283.319073537      3.43864536506        26.4786885399        0.841928991556 
  51      58.7994291802     1.03129794794        82.4883510883    1.98504527417      91.4067892616      2.91145570692        16.3783412992        0.435035942553 
  52      36.2944600592     1.03437322017        96.9575454581    1.54307818082      97.8257497983      3.06823221807       -1.13743701683         0.44544660042 
  53      99.4650381137     0.91526684827        129.424512576     1.4496791593      107.208484259      3.11287580522       -7.05369767368        0.530522624952 
  54      451.296569523     1.15531068191        1228.88610678     3.2238665246      2030.61426709      14.2412883094        40.5938816085        0.602570794594 
  55      51.1967192566     0.91127750148        74.2978770662    1.38794699038      33.8417926586      2.69324135175        4.88061005678        0.539607636648 
  56      164.227318494    0.850983955798        266.506214615    1.49819918777      369.353334683      2.47186552955        28.4220646336        0.541436896309 
  57      66.0097991568    0.825997117695        159.065437485    1.57137102839      219.443985453       2.7904971596        2.62002621971          0.4463162272 
  58      45.4253038545     0.81360371649        99.6458397062    1.59443137845      133.606208907       3.0749822549         4.3300384085        0.655826209252 
  59      19.7520166848    0.882380451784         44.489729015    1.52730378592      49.6416509491      2.68001724912        -7.2947548493        0.713570806536 
  60      119.336364446    0.878880474379        290.454351772    1.76413195963      414.580624086      4.23169475991         12.120583678        0.444112606349 
  61      190.694615587     1.06056399946        359.170813166    1.86124850087      583.231157962      4.82240021051        13.3421566715        0.664170820282 
  62      132.744029489    0.978077534424        164.384878685     1.4947907265      233.371372493      3.09942896278        32.4959482864        0.515135389183 
  63      85.9966418901     1.05210429025        186.444787252    1.48421547142        323.0492602      3.50196801489        19.2060975341        0.521182824454 
  64       124.92893954    0.860413596739        186.211099234    1.47005675318      261.855668641      3.24231923499          19.23888151        0.704296229118 
  65      97.6258273178    0.817543590334        232.183128716    1.56264190724      293.226852222      3.53785981088        12.3221663749        0.518273013687 
  66      58.1033291527    0.965744419702        83.2834959348    1.65573808151      120.461274513      4.13785957053        21.4185872002        0.520333790527 
  67      312.297092051     1.37896656796        692.717103581    3.19044695344      1089.69663053      9.45368651668        18.8491662293         0.44271255933 
  68      26.7430911162    0.802606697767        68.6800535915    1.47607092944      25.2417309467      2.86918490195        4.44656994782        0.430604520896 
  69      138.108976083     2.33791287425        184.576327935    3.46609764166      286.140515624       5.6340363921        14.0442987836        0.584064188448 
  70      76.5003806836     1.03854417434         157.60550825    1.64125729115       187.92112485      3.19080276688        3.71526357521        0.542126544515 
  71      246.231248073     3.44971646744         615.82471325     8.0834452569      1340.29185277       21.616468668        36.9614539535         1.16167712801 
  72      449.061070059     2.52109908291        1893.20957129    9.35636095489      4002.02689481      34.4801160291        20.1149965753        0.647646445065 
  73      57.3058261742    0.994058641431         75.180987532    1.49122564436        76.81641411      2.95830693503        13.3312227483        0.709169194487 
  74      20.6590640022    0.952937606369        52.4351619608    1.49038820869      49.3166076618      2.56495342159        3.65727131051        0.561833788818 
  75      28.7517956377    0.972523947141        67.9589475843    2.33848901144      103.947135444      6.58640577222       -4.47367251803        0.485760720202 
  76      20.4508274188    0.992764773338        49.1452513884    1.80136990052      105.432174652      2.83490648818      -0.634974431099        0.468195493793 
  77      27.4648187181    0.916012188431        54.8339146586    1.42206964612      43.0472033705      2.94855255126        28.0779342762         0.59734643913 
  78      274.210468927    0.981116293545        552.999174229    2.38311272223      781.319366993      7.14166107456         39.743211339         0.84082365145 
  79      54.2224735635    0.859867744684        57.5964704994    1.55845540582      100.648946296      2.84145440357        17.3773759384        0.468953636263 
  80       157.04797493     1.01112299535        329.184003454    2.05558333033      472.978929472      5.06542941398      -0.249742155879        0.472159363035 
  81      80.1701701382    0.989597014887        101.581908721    1.45601573533      156.965993733      3.58501814224      -0.191611627416        0.466686504068 
  82      196.067852088    0.958252148751         438.98232729    2.35460822104      704.421602168      5.87815388713         2.0766968604        0.511474159404 
  83      102.595753912     1.02277065544        252.642389385    2.02306447448      328.909370985      4.13087670122        29.1325403443        0.657063529548 
  84      60.7938499821    0.710007722819        86.0548832696    1.58903624727      257.466383648      3.27232373927         2.9539869964        0.465121854263 
  85      61.5047900104    0.933471539517         68.044206115    1.38555792253     -3.71419312632      3.16533430025        2.04375532124        0.560488690532 
  86      136.942877687    0.976945955886        289.191381563    1.73296455714      403.331086811      4.32291578045        -2.9976916053        0.496700383421 
  87      111.451395314    0.924815211989        205.930863556    1.91036907783      267.281805848      3.01018420933       -1.60703707162        0.427876442112 
  88      901.786759473     6.65669152047        1973.53294803    14.3768020335       3417.0210864      39.7234571976        52.4842030494         1.07719928872 
  89      12.2222370392    0.900583480956        39.4088240653    2.28978772525      3.56084764453      4.38249545234        4.47908627028        0.496970999303 
  90      811.184650064     13.7938757146        1830.72671555    29.5584748088      3391.09019072      76.7494778159        62.0793597991         1.53858549102 
  91      86.5048759313    0.944213495836        253.534502353    1.41460672752      347.178442547      3.92047081178        5.81445541789        0.687545878023 
  92      18.0663625026     0.57906724579        42.6208583511    1.80510201285      130.272879004      3.19789223963      -0.111695961433        0.329227592587 
  93      93.2223692427    0.828700905966        117.214632296    1.64285656947      104.744707632      3.14731576591        3.80443756383        0.607618941746 
  94      44.5897686307    0.924096110077          55.74771664    2.38034433841      90.9168152164      3.55277131295       -2.17466180196         0.41258425786 
  95      108.216429805     1.12162430402        209.834295558    2.06597740003       468.09542755      6.22859000733        28.2955696959         0.68689521472 
  96      1384.10842941     4.61688221455        3277.37417966    10.8029428083      5559.92442693      38.1931266265        55.8108064297        0.757502365049 
  97      5744.08687662     28.1958556391        14101.5270419    63.8019998803      24708.3084959      213.551812794        226.182199427         3.28914417646 
  98      817.972247719     4.16422288947        1894.52080581    10.2431024182      3050.79577661      31.4100743525        56.2532484398        0.623411206193 
  99      39.1229339251    0.927206975081        53.9649252068    1.65854798198      64.9757713691      3.01669559237        1.22001093335        0.631948338257 
 100      35.5879618728     0.90485324904         94.890284182    1.97584323962      171.491540159      4.54828774404        18.7117909505        0.558452257667 
 101       33.897657931    0.869795697451        77.4234994267    1.57602696601      55.5999892745      2.54802551388        2.78834217977        0.586687317887 
 102      73.9045302093    0.951500524806        81.4821077568    1.78954098224      161.192847875      2.95619222955        20.8897609941        0.576223169291 
 103      41.7586372242    0.878269607734        79.5271740522    1.64100693554      72.0684595891      2.70759188654       -13.6224980403        0.705948205331 
 104      24.6219022392      0.8641970155        66.8898954842    1.68483183921      281.762573308       2.8773188517       -2.07854666271        0.532545835941 
 105      21.1250427052    0.877405390266        66.5413616718    2.05569497439      123.326860531       4.5107184154        3.21550780869        0.383813492285 
 106      5394.33388135     29.3357442176        13577.6059905    66.7284484989      24362.4833511      214.895813733        225.703747853         3.49085855267 
 107      77.1110491506     0.89064531137        223.781552315    1.62096859175      369.054969565      3.68484758333         2.4131425115        0.478770132407 
 108      185.360067696    0.975736598345        352.599512329    1.53770831309      198.734746264      2.73334722002        31.3300193674         0.73096156386 
 109      29.9816823566     1.03826127373        52.8991994948     1.5731409237      8.86778014637       2.8373441236        -3.2691735977        0.577545134107 
 110      63.6686728276    0.909336550518        89.0451548504    1.42973783624      61.6410893163      2.51595890348         13.356236075           0.555264556 
 111      34.8932440601    0.887953676692        43.0741947758    1.63806601815      67.4266266417       3.7875326918       -12.7532076144        0.597984458564 
 112      28.3465079921    0.946856450519        105.598464225    1.49390976274       43.631529474      2.95978166027        2.33193936752        0.705931500513 
 113      125.449784391     2.06414220315        364.729624073    6.07455262176       806.06581891      13.7274390867        16.0954640233        0.710430367283 
 114      82.8390840432    0.962388343927        232.996505634    2.93454336157      320.609074483      8.84683700171        16.3073867232        0.500586464205 
 115      49.1023679988    0.922339342767        89.3635511313    1.50659848349       78.108017769      2.62030128277        9.60163768111         0.62350063127 
 116      32.5952463461     0.89566459188        79.3380887822    1.37120098213      102.444536816      3.03961595834       -3.28240946331        0.455970586245 
 117      72.8359795501    0.832847926182        124.761718432    1.43106325085       199.97422521      2.89604023583        4.78228702871        0.468043722138 
 118      23.2275068464    0.678335552849        57.9398930554    1.33373503518      6.25539919153      3.61537468867        6.65927549636        0.379373279179 
 119      169.278980049     1.17277841602         349.87798487    2.32498145209      652.301857182       6.4649609113        46.5880371067        0.808345156228 
 120       15.332266149    0.542999803892        52.7172058807    1.35019967967      157.142399666      3.88037634711        2.64971655573        0.399626138564 
 121      115.535417393    0.950177438347        244.750012729    1.71838381654      272.310708588      3.12326417379        19.5324373736        0.678407270889 
 122      142.977671145    0.958254911851        206.709141462    2.10148564947      338.471109337      3.95829354709        36.1026209719        0.736289785844 
 123       53.959885703     1.05264068238        57.6014430075    1.70646494219     -3.19630119553      3.10867266105        19.1893632629        0.638029106523 
 124      70.3919717326    0.956876743007        93.8486048309     1.6414280679      142.927245659      2.77878072018        28.8649452856        0.792871569309 
 125      84.8262450639    0.913065294403        112.511452311    1.58021264181      183.576679142      2.86383344729        11.3313560735        0.500599534803 
 126      31.4245391653    0.971544935532        70.2729291596    1.56435265099      73.9959249984      2.25414706933       -3.99589988866        0.302328822138 
 127      682.122226188     14.1995472188        1076.76327857    31.5423781958      1583.73115743      80.1569166545        57.2952105784         1.37309681676 
 128       1430.5834661     7.41831073826        3667.84234062    15.0218549476      6025.32013321        51.06140515        56.7753353851         1.17486172525 
 129      46.7579284495    0.865790481936        70.5567870967    1.99805890296      128.997179868      3.74829757687        6.95516605449        0.481773519364 
 130      15.3543613692    0.523399662548        55.2098322348    1.24746629082      141.018507495      3.61105527882         4.2963780393        0.422903872057 
 131      23.3180953763    0.835637602143        56.1047658175    1.68456471061      125.149144318       3.4730791647       -2.50722134584         0.51112243615 
 132      55.3966411217    0.869898279498         109.47098757    1.48982926711      134.198081692      2.67374747181       -2.75358741869         0.43037016041 
 133      102.366927224     5.24727028427        170.880030307    7.99102381918      655.541212939      24.3833433748        13.3396508883        0.720352082809 
 134     -188.645212059     3.10736087779        305.824512219    11.3010520942      696.192984605      39.7217689707        24.4250305155         1.27167855567 
 135      445.161803482     2.21346304535        858.405986125    4.06526171322      1068.69125781      8.63356280222        65.4160041034         1.04336887995 
 136      43.8828254035    0.889542092284        88.3900092149    1.50130282454      145.232308425      3.39931384164        12.2815364446        0.562505858989 
 137      492.425629758     3.25172468858         1048.0545078     6.8425553222      1574.42461893      16.7392589892         29.522570228        0.640079539949 
 138      20.6156982682    0.943608087074         89.117247565    1.94525545019      124.439129317      3.11545451442       -7.31879267802        0.726825345539 
 139      28.7068422195    0.975273036902        53.1806462701    1.66271784825      64.1332867073        2.658398887       -3.87658358978        0.481573700997 
 140      51.2888653004     1.16320810204        346.598061677    3.06811035073      1124.46139599      10.9107314691        6.51136976427        0.556413874526 
 141      20.0198974705     1.06678038799        59.3124030593    1.62523884827      111.809478925       1.9528632605        15.7830401451        0.550531761755 
 142      27.7949879054    0.816611439942        72.7754084332    1.61044230474      119.522938492      2.66614976429        6.35361766115        0.557800767302 
 143      49.3886890593     1.12696800021        114.176327559    1.41880349598      168.102868821      2.76153722054        3.64020083469        0.387556484531 
 144      155.295432662     1.19357172072        403.586377795    3.19032991616      956.634285858      11.0890831511        20.0408075112        0.563408446446 
 145      104.620108617     1.03242452112        228.344145031    2.52539754669      425.562811186      4.67673055504        3.12045792843         0.47789987354 
 146      155.981033198    0.870488522933        174.658807064    1.55764278715      196.703957842      2.06213980811        30.8743457232        0.607829460614 
 147      18.7435720538    0.908703755259        55.4126427876    1.46724934434       79.872637748      2.46876856869        4.81890015241         0.46446699449 
 148      85.0531913331    0.898648667199        92.5660363295    1.45994840139      77.5787223294      2.15131720166        6.62310402101        0.528739055977 
 149      154.670732603     1.06724489194        345.945510095    1.92104737759      521.975374424      3.78221128645      -0.607509298911        0.482406477188 
 150      494.676524351     2.79223076977        1148.02513568    6.37201863978       1849.1138559      18.6377708013        27.8317013345        0.724640004023 
 151      297.578511938     2.23197576588        671.334011387    5.90737017702      1032.63606239      15.7804441901        12.4619941554        0.621245263951 
 152      143.286491544     1.04229508754        317.843741054    2.20252043129      467.541204077      4.95286469004        9.57579143304        0.439077132545 
 153      51.2875340323     1.20732462635        108.126254139    1.68496223693      151.988544237      3.04577159295        11.6880534829        0.477520139253 
 154       64.256557051    0.998357396644          143.9515715    1.65132472464      204.898939094      3.03756032735         1.3098523854        0.437451229873 
 155      1477.99821673     4.83421612207        3638.81669662    11.5139798503      5978.22736623       40.909616895        46.3843117376        0.879819685632 
 156         30.3769659     1.02464599319        66.0127258114    1.41494766154      59.3502889403      2.48445035222        7.42453379149         0.55312004701 
 157       61.499818137    0.833768163373         107.89748726    1.67939124251      83.3131128367      2.35052108102        5.26226161511        0.554882141354 
 158      322.628674327      2.9454722131        672.416355484    7.22259472165      1199.16403219      16.3447118996        29.2631696309        0.549497434941 
 159      112.847625109    0.794191270048        221.562784503    1.99948935808      321.342092548      2.21369729577        3.28627031013         0.54866328652 
 160      86.1756750656    0.922884944049        206.191493327    1.67013139354      245.510421413       2.9003746436       -4.08226441946        0.483526647929 
 161      40.3672920006    0.879776716486        72.3077441683    2.46449290137      89.4992928833      4.29096308874        12.5010404653        0.550498147981 
 162      47.1682004707     1.00457205628        117.583082695    1.91725162567       159.02927652      3.76651760459         5.0518026826        0.572975173337 
 163      314.261367781     1.75908592186        733.751864388    4.52715037363      1216.82228393       12.697358466        19.3499498618        0.600182637611 
 164    -0.807029862066    0.760243391779        53.8249970502     2.3566889104      88.9713601391      5.51251457203      -0.273538951956        0.530761922174 
 165      61.5197464091     1.03794674312        83.2030640748     1.7088649375      76.2986382315      3.05909007855        9.74190380922        0.627979328276 
 166      39.0215061894     1.09444053587        70.1378398642    1.53258653873      181.385952595      2.99800080311        12.2688710421        0.399390845641 
 167      384.758285916     1.49674758514        1304.60640812    4.73363642019      2689.20050827      21.1349620446        18.3044265027        0.433083517329 
 168       97.909121485     1.08591639627        254.020470724    2.78052231566      441.377132814      4.85108525838         10.950051126        0.435286561419 
 169       27.533792845    0.623058246333        59.5285203395    2.08727495849      111.779751956      5.29074893892        12.4113997147        0.398555219481 
 170      66.6081014966    0.751221993332        138.700838373    1.95874330144      306.548522402      3.03366569767        14.8117533784        0.526539601887 
 171      57.8550644892    0.931677705128        115.693314179    1.79964738118      197.329133345      3.41558386411       -7.70806806769        0.472592612054 
 172      229.692488001     1.26737181751        529.223590292    2.86510707542      806.938970698      4.68034303718        14.7081972755        0.597297457695 
 173      41.3179368302    0.878053292704        95.6141051484     1.2859978039      95.5225793469      2.89990700854       -5.16305950424        0.574995830476 
 174      383.738747734     2.19368299886         582.14352696    3.47786095659      756.119017984      7.55066788896        30.7342181129         0.71277803546 
 175       266.25549608     5.56977699374         433.14038839    9.60592549881      693.523255174      26.4084236655        69.4357682472         1.10977886507 
 176      97.1158339027    0.791529337911        202.446730093    1.82342090211       483.33448058      3.04750159214        21.3967308559        0.697577881282 
 177      47.9529122528    0.905011770574        84.4501774039    1.61220272969      127.137704655      3.08619468436        1.39479470915        0.616253213974 
 178      50.7554816612    0.851534032554        64.8662178494     1.5613950064      114.950435738      3.09891066287       -1.41739176035         0.60545653885 
 179      84.8723556181    0.974023674557        155.290518793    1.83959748685      185.622677744      3.75796399143        4.72758434711        0.483816073866 
 180      362.162480721      1.5825013404        774.664517456    3.88258512806      1208.92830924      11.2212692786        23.3015447808        0.575710728887 
 181      86.4439865738    0.934382438093        194.541964472    1.69985630106      319.957745572      3.54894303211        9.43628078683        0.541708852601 
 182      7.61873387326     0.64069644442        41.3381505865    1.71480336694      83.1298493131      3.71164329014       -1.09787440618         0.36046735996 
 183      42.1291240801    0.940522854041        66.8938980293    1.57997434996      86.1834985601      2.23286789013        4.33773152367        0.552886497849 
 184      17.3694297377    0.945151690527         41.716834065    1.47255530833      102.456402855      2.36103656907        9.81299362192        0.570585842859 
 185      15.5281337642    0.598538544628        78.1747198656    1.53901020137      207.953952133      5.62361393213       -6.92970917183        0.382223043016 
 186      86.2825658531     1.00066405433         194.86481726    1.81579160865      251.766424956      3.85770187623        14.0112412784        0.491065350727 
 187      50.1935597737    0.862659785658        87.2869213873    1.73929807313      93.5137478659       2.3686591525       -2.72218296532        0.629686882368 
 188      47.9621310089     1.05441865776        105.948840117    1.36051044329      186.771157569      2.47540244283        6.87645289084        0.488705029453 
 189      48.6122396454    0.915107014135        73.1982754811    1.40708760474      122.166652732       2.9824606065        -5.0542186259        0.637228675654 
 190      16.0492311571    0.737564990556        57.6720757263    2.27378153633      159.414567331      6.91039254973       -1.02938567075        0.378180511859 
 191         14.9210239    0.913866523386        46.4026946972     2.4907736523      106.490688801      7.06436551346         9.4862400728        0.555667537309 
 192      2.86444180164    0.762554541994         41.303643503    2.45184960199      159.923766567      6.83872294421        1.76854969352        0.426003009493 
 193      32.2959270604     1.04883839444        62.4446005856    1.40562153118      52.1264164193      2.29312937101        3.62570321281        0.468349903799 
 194      16.8001387792    0.922048403609        41.5690928868    2.34766809142      123.850216271      7.58767911808       -3.02514287359        0.524073697659 
 195      308.637941427     1.50880288647        669.200835298    3.10051276748      1066.79393519      8.62122353455        3.51826899281        0.572127454143 
 196      399.431451066     2.44883287555        919.117206947    5.13736801975      1539.29426209      14.3304931936        6.64946317711        0.879447470065 
 197      39.3043838924    0.970182421432        80.5870581947    1.69979725475      185.202715311      4.15205402867        16.0713054948        0.610920965188 
 198      95.6204519432     0.78035012701         372.97745332    2.28459216146      857.836685023      6.78082525542        7.66800472932        0.472340650701 
 199      24.7315377149     1.03653266031        62.5903562908    1.54613432506     -4.71558075234      2.04042674365       -6.99762739376        0.390630468132 
 200        49.22605167     1.30504909468        82.1569706847    2.46816851965      133.685237436      5.69486739642        13.1643555729        0.607592176137 
 201      47.5887768297    0.820527413111        98.0446927127    1.49205337359       54.398102089      1.71350235707        5.92252369085        0.508050897812 
 202      585.063927073     3.04929162466        1297.52135555    6.42592496922      2020.70126449      19.8305380309        42.8425478493         0.60703260319 
 203      21.0159292623    0.986372415073        70.8128400633    1.80227834706      9.72852363931      2.88682982546       -6.44377348393        0.613358885584 
 204       37.754245438     0.94845708822        40.5755040357    1.96559936944      71.9221682347       2.5760149619        6.19169953574        0.492256851783 
 205      102.851181031     1.04868102784        224.900025256    2.84548695496      397.815879825      6.65524408857        2.19752685206        0.472748216486 
 206      146.860571747    0.900723375714        187.642860039    1.44615306277      207.357381136      2.49076052636        27.2521978214        0.518789322434 
 207      160.416896838     0.92779539107        389.510460886    1.88030071986      998.005103988      6.98551282752        33.4822117699         0.59298731328 
 208      266.663773657      1.7964487164         567.24792213    4.51781744701      977.288803506      12.3100657454        21.0908954376        0.623919832932 
 209      80.3262026065     1.24468107958         122.96379969    2.70857868413      199.958561742      6.18381565798        20.9844852629        0.731834929331 
 210      95.5506974328    0.818552486145        148.564410547     1.4405232103      110.636231497      1.93162007154       -3.44383876109        0.516974693454 
 211      37.5594848703    0.865175174187         87.804855271    1.53794095491       84.305985845      2.32908754682        18.3163296784        0.480841613127 
 212      54.7131044045    0.866406884561         88.153992717    1.50023964019      107.749321241      1.91205592639        3.96843603311         0.47683065327 
 213      85.7673906382    0.968615720217        179.472339561    2.54267308813      253.496219074      5.36370317169        11.2488377376        0.487027352806 
 214      111.267027101    0.916143141337        232.744634325    2.00385473974      385.168115189      5.44380281838        10.0774963923        0.449909207375 
 215       69.518546816      1.0664513813        77.7757580584    1.60125156466      201.873733369      2.13183276611        32.0872790068         0.61209042283 
 216      146.871524116     1.66492189595        313.804279437    3.58915161015      479.295861385      7.40644460852        5.52399945528        0.816560530059 
 217      245.894177261     2.09581320667         535.44880527    4.46700991906      898.364631597      10.0093781744        23.3367277012        0.677431036599 
 218       385.46777993     3.70964896796        731.555241317    6.61288994541      1019.91847831      10.8046765541        44.9580658271         1.42439325059 
 219      62.9675541901    0.926601105775         108.47524236    1.67274371317      128.883114815      3.05211390452      -0.478647673627        0.459237182581 
 220      59.0423541489     0.78145922872        97.0138741027    1.45774687945      105.796236719      3.17579656943        9.11460076111        0.554647361229 
 221      35.0318649189    0.978184196014        69.0890398869       1.78485201      74.0541243675      2.57872461531       -3.23568084732         0.66426347338 
 222      223.559875185     1.22208715826        491.363224003    3.01127703887      841.785407214      9.09536538886        35.6625241708        0.696046403461 
 223      55.1012189927    0.850122612645         82.101714433    1.57976440687      144.595916865      2.09550362017        25.2940119509        0.615332649629 
 224      23.9217454042      1.0159356546        71.4981763945    1.60298584287       122.27388556      2.91951922069        3.58302891917        0.450865447485 
 225      270.886327359     2.52626000308        376.134460018    4.19093662769      556.674895385      9.72332814485        43.8547997721        0.921097810546 
 226      39.5186545046    0.934661339184        48.3112926272     1.1872913917      47.7544275287       2.1710148275         25.964843541        0.567730296056 
 227      37.6402834628     1.13691203817        56.2522321198    2.73309621147      182.793117312      7.37323068916        9.01244851547        0.456239461453 
 228      59.8356389896    0.929552408176        117.123952195    2.48553480461       236.92497343       6.4220744429        -3.8432419223        0.526496043423 
 229      20.9068609439     1.15976701528        49.8001126517    1.69560762503     -39.8064874683      2.47453359751        13.2233087206        0.724173251469 
 230       47.986211349    0.975995382329        71.0690929562    1.63026327281      147.296511901      2.53767955761        12.8108459978         0.44387406438 
 231      18.1257960993     0.98500131515        59.7704158769      2.528181258      100.848255245      8.68566624835        10.6355362172         0.45136635813 
 232      23.6134237214     1.03805386024        60.3769200291    2.56684253147      63.1117557405      6.51416069177        13.9066574903        0.590152623281 
 233      112.718192814     1.57483798701        111.794469225    2.53942637203      113.179061381      8.42390725286         9.7347355901        0.709900995939 
 234      340.589434096     2.37715031638        746.892060568    4.43596487195       1224.0599821      9.70341594268        24.0576465835        0.681570340972 
 235      15.5401370474     1.13064158201        54.8368080114    2.27315793283      110.532022078      6.80176865736        12.2621008085        0.619988185429 
 236      134.471618655    0.996080060446        383.522066218    2.68855340353      866.628238021      9.00142761314        11.1685238594        0.471914630597 
 237      58.2648953127    0.946762592007        142.053992249    1.58491727077      146.353099588      2.45193281427        1.89880080934        0.567269803444 
 238      21.8226854928    0.991249350678        67.0781611234    2.06718921779      159.841054022      6.02557367669        3.12842872455        0.402244179345 
 239      53.4080735969    0.874736642621         117.64987104    1.49774207557      128.475186341      3.56692095126       -3.35634965714        0.538663395281 
 240      15.3163258337    0.861366066272        63.3970078479     1.6359339751      131.577514075      2.02387513203        1.21900457467        0.473128533584 
 241      23.8197577938    0.762418832313        50.3313364412    2.09421681627      174.547121516      5.56560059304         6.5371336516        0.369552621971 
 242      156.814346351     1.32798831725        368.569372642    3.08843485179      536.946199546      7.50623183462        12.5532433914        0.660635180539 
 243      258.444226155     1.05120256778        295.445828601    1.68768075711      381.270996806      3.21662672005         43.101426761        0.625174236334 
 244      47.9067245185    0.885180786307         95.151032313    1.86053442252      138.137410442        4.779356667       0.760404835495        0.488869345765 
 245      105.894633652     1.07483275298        226.150054509    1.70068586715      282.918905539      2.28153272198        2.97392361907        0.530499305394 
 246      29.4677248561    0.818005225685         65.985236784    1.80190885519      135.448921452      5.41564522267        9.98488144493        0.617779490046 
 247      55.7006348981    0.740874621387        86.0236615776    1.53033388407      137.771370828      2.08253081972         5.0657178927         0.54953425752 
 248      551.047295985     2.48692047021         1321.1251139    6.00620977624      2281.52476481      16.3302307323        43.0346984441        0.925663369576 
 249      72.1861025097      1.1191040936        110.408744765    1.69437313642      147.189397357      4.31849693633        7.52822119668        0.546498139553 
 250      54.8267079009    0.862413800843        75.7982195625    1.84760346943      114.317154699      4.64009612083        9.19215657804        0.640092759989 
 251      71.3660563028    0.876413681313        132.653992275    1.76664130639      226.916658257      3.97948777191        9.64132303528        0.624815069412 
 252      103.925986486     0.87880142938        135.938924217     1.6697068259      146.890451733      2.24651014902        12.1235940853        0.537339266655 
 253      30.3043391192     1.01400918286        51.6629125165    1.52079639917      86.6435121168      2.29999988257        7.34769215871        0.662111661105 
 254      161.046006943      0.9006553955        215.034563054    1.53105652152      263.157932336      2.15277426268        15.0081168118        0.675118365753 
 255      180.591399959     1.51024255529        255.612720968    2.31165114738      382.783229857      5.33604763627        5.75806001181        0.397923649461 
 256      21.6628517352    0.800476683585        46.8382584089    1.80131646202      140.011642844      4.83438809099         12.444273057        0.393008366991 
 257       58.588090143    0.829249221693        124.926694393    1.26657475223      137.441901212      3.16854909034        8.77638781638        0.464109112889 
 258      61.9457171495    0.834950736845        64.1026488587     1.8544856436      149.531420244      3.10461169152         12.146026054         0.66618885849 
 259      60.0439187607    0.802461745803        69.1114685723    1.54295172744      54.3257920437      2.75569426484        7.55618197904        0.607608461583 
 260      104.695044825     1.14679135933        148.557795703    1.64289701552      94.1020617654      2.29618521315        13.5937421849        0.878312837697 
 261      104.268874841     1.66065784486        159.024474624    2.81401964303      236.270489258       5.2145433055        18.7569839373        0.629341702106 
 262      42.4830943296    0.893521893186        49.8362934501    1.57288878903      32.0295291185      2.07840595113        8.32757807568        0.444980142067 
 263      55.3305833246    0.909235406838        103.795972531    1.53200852056      110.972565414       2.7200490365        8.74637088526        0.575341967838 
 264      54.5612964204    0.975074007516        99.3446579068    1.55498483973      52.5889572048      3.06801841207        9.22667662923        0.389259967991 
 265      67.4492761524    0.833750233416        126.431736711    1.43978887629      85.1735586738      2.65609444864        26.1836853605        0.459433089173 
 266      104.718260436    0.957084660532        188.180778381    1.72626920628      180.477233081      3.55723285325        13.1394012812        0.357029707882 
 267      328.326498372     2.82361523248        675.851669358    5.55486324734       1138.2429968      13.8176186131         23.334356631          0.7751649082 
 268      99.9406864833     1.31260304767         140.58580025    2.16417554227      188.061467445      5.28921074907        21.2708503949        0.705576729149 
 269      160.006475567     1.05997886895        328.742472644    2.01294406072      448.394049259      4.80031004396       -2.34577393412        0.555641281373 
 270      90.4455949053    0.859731662892         159.08298265    1.92834518145      71.4684984403      2.68044626728        12.5132958064        0.661329554573 