# id F89 E89 F90 E90 F159 E159 F156 E156
   1      27.3469159425      1.06690500415         81.41525391         2.15496006369       212.272013061        6.16191057169        4.7601531359         0.346913194658
   2      56.2313206935      0.95923167405        97.228257699         2.10094378794       315.820923908        6.17240621034       7.41973013827         0.452393489499
   3       629.14384956      3.62263266443       1467.82187963         7.32868373227       1759.31967256        23.2435300559       20.0282596049          0.69597507916
   4      149.901774268     0.964506495051       290.049093418         1.61460233684       522.226043201        7.77158829434       20.6352044625         0.608508648374
   5      49.0767986448     0.742892881548        63.020514501         1.56464784295       51.5076435391        2.22877559322       8.67386697349         0.439789374496
   6      167.785506372     0.916768929994       370.274738015         1.64121908834       572.970084827        5.98723151469       17.8339610338         0.557367248801
   7      70.0729223067      1.26260264794        135.94438654         1.65765001632       191.785744263        3.84238016479        14.694097179         0.574444292248
   8      26.2705276112     0.987696718731       54.3742696838         1.52480909424       96.2754834011        2.42574412989       8.91071795007         0.491612207575
   9      51.0457932197       1.0327782394       64.9798180933         1.80830433602       160.897781057        3.13003932496     -0.623680558227         0.488504453476
  10      234.459079269      2.05085989183       479.619710416         3.94743754031       1110.44506448        11.8736214843       34.0599173682         0.448038251263
  11      65.2362422917     0.685611305775       100.667838953         1.19138757845       146.936431105        1.86154348436       18.3822305687          0.30784606034
  12       112.35944519      1.10002924751       558.797291287         3.18731129932       756.720538392        14.2972614647       1.58901193793          0.52361817386
  13      29.3877585886     0.634266056966       65.1794548321        0.991690639228       118.340688485        2.29936944802       12.3357435703         0.416613064902
  14      100.383107215     0.782571742775       151.446438815         1.43675487918       191.298716992        3.92086360294       10.2693576213         0.503506331239
  15      57.2367588231     0.808784731163       145.682152748         1.47163180114       114.471341201        3.06663907362       11.3103484301         0.404494620264
  16      71.7051701938     0.789621919684       132.615697604         1.30134320642        149.87556824        4.57484740841       8.68830063065         0.455566338627
  17      183.499425505      1.36711671508       203.982518212         2.03824400761       173.366528197        3.94259980297        28.001412044         0.648298764043
  18      48.8502469973     0.899661995561       120.837494963          1.4959562638       89.6242898624        2.79670406412     -0.122132862711         0.489080320574
  19      96.0670584351      1.08061141768       192.809024503         2.01536903356       220.126936953        4.97559525091       15.1307629362         0.491181841057
  20      88.5072191719     0.821676907726        139.79685497         1.61912925113       55.5795466913        2.89926349817      -5.25097297826         0.337324428494
  21      18.2441456793     0.746156644803       43.3696077705         1.47779111584       92.4145809691        4.23073722241      -2.85137827176         0.295008728126
  22      17.6439363511      0.83552509017       50.9099067828         1.56271250627       126.524424677        3.78390065774      0.119028176782         0.365847083337
  23      62.4568651457      1.00504797953       76.6727900126         1.67415042359       119.424382377        2.58452647242       8.76295868499         0.572083369805
  24      53.0274589098      1.30588658407       78.1757891233         2.11046348497       113.438875278        3.70927463742       2.19015139096         0.543720120213
  25      99.5555916078     0.737773381392       215.913514152         1.17770746105        267.32373997         3.8381146624       4.46577466098          0.35585817939
  26      53.2258772972     0.892107296894       63.9094098712         1.43333151747       4.04252334596        3.17429690968       7.51348264006         0.405597034953
  27      36.1980839437     0.881888636918       74.1156602498         1.60306647097       53.8874707976        3.20016092966       11.7830672037         0.511314203424
  28      75.4899454005      2.10339481194       161.943701048         3.23297634127       210.856614359        4.97606378811       3.41440673498         0.625962338587
  29      148.355921826      1.01423812306       320.049754517         1.74598190995       277.959611667        4.29074899146       17.0618601203         0.642511410902
  30      275.977860201      2.14132821932       525.998955381          3.9924433083       559.510932912        7.79903491969       37.7953877672         0.931153264395
  31      82.9354931706     0.813029720619       147.705870643         1.40482043595       146.056781965         2.4710509723      -13.3947355367         0.424266944907
  32      171.311647203      1.19223541771       288.575784535         1.72154696229       200.499285026        4.61372325542       15.2712877112          0.66367866156
  33      33.8665412461     0.904557179389       59.3599545247         1.40469601078       53.8306335054        3.57929287167      0.493959556639          0.45740332475
  34      232.150704317      1.63024477064       364.037548667         1.95270312349       367.492440109         5.0937559668       35.6533945663          0.84875444161
  35       64.119754078      1.19872523651       144.309223846         2.25664296568        108.21402224        7.75293212463       18.0463741803          0.54982314788
  36      116.701530421      1.91346955336       234.664984704         3.18841710489       575.442976808        10.1555652498       20.2443961783         0.643589166106
  37      57.6279424506      1.06424370593        65.750005386         1.70472886834       8.74666820136        2.15924827972       12.0346297641         0.588979090076
  38      18.9859193479     0.932151483385       118.589105254         1.55160001599        179.33094267        4.07188622241      -8.56428786668         0.469730018514
  39      237.925417328      2.49773482754       569.797876136         4.90760982893       659.241844978        11.1682182326       30.2798122956         0.889040257703
  40      87.4474382276      1.09247430047       121.108364605         1.72178098354       65.1435798379         2.0335753561       15.0554010024         0.472795834448
  41      72.1322259346     0.928788749935       111.050590997         1.63955411385       59.5764412286        3.11813897257       5.99961782967         0.512970197707
  42      45.2147631973     0.642791409606       54.8038840242         1.35506701806       240.805514811        6.76921873468       11.2258455132         0.393294188216
  43      56.5595403467     0.873394145672       85.7665768745         1.41841741385       6.64038580496        3.36254559908       4.09932594826         0.445729956903
  44      716.948648993      2.82470700869       2352.37267272          7.4096079559        2584.3232751        33.8138184889        19.369321134         0.569317440407
  45      37.0116194322     0.836950554951       88.2175260553           1.467471776       19.6319408018        2.88265206662       2.17499938078         0.382240400991
  46      75.6049710193     0.867660844914       159.759702382         1.51446648652       131.662819124        2.57998908566       12.6771842955         0.472691229817
  47      42.8829906391     0.918422036366       87.8011609651         1.58239458465       109.976870974        4.06929269304        6.3676877854         0.472545598782
  48      150.270139683      1.57851697086       342.317955759         3.38917486845       411.765671352        7.05357658651       4.43163356537         0.508839081041
  49       64.949763553      2.17956413475       146.445975932         4.84437088206       134.428905481        7.02378912212       15.2897562444          0.45745410338
  50      85.7445032217      1.84469327041       128.332106041         2.39111235368       245.551675186        5.48189374139       11.6412191519         0.847893974124
  51      57.4797215287     0.866118341122       74.7532643469         1.42022798686       104.338240069        2.25949882825       9.54234611748         0.495846848542
  52      62.7603123719     0.836680233588       81.9513953136         1.53074261167       136.985838401        3.37222924244      -1.00983290933         0.494328151505
  53      57.4207517007     0.883511715174        75.256843611         1.35605905853       17.6026464667           2.33599078       10.8544963195         0.465473744531
  54      434.889655134      1.18793548943       516.818376871         1.41921234551       332.714246951        3.95790124177       52.2598006223         0.852672256154
  55      51.0227941855     0.950536553226       99.6198856677         1.65456874795       49.8273702821        2.95744898148       1.33337700409         0.430912438423
  56      95.8887283582     0.999784481736       231.462785636         1.51476633424       181.608009928        3.22941380285       9.91003043872         0.464032487484
  57      94.9714118684      1.04348034659        259.67993118         1.90764490261       482.006131148        9.27894325997       17.4567920562         0.378425362029
  58      23.6670443841     0.669636032465       46.7978827055         1.53462998249       147.597027018        3.43699700418        5.0200257608         0.331110356685
  59      70.0171061526     0.913352316563       134.575999928         1.45543695689       226.283630495        3.44499057003       5.18802538768         0.439174503764
  60      2.62749867282      0.90628915739       31.7007929743         1.49075235423       122.232695595        4.36895774474       6.52884147911         0.296656395112
  61      45.7722342651     0.937910490512       47.6021119086         1.52326679942       77.9803187064         4.3559632518       13.3812293987         0.374862904027
  62       101.81374702     0.853724048009       217.628400628          1.4128126558       170.796828731        3.24846532221       4.48242187563         0.363712056845
  63      30.9136000362      0.88322394414       85.5790470744         1.62792840913       345.023329273        5.73742395392       6.87105535995         0.443551560646
  64      52.2413681419     0.658531340644        106.52899997         1.39376417206       114.798854508        4.25145091132      -1.08020647163         0.323618195162
  65      221.850137013      1.95262304668       305.962534449         2.81885348856       374.135998996        6.81064776555       50.6065003576         0.912438291318
  66      75.9981265641      3.15832657451       97.6470019293         4.29440503682       142.483171725        7.22960929171       4.93485045808          1.06840877144
  67      441.707842981      2.45129683759       1370.26537979          7.3215827328       1844.62565945        30.4849112531       38.5203915095         0.727230159912
  68      179.482982423     0.816632822251       394.462055835         1.83801556224       282.553353197        4.58496950564       10.7821655263         0.567525953261
  69      177.415156263     0.980937059288       367.725309701         1.74345649585       461.857593716        5.48977272215       13.2299039582          0.30754442827
  70      58.8476118166     0.801997546476       110.272749192         1.34680807977       28.3297892438        2.82221441214       7.38110109481         0.465996745038
  71      30.3311928726     0.770134607409       57.8109449359         1.50473765295      -11.4810057922        2.55390204086      -3.76214923591         0.400067552295
  72      64.9215031133     0.912008155263       165.597815716         1.65932298174       147.579880514        2.43471606479      -6.02702100888         0.394120166169
  73      39.1590868951     0.953522071428       100.119756114         2.18221963794       95.2785869949        3.78177975622      -3.10031061359         0.465596867105
  74      22.9316483194     0.951938079895       63.6055633814         1.47570338127      -18.2513880446        2.81461324797      -1.08983196347         0.412304750453
  75      4.46694035909     0.713376622583       42.0724768048         1.37056166047       176.647728711        2.53598845795      -5.56398391488         0.395380066485
  76      39.4193865587     0.796704802679       62.7427900135         1.57239989305       148.860475568        3.49344689179       6.46206609263         0.305682431562
  77      336.061634374      1.19716897234       527.715286792         2.04722806739       470.957084273        6.34098444722       29.7607302004         0.555923598769
  78      25.1379420028      1.08696165971       40.0892828362         1.91981253632       118.988236139        3.44597457032       10.5169767984         0.368151840288
  79      653.782791348        4.344306197       1590.04285317          9.4237399463       1716.46243747        29.0964580993       24.7496597856         0.684166280542
  80      131.836742461      1.14430878862       336.136923604         2.65894914851       360.620672816        6.62032670125       16.4152952889         0.512529111078
  81      204.107286624      1.65307811613        365.00072456         2.51036070151       448.779952136        4.62639992617       5.03318497262         0.599955324968
  82      74.9429228915     0.921617826152        167.64104277         1.48609335656       196.337838194        3.92044824716       5.49892278089         0.379409097569
  83      110.280371909     0.953813234305       146.233179526         1.50254180636       104.599768115          3.579474701       12.1828506903         0.506967472518
  84      73.2059646072     0.791747762822        332.79135215          1.6334537493       563.562018484        8.00443464126      -1.58350166614         0.351555404502
  85      52.3697237375       1.1476152911       52.8391680241         1.87618290177       96.7622253125        4.42297098912        14.952576899         0.486202617159
  86      513.766984323      1.45194899842       640.542887453         2.11135702019       507.231105109         7.2285649423       54.0174346753          1.06268717896
  87      106.818066093     0.865280024569        129.81094977         1.47133395272        47.101565788        3.23566938527       21.5892399713         0.547172061009
  88        61.75125213     0.872594631411        144.55525305         1.66130383165       84.5854398586         2.0675211836       5.36248651413          0.46510539908
  89      54.5390383156       1.1249329705       107.855705322         1.93752998572        220.04519252        4.20004567238       2.35883020992         0.335546187931
  90      25.0999082806      1.36865144792       59.6878418196         2.18364310456        72.383159102        3.69011125906       12.2668968461         0.459894455139
  91      18.9671182533      1.42867532801       56.5176838981         2.60457339299       73.8164365064        5.07704209634      -4.82584332089         0.525605768472
  92       86.668383534     0.962712882913       185.295511876           1.475562348       162.922314027        3.11034132324       7.53850877188         0.429870784522
  93      55.3308542474     0.846938071562        86.305848509         1.53758714583       67.9895087819        2.50367117438       5.84055421998         0.366673403637
  94      55.8523929391     0.825030829262       76.9213390663         1.53600405125       37.4681688433        3.50610940354       3.41132865168         0.461207223393
  95      17.7304483783      1.06372439407       44.6148116377         1.55328779978       85.5647205357        4.05862838238      -4.57567788563          0.30785559101
  96      99.7825178727      1.23052076803       132.936857937         2.07658188871       194.323761365         4.4367245519       9.17815908988         0.691363546984
  97      70.1116312624      1.03095660114       164.565833466         1.49166766314       124.294892132        3.26582698578       14.4607261502         0.480436175675
  98      36.7528918185     0.890902929148       59.8133198188         1.44527556461       33.5153186682        3.26859585949       3.85890023108         0.437796082077
  99      56.4514974478      1.30748338963       71.4630799239          2.2363099658       102.462889305        5.45014707088       9.85169320381         0.495037656157
 100      65.0294573496       1.4674853228       106.358047257         2.62656010417       115.608775675         5.1531926136       13.6583694881         0.473239423563
 101      84.1777743483      1.95295006141       187.154445852         3.82656765331       262.633554226        7.88864156185       17.5973452338         0.602517078067
 102      44.6925211646       1.3404383421       98.6124911319         2.01572547927       228.995324699        5.38713262785      -1.07980081005         0.304007939428
 103      648.432392706      3.13301267608       1587.00831249          6.2949689682         1795.979887         22.538287942       42.6254535943         0.575961830154
 104      66.5700063027      1.45335825118       95.3522704297           4.356377839        68.513053921        8.59075971618       7.83994028692         0.513785529654
 105      117.787989398       1.1809624712       259.236073916         2.04162736732       286.097030583        4.78764372295       5.95850976703         0.472588790242
 106      54.2537788882      1.20221478408       65.2721871265         1.52365453205       26.5393478548        3.48006297985       6.00520765702         0.481156121139
 107      82.5398024238     0.964076216554        116.23964846         1.74635823898       102.339796238        3.52346170874       20.3902445665         0.312821704898
 108      85.5128336803     0.854422103909       102.390790614         1.58993495361       69.4861424362        2.49979581747       -12.482885071         0.531960782687
 109      72.2712524149     0.876628099037       155.821023806         1.68547038036       239.585056845        14.3727845336      -1.89799278708         0.466043172304
 110      15.8620097352     0.652590565562       64.1944529863         1.33195491614       790.096109157        12.1757685236       16.4327821649         0.337784825965
 111      58.5485873177     0.619686380806       155.325471706         1.52956351338       681.306548205        8.39339279375        10.672825134         0.296941888082
 112      103.018666669     0.988089748241       245.771543513         1.98936850204       571.569568267        9.95279633619       15.6617154204         0.472621306315
 113      72.5238706632       2.0618798223       140.561442378         3.85347308883       511.039786356        12.2696226947       14.0067320166         0.561152741344
 114      32.3897633782     0.733145174688       69.0099927544         1.38442616113       60.7502821817          3.440737481      -6.31015927503          0.44602744543
 115      37.4753142999     0.857309302035       85.1233250025         1.39084796695       20.7307691603        2.37306574763       15.6309328236         0.447449436606
 116      145.890461121      1.40025839637       369.808362955         3.16407536752       413.969939774        8.83773973879           26.651666         0.487884622518
 117      35.0857115718     0.924090582865       80.5902568193         1.52827783767       39.4807959589        2.51606266224       9.66995484488         0.410441671817
 118      45.7219497346     0.977717206483       93.0228211751         1.36468911626       14.4444097515        3.08522768268       2.89686819462         0.478889404922
 119      15.1270590271     0.803356425403       52.4874940654         1.37528333621       56.6783427657        3.55838779414     -0.691473653735         0.317643844594
 120       93.175225142      0.88242475861       107.540575314         1.44066605312       39.2685544748        2.24302587075       19.0057225951         0.584605497434
 121      49.6982695709     0.893109849592       78.9991738212         1.36197242293       55.3529522105        2.20511289338      0.754144968043           0.4339949965
 122      47.1876956056      1.10322524544       112.998737695          2.0753064874       272.530049127        5.52001696531       5.32626056548         0.417052060146
 123      135.843157954     0.951192342017       204.811053732         1.52216234884       222.079767926         3.3300808707       25.4346842537         0.663831040076
 124      23.0454461011     0.962063070113       48.2239122217         1.49267972889       32.7533945758        2.72421483021       15.0674380724         0.369895992391
 125      88.2333273247      1.09298721157       128.802250789         1.89650416804       143.687113411          3.842327762      -1.97492445815         0.486283355524
 126      3979.33165996      26.3048711621       10003.5968721         58.0428993055       11678.1907847        192.125449876       180.576133144          3.25552661344
 127       227.88026968       1.6654124807       477.163099973         2.90006461347       558.288351633         7.9092766362       3.11937381227         0.447831228902
 128      68.3273033902     0.830602125845       101.594558584         1.37460891565        117.41596167         3.3327279847       20.6589126398         0.431095028657
 129      65.1852796398      1.02883000761       230.941734767         1.99453917135        281.34568518        8.15941987604       -1.2021914076         0.466061843153
 130       109.32272633      1.00585821557       147.560595315         1.60507395952       167.955653461         3.2144352652       13.5560856266         0.546857641653
 131      297.292151461      2.89190398839       691.172086038         6.34230867049         768.7060571        18.0769083052       30.3885593124         0.590369169858
 132      59.2564005641     0.890789649649       144.728435628          1.7767275771       62.0785322897        3.68779520462       1.51175938107         0.382678699294
 133       356.11616911      1.55464140716       624.363601773         2.13071337059       692.816141309        10.5771011405        54.655549227           1.0235193832
 134      19.4115857863     0.682940333835       50.5172796018         1.18091302626       38.9129250361        3.68443546679        7.1855955658         0.428333221002
 135        25.76498151     0.913980275032       47.5967896211         1.64381425211       202.066844732        4.40358298558       3.26776912418         0.348628155905
 136      622.061589662      1.96278758905       1028.37097139         2.80707990321       1136.39760551        15.6260714168       83.4877536772          1.52142866153
 137      57.8837932466      1.09843404396       97.5922936738         1.92668160684      -26.1270367614        3.87263577115       8.37693563971         0.464810064288
 138       80.366499464     0.877203216326       124.387241258         1.50492551183       81.9264830085        3.55765902149       6.16629701082         0.388521728636
 139      30.8095135058      1.01977669614       79.1602775153         1.86966457936       105.994476601        2.87931652992       8.71864819067         0.499056468351
 140      69.5548108046     0.757087219022       176.570767541         1.43698635158        113.73762321        4.28557030854      -11.3134885647         0.398819052676
 141      53.5222853368     0.834374637232       74.3925865524         1.32964346098       20.3537205456        2.86954839034       2.83109761539         0.481105389971
 142      43.1267212124     0.889398634624       115.725629605         1.59490887325       82.6138163566        2.74875745262      0.101917272897         0.445843616043
 143      80.6768795881     0.976942622795       80.5914554194          1.5730849006      -53.4299564752        3.21470840291       11.6877730776         0.500293849955
 144      15.9050170918      1.08108767996       38.9776848994         2.14005876929      -1.52647983165        3.51106731742       6.18022635503         0.444323014255
 145      453.331628136      2.95843155717       1937.86754993         10.8613200276       3221.55690765        50.6167837456       13.9011574504         0.638487728345
 146      118.754641034      6.52455403962       463.546135277          27.101678646       1288.62397185        68.6192265485       15.3788409743         0.675898957589
 147      418.395128727      7.03074909717       1137.68301413         15.7559969029       1584.73925442        36.0440135701       15.6929577315         0.644748418879
 148      27.8677743916     0.878143265157       52.4883242963         1.58297110544       5.56364334439        2.78047817112       6.20603821985         0.467200630746
 149      113.871080135      1.53913715862       239.407940848         3.30540632954       294.710182446        6.94465034814       4.42389062551         0.447521976035
 150      71.3384178263     0.783830239347       162.310743438         1.52650575635       296.667260645        4.62654937156       12.1395270871         0.395167094884
 151      43.4119457525     0.906943729623       90.9050704181         1.66899911295       30.0858271165        4.89447572132       1.01530920331         0.416091170926
 152      84.0497877913     0.847689576879       98.1748061125         1.65377449329       35.5229785345        2.82660496015       10.9220290904         0.474230497442
 153      1711.32721893       5.4339301214       4333.47311854         10.6159764597       4675.78230815        48.0333054811       67.2185925575         0.923025398982
 154      27.4900599749       1.0528268787       71.3920689495         2.07059414365        19.355187903        2.83939919868      0.601644123465         0.474992583024
 155      48.9596197675     0.953969869351       103.245164094         1.75929237146       98.2421769981        3.03173586499       5.82252373983         0.433214614244
 156      39.8182919565      1.06570983215       81.1977703025         1.53391645052       112.195765822        2.66435970755     -0.212816010738         0.428471738545
 157      334.979803011      1.54093212098       1644.00080422         6.38425160503       3138.50793707        36.7957344849       7.71373476832         0.539134574889
 158      3015.12641161      10.6966952764       7941.42641015         23.1163550853       8786.26840782         100.83689046       110.873555698          1.32497264828
 159      62.9332845681      1.19209205831        133.50729947         2.24067025583        405.93832176        6.12146843262       10.5710932102         0.647032790038
 160      52.8431269289      1.39381403386       117.296759067         2.41185857526       247.979857434        8.90556813943       3.74615637266         0.530054381529
 161      55.9837376055      1.73044226983       67.5205147191         1.78439700074       47.9722568823        4.28648993812       13.8375406308         0.603044970047
 162      82.5070168077      3.30264286694       141.632402694         3.91616202904        277.22485152        8.97457754658       17.5620787342          1.19244406924
 163      97.5734034956      2.90737039979       107.927125059         3.80756549696       133.613018875        7.28884306468       21.2107163288          1.04195425932
 164      159.508798082      3.18693645695       225.725122423         4.04528504908       284.309555039        9.54304329616       27.3036358009          1.14820010136
 165      74.2893877505      1.20559224475        139.80775747         1.88640824416       205.709570681        2.98324415871       16.2749536675           0.7965491537
 166      2340.10851236       8.7211329144       5955.99612201         18.6652374854       6786.80534929        78.1959375693       61.9747099706          1.38027284387
 167      72.6944726127      2.70380287325       184.951726457         6.63857122687       636.472827399        33.5363550393       -2.1693598864          0.70176233686
 168      101.662218229      1.69265835021       254.372936344         3.62250878585       373.362070857        14.1111355688        8.3971392038         0.408438895772
 169      62.6391648683     0.872858650682        108.15507531         1.50654484436       65.6556355039        4.02543637262       6.47665572282         0.448894915065
 170      746.459714131      4.45126107164        1394.5670094         9.89950809688       1285.07179814        22.3812473783       47.3091234994         0.806495420325
 171      413.458427566      5.07947806925       975.989923559         13.7774660422       998.080941975        18.2589227995        4.2771623992         0.543260905857
 172      133.308568148      1.42560460197         318.2848202         2.59108095603       356.304607396        4.98766358259       19.8243015929         0.471055748517
 173      81.1636754516     0.853141629709       188.438375339         1.55898937045       79.6505486635         3.1225544501       8.75599054207         0.408795907602
 174      70.1975875528      1.19602783752       107.688544585         1.68823336917       202.660467581        4.03456290019       13.8275213335         0.830211354233
 175      146.153161501     0.942235853349       281.343863909         1.81373116264       234.846691372        4.21093171433       13.5898350567         0.574683260157
 176      85.9783766716     0.975635078324       129.792939318         1.57312666182       166.210083615        3.31992820998       28.6957758799         0.539132037556
 177      30.7192088704     0.716004270209       54.8335810757         1.44779710506       31.3389999017         2.4442993688       5.63432163624         0.386267326635
 178      73.9212461168       1.0368117137       69.7538337671         1.76883207926       12.2024428274        2.79160165412       18.3116058736         0.421263238836
 179      179.889115824     0.932887688951       235.148114317         1.25028418817       113.777548741        2.19019585807       7.53474687753         0.528683385158
 180      55.2453889126     0.987706603561       65.8141689055         1.43357716003       36.3042218682        2.68758049223        9.4366417207         0.393371878504
 181      700.313870871      4.44394273674       1692.66608771         9.11015608159       1900.35677401        31.6301554773       37.5904953968         0.794109972074
 182      2047.31133945      13.2395084006       5197.94298018          29.097244097       6097.40342675        92.6446814309       71.6288218098          1.67577613079
 183      165.975506772      1.36131610925       441.580962544         3.00335822557       905.094890251        10.1254068569       19.4740903458         0.426039942661
 184      120.153933371      1.09305797673       144.823440467          1.6115372446       62.9598648777        3.56608476484       26.4128298516          0.41825947947
 185       92.900166986     0.824048978182        120.60427435         1.49025976964         143.9918645        2.24716809121       6.24677253413         0.420715966847
 186      1567.42751195      7.84534871032        3950.3069786         16.8129061013       4578.55519674        60.6088269951       61.0379418686          1.20231208979
 187      46.7832385364     0.820434321652       62.0111474071         1.60853106119       15.2782782514        2.88700958292       7.71592470493         0.605541417435
 188      54.1084427678     0.863650783658       101.228794587         1.45622276236        94.495666086        2.59195441728      -1.06976993154         0.336109258895
 189      121.049372675      1.02990901979       150.320843767         1.50059830718       214.978453965        3.11195876032       9.20688449167         0.608062000761
 190      42.6906464769     0.964942502191       72.2476295463         1.56047569011       29.3712695641        2.27052511001      -1.72355568355         0.437207745262
 191      40.8904935197      1.16159817142       73.3235586725         2.54896802104       237.856830131        22.1027555659       12.7597572017         0.527515323155
 192      42.4103213253     0.970504462495       114.449258911         2.03044256052       1026.34012839        22.8299803578       7.10224238407         0.421264452738
 193      263.575539265      1.34519994932       582.363590514         2.59841495532       636.879102362        7.08238634301       6.28982415591         0.379228000858
 194       212.50120953      1.33593199888       462.910213765         2.02847126077       485.064458268         5.4258373996       6.37018577799         0.546433670764
 195      17.9967153352     0.723313119654       92.5949229203         1.51343877551       1215.78129567        31.1987372387      -2.27636421845         0.340074341292
 196      147.079709646      2.31564589255       234.967672136         3.63012634198       363.167114469        8.11106985792       30.2612765331          1.16801406442
 197      70.8226705553     0.826051330786       83.4651965835         1.51238399648      -23.1410989656        4.12927073618       10.8690854203         0.644854154705
 198      200.980642699      1.12330424263       279.439549935          1.8521133944       318.598415226        4.92122451601       28.3817978463         0.510420083817
 199      49.8278326933     0.719521215861       87.7104193281         1.21281771653       82.1459201128        2.52801005739       8.15291380647         0.393257463091
 200      155.419686951      1.51930301785       353.611900442          3.3719433479       697.506650363        12.1113777869       24.1208072993          0.56833086145
 201      93.4912518748     0.864793100407       137.479353194         1.39494388043        153.91381673        3.15677614159       19.0645247633         0.600870848058
 202      47.8905792939      1.07412329423        93.854566565         2.24096654247       230.215634088        4.76523771918      -2.94277834717         0.374178212759
 203      44.2384786471     0.912076482987       86.1077070497         1.59187978608       341.137439532        5.28424714506       20.1662144256         0.389338864207
 204      34.9785609027     0.613018359295       58.8576243689          1.2755859603       84.6179718359        1.85102924619       4.42029254944         0.364399719685
 205      64.8460230717     0.932597530574       130.604892057         1.33248574548       163.592784452         3.3341900868       3.73585898609         0.512827182403
 206      75.1496076205      1.08492825701       155.444494521         1.89076716659        157.94811282        4.02990554984       23.3042079065         0.508632302906
 207      27.2816036364      0.70207570152       65.3172656485         1.47828391807       206.340411179        5.18123777219       1.12129925522         0.330378880696
 208      35.9579658366     0.888272111965       56.4339047707         1.58046578595       109.566113613        3.16837881876       3.82897997378         0.432114067194
 209      477.910114922      2.04237396962         1127.579623         4.29459395302        1223.8131537        15.4558748907       16.7358737413           0.6345547452
 210      528.623486082      2.56159849748       1282.94655355          5.2828850696       1358.08420822        18.6800546433       24.6275303676         0.545214425571
 211      131.914268176     0.813886458079       185.103270099         1.58469906573       220.316753956        2.56868603474        33.349294632         0.471581472913
 212      159.101850458     0.806439892155       197.010669621         1.29741275378       176.596661942        3.08047222545       31.8773591951         0.496117751587
 213      36.7551724291     0.899680010301       80.0439686355         1.43816127357       79.0239357428        2.75873928605      -3.78625007572         0.465439888606
 214      83.4032962968     0.774376656709       171.675321239         1.58207310921        82.132882742        3.03677292128       9.14268925464         0.394905018382
 215      313.197333953      1.05667620614       448.757388528         1.45562062109        401.63277846        4.78359222009       24.9656295853         0.440248798856
 216      17.6822439934     0.776620654426        46.965450368         1.41087735302       51.3926226294        2.73767324676       6.41819259311         0.440112819066
 217      28.6109392497     0.915845236375       59.1211123429         1.44632730846       54.9541652326         3.2697928515       10.0693401691         0.437834189807
 218      51.7231736356     0.923431128242       82.3191679475         1.53229846211       118.090668378        2.52120277236        18.360007088         0.423444311787
 219      235.899357537      1.17584996614       332.051571891         1.66348183668       248.132574076        5.38954150798       32.6075783337         0.847905159508
 220      87.0734031856     0.941454259595       215.020862099         1.50779572426       210.865977031        3.05387839827       0.54825441474         0.504701622461
 221      316.335137763      1.08663169246        731.99785699         2.34945115364       746.225607706        8.52568957049       12.3015164859         0.444389950745
 222      28.5079158275     0.929953566889       41.9352937346         1.61998205463         25.20470949        2.48017005826       3.71803797534         0.350402580045
 223      58.9251943066     0.866018634509       258.166890529         1.47488190688       467.793950215        4.06697759342       3.44526097707         0.481637013507
 224      94.9592596858     0.937835414257       173.310269731          1.4492833327       133.787117083        2.83238034572       14.5201177551         0.424886601332
 225      98.0922829547     0.877860163663       156.299525795         1.57594500257       129.158315552        2.45548589548       18.0045130133         0.517837863651
 226      75.1050305278     0.866430440872       130.013142916         1.55852374339       107.517534743        3.01486264469       12.7490348968          0.45748890929
 227      30.8965695759     0.661940219496       60.2590876895         1.51631964922       194.800193383        4.37489856222      0.758457599165         0.353104983511
 228      39.2672595151       1.1204510849        262.42087615         1.90353617878       602.930100636        8.27022334018       5.08231681142           0.5676954164
 229      366.662199797      1.83168867844       456.243375193         2.23927317979       345.524565793        6.23106081683        60.710566556         0.942032631267
 230      92.6282582666      1.19499630258       151.822534715         1.96256657372        157.93886687        3.04980931024        7.6803056947         0.510607649309
 231      68.9110222087      1.82727470494       100.030087465         3.33750274781       87.1386766759        3.95195111719       3.15049864151         0.600703968538
 232       23.688547568     0.662797744163       150.386657855         1.11031583465       461.095229929        4.38862413256       8.34483734034         0.333025704076
 233      26.5379888108      0.63049131374       52.8665716995          1.2112535201       243.745718585        3.83273434898       11.5452207062         0.416307019064
 234       49.684501882     0.861453086629       88.1452215243         1.60503999782       65.7584998614        3.16153836598       1.39389471949         0.397947983968
 235      17.6715223508     0.977104986541       67.1637888927         1.65843980491       61.2242623612         3.0270997729     -0.390599959365         0.469561117266
 236      48.5962405383     0.807089781856       80.7096931934         1.64089854285       94.9253520416        2.25371613934      -1.75259205148         0.366830556153
 237      45.7783733713      1.02851491315        50.074115651         1.56877864273      -5.44822019416        2.66418775167      -4.87530409909           0.4573503555
 238       37.556831832     0.678677104801       212.397974451         1.63729255067       525.651959882        7.39435027982      -4.16065263489         0.399634372276
 239       14.011534396      0.77360465749       94.5867778757         1.65225585263       167.353914035         5.9051534838       10.8012480718         0.520972584833
 240      35.0060459576     0.877731657738       71.9222608261         1.67273629998       40.7164615583        2.77037925874       12.2766404004           0.4576832622
 241      74.2366242609     0.913524402107       92.1412350517         1.41886730153       74.2286783281        2.96386840805       15.6552519336         0.463311784719
 242      42.3367832372     0.797029266933       76.1464187547         1.54486205189       295.001701101        5.76527692065       5.37126585178         0.466825291585
 243      126.182518256      1.53103041239       279.179724976         2.45971946465       323.825394886        4.85772610186       17.9083498745         0.790591261024
 244      39.3825020204     0.840355685055        71.585476615         1.31083440369       33.1771980108        1.89657083794       6.24919779128          0.41321693281
 245      63.4197610978     0.806427222484       159.824432292         1.43470609376       110.416832883        2.54801211896      -10.1163370791         0.481791501626
 246      35.8601064234     0.788053818861       110.176317507         1.32762233387       67.4991262603        2.39676383637       16.9529594935         0.528451107088
 247      199.567416234      1.38917936902       564.962390579         3.08194777943       846.528613445        9.05591992763       23.4969546795         0.561284877199
 248      35.6370904422     0.796340224835       68.9511619345         1.34515777366        59.475143385        2.27507310161        8.9208241897         0.480870329249
 249      49.9298884254     0.819985266633       126.098484848         1.53348504816       160.456126787        3.42678342195       3.25165518443          0.39332630868
 250      163.120047273      1.25139551981       389.995223676         2.57289744817       501.756696056        7.06724366751       3.85175105596          0.49177148516
 251      65.0961756554     0.913052660691       121.165432388         1.87486822112       160.312888423        3.95782498078       10.0124708996         0.569074113609
 252      64.5130193225     0.854844277353       140.607454732         1.69247738911       186.724349427        3.19058521508       1.74398558335         0.453616859437
 253      91.2400137572      1.16588557454       275.336081852         1.78310922074       372.184205993        4.41942260279       15.8842303367         0.520511235649
 254      22.7157521477      1.12353406541       67.0476525162         1.40857025075       89.3569821909        3.59784343274       8.52571474611         0.492996124613
 255      201.187607825       4.3756961085       581.388928558         12.0555160474       1206.61001843        28.3181661782       33.0514429129         0.839325911928
 256      80.5547529432      1.43417058099       354.752749482         3.13006972908       705.940907792        8.86390754988       5.97628378719         0.470495795864
 257       161.00048846     0.856740670684       362.874710979         1.81584597993       388.045129973        4.57994364028       4.54949510485         0.433829624952
 258      38.5485609489     0.803235339618       56.3375770777         1.52960354634       88.0866693923        3.41434499375       5.15331534355         0.424025930895
 259      64.2062977144      1.05645305241       141.422945365         1.57136404721       108.363446795        3.15749280036       7.20032251207         0.434919886782
 260      61.5240465315     0.994293543656       67.5230940039         1.43120803188       121.597590421        2.73581238282       5.46698759536         0.560426575293
 261      312.727126856      1.43394366716       828.925508255         2.43360729419       959.252193421        7.95873348749       13.3190563784         0.480394132658
 262      68.3446338015      0.94962283243       170.495624287         1.83295597573       244.742341007        4.90663678408       7.83343597029         0.503380123104
 263       145.79521514      1.03376758922       222.634747592         1.64728638755       203.353128918        4.62901052629       34.6775001452          0.40046536725
 264      21.2418606646     0.798545111855       87.5088982079         1.59371741023       385.271214464        5.28750991538     .00786993087793         0.390525956752
 265       35.249249372     0.840753045622       104.761308885         1.45621408275         41.27356313        2.59179164204      -2.89377967977         0.391542729269
 266       77.763115937     0.865498657802       115.475521169         1.45675221688       116.261459073        2.50981068993       9.26455084461         0.481621500903
 267       35.013566188     0.941673866513       92.1105046934         1.51593140352       41.4722670849         2.9115433192       3.36107028227         0.467791646334
 268      640.537175355      1.62853178817       1291.19585075         3.20316058761       1283.65956044        12.7654654159       95.4126698277          1.22872975564
 269        94.88312331      1.06361325354       150.141178382         1.52892674582       127.601399699          4.603747775       17.7296685959         0.526506428956
 270      50.7723225566      1.00662876229       82.3886083235         1.42240918649       98.8969373838        3.15327268206       9.65969384812         0.560385869702
 271      197.191918898      1.08841945932       452.007484906         1.95222614879       497.419196752        4.97092699959       16.2383673224         0.490538578263
 272      65.5724474496     0.935275035268       72.8222724984         1.25648901545       125.586164781        2.37519835132       9.80463671061         0.400269718809
 273      329.417643361      2.14064031167       748.404460376         4.19179355073       892.667124204        12.4335425589       16.3532582313          0.54919784477
 274      31.7171300398     0.807625051198       57.7475000507         1.36316748808       59.9491966956        2.18242888821     -0.251347264786         0.422693648889
 275      34.3572081512     0.432412782959       54.9252824474         1.02291864383       158.646643448        2.03404514426       3.65187142076         0.342689017229
 276      83.8686995826     0.963424279515       149.881654536         1.85933864043        315.06344095         4.7759433481       10.1065245602         0.586052216847
 277      154.931057156      1.12216626497       240.252340939         2.17585220493       342.148052496        6.27171553878       34.6612261112         0.682637740626
 278      25.3159549425     0.794702227037       66.4598114055         1.63171177704       234.691463124        5.52984571684       1.20241226571         0.294605751362
 279      23.5251941925     0.831338043869        58.307036136         1.74320512156        64.637666697        5.83761252416       3.50070755014         0.327682615301
 280      15.8311841117     0.951199744052       68.7184413502         1.79609691477       135.697648033        5.73876373616       5.30795529509         0.345099182285
 281      27.5043746406     0.867912948454       61.1820876267         1.84445958149        199.61602093         5.6564645418     -0.721496972412         0.319999785006
 282      57.7858852648     0.864953695876       110.479050752         1.36620834168       184.000059486         4.2390936088       14.7987415259         0.457155809863
 283      54.3585891793     0.905268307543       127.542990067          1.3739059532       121.154570626        2.04293540201       8.79486606181         0.412002598247
 284      289.923776919      2.45050516315       740.956768499         5.81345894046        934.93647264        13.7979442775       28.5942376057         0.756433593421
 285      145.431142927      1.06036698308       223.427961919         1.49022930533        192.96020025        3.28782198019       14.5835053935         0.489199817396
 286       54.216051533     0.792702711256       58.0754078481         1.34618300818        44.914348295        2.56480885791       15.3021093711         0.512463918966
 287      56.4950257755     0.789292350068       115.818983321         1.57247911578       161.836680368        2.60515232324       3.88743218846         0.496070028054
 288      13.6875937047      0.84752497357       55.8023920542         1.61962880006       87.3287115392        5.76160174483       2.28991342615         0.358684073958
 289      41.1988102334     0.961660498754       118.216911262         1.73908295351       134.983412643        4.70455002011      -4.97085525967         0.413940040602
 290      97.7765662666     0.782935885507       136.070055513         1.43429598595       95.9832660636        3.44406671906       8.70369754616         0.386806785448
 291      150.936268319     0.820601119511       175.795834852         1.50919489831       142.491918594        2.56281275539       19.5136838913         0.586524835561
 292      46.9003555212     0.887517361179       98.4016789083         1.50440893402       57.3971297716        3.55939945185       6.63877374923         0.542978875075
 293      40.1228672519     0.767874281357       96.4860136102         1.49139248713       77.1163711721         2.5942693303       3.10885853215         0.420373491519
 294      34.1710985461      1.11767127783       70.7397798413         1.72083376954       204.770512598        4.58316572402       9.44025922274          0.41789359711
 295      97.5869939594      1.05249496577       206.117855464         1.79260305266        170.88501951        5.90208870007      0.853359602854         0.687228247584
 296      70.1327214847      1.08155843053       290.121098655         1.87214624876       414.105158437        7.37602565278       1.64789499501         0.416886460924
 297      113.425276434     0.820948826163       180.415543759         1.57315172577       125.020818664        2.17478736558       6.63248401264         0.553903810921
 298      11.2671346566      1.07852779901       50.7739987267         1.62569843938       15.0689408736        2.41641480202      -2.50368057244         0.446488793302