# id F89 E89 F90 E90 F159 E159 F156 E156
    1      33.4115579343     1.08920256862      95.1448136033      1.48538012788       162.703392454       4.11700209609       6.57263960928       0.484979224846
    2      260.099524985     2.72310649739      610.370313164      5.45324096593       1439.73310705       32.4302806435       37.7861163842       0.862301453044
    3      83.6846263811      1.9392053903      161.183603282      3.22593441221       733.288017959        19.180864136       19.3469699144        0.99977972009
    4      135.308093078     1.32205666999      187.032607092       1.9636264547       212.133952215       5.82809730204       43.9000975568       0.746022357785
    5      70.5375751411     1.00030286254      103.247391869       1.5202873343       291.322007877         5.456456401       20.4093654228       0.652133637551
    6      33.1026241216     1.35501695185       48.901458922      1.59789476484       172.709862175       6.56815397314      -9.82514271474       0.587109562252
    7       65.732255709     1.40551015476      98.4342938537      2.45727272061        773.15997378       17.8002115567       15.1878460588       0.343699557009
    8       66.586014337     1.10824546514      95.8965657023      2.04893827502        257.54024136       7.75615174209       32.4883883947       0.471177166817
    9      59.0350622564     1.16922109486      97.2823076235      2.07194198822       410.677395151       6.78642708924       8.94473684643       0.716563541283
   10      42.7883268701     0.76591234625      49.1657331039      1.24082829756       54.5632065743       2.93748996566       15.3948455539       0.506451737747
   11      23.9255861766     1.42629732509      51.9996100333      1.78950067071       465.182783727       8.14325262608       5.65499694041       0.578080356805
   12      71.3464245382     1.38317280317      68.0714981709      1.62049917246       135.974767899       4.96275388185       23.3788428568        0.64239475802
   13      38.0934715725    0.946927591409      78.3931078611      1.24169566245       122.241173975       3.96846507994      0.288173322356       0.470092181286
   14      33.7481632378     1.06251728631      124.503954977       1.8139627286        351.85006294       6.66949150721      -7.74690455515       0.487122862254
   15      33.3358315645     1.09959095217      43.9301164755      1.59740570916       198.489726434       7.90244464391       3.96260543897        0.49469869033
   16      80.1884548244     1.02257265418      113.031404245       1.7596442951       253.264302952       6.38142872491       8.53420054931       0.612177982837
   17      110.573264362     1.38258992674      157.849341373      1.83304421799       241.259986291       9.17632597534       23.1011971693       0.615992583359
   18      26.4292454013     1.10871146746      45.2531995629      1.77028112855       269.527730791       12.7555244237       1.64804998014       0.425851051165
   19      83.0331768934     1.13055671996      120.934709999      1.58368824363       412.961217439       6.44654261888        37.609490563        0.63426533945
   20       1046.8953105     3.21621567546      2972.35183787      9.01449170505       8269.13091211       131.524187852       21.9151022338       0.670953020477
   21      42.0951275988     1.27633830508      94.5841471087      1.97126664792       131.779521442       6.51863691208       9.06393060482       0.550172870765
   22      108.952514842     1.32238323275      136.904429381      2.24385146742       329.329280594       7.97549668298       34.3230933466       0.941505731748
   23      60.2262012253      1.6098693691      122.402912646      2.44934126122        198.40189188        10.653107529       5.81733863194       0.980015841242
   24      54.1427685232     1.11954950249      69.0911854108      1.45773071062       77.7709916097       5.71354719678       37.1945133311       0.591733285426
   25      140.981494514     1.13577165137       250.07382457      1.75020067302       372.170017547       7.19158038782       20.9213022624       0.689787648454
   26      38.8590536288    0.942250602254      34.4986008323      1.55288239891       108.821184242       4.34702904501       13.4661003856       0.596359159427
   27      40.2912029202     1.09047212457      55.1238581626      1.34410380629       4.96775085712       4.85556401323       11.8193288702       0.693640954704
   28      35.2494724404     1.12057927294      71.6584962617      1.56548314865       45.5500301468       5.39872953568        15.656728364       0.656327605923
   29       35.172447424     1.18123992106      45.6590663915      1.64554610589      -25.9678473822       4.63599349054       16.3614217164       0.691011697447
   30      78.1522956119     1.06220648053      122.691910338      1.72237826919       268.893479211       7.27641340749       24.4320457084       0.712248878081
   31      28.1125435612     0.80141481281      44.2683234191       1.5440235148       294.973787294        9.4558542856       18.3729986771        0.46977201757
   32      57.7192832466    0.984047499739      63.8798340834      1.57175304428       131.625321483       5.11016000118       40.5464032321       0.733798887688
   33      66.8056842438     1.25514426056      128.696960519        1.643606171       146.150180129       6.39452055195       18.9050938269       0.483370942396
   34      286.550351687     1.67524984097      878.018173521      3.89327340122        3431.2352247       64.4453633605       14.3285512887       0.502540285683
   35      77.7458581004     1.62557559828      180.902202799      3.25993196662       309.784744092       23.5641670989       13.0574352677       0.684836209354
   36      23.0031680045     1.40351026163      51.4534754592       2.2402473154       203.598061352       11.7021079905        3.3429957829       0.776750904271
   37      449.349127165     5.34392707694      687.512640533      7.88853321864        1627.4739703       34.0573305138       105.281414833        2.25350218559
   38      96.8940806389     1.63382611178      225.107267875      2.64509961456       654.383342138       16.3560045024       48.6733301839       0.683964488313
   39      34.4167792181     1.14956992588       41.543108826      1.51222414757       101.637411089       5.04270394943       2.85954377857       0.648164017752
   40      43.3301131241     1.21859131395      59.0881485102      1.88450133643       64.8644365578       8.22400564559       14.3954615057       0.607630645149
   41       157.09829029     1.49085619631      421.973931799      3.09683842308       1043.69181163       21.7143170264        37.361962727       0.957156551043
   42      16.0459671114    0.866419057433       47.167609061      1.44290603116       187.928590321        6.9100414934       14.1754644766       0.478186827209
   43      45.5888700443     1.04323467332      88.7975940991      1.56562606767       215.245428354       5.68770440315      -2.14918226832       0.503515385634
   44      25.2728651037      1.0024189933      63.1255972595      1.38574663539      -19.7608792227       3.60236499955      -8.96653184549       0.603572514762
   45      22.1717701001      1.3166831651      57.4997813738      2.08201902449        155.22254232       5.96296481191       5.51764382367       0.644755774442
   46      53.4425786236    0.991512931952      55.0122892953      1.65405592758       124.179108936         5.276445065       5.36000968459       0.664704788051
   47      108.715595313     1.02316980657      149.016848573      1.52566483325        276.99847603       7.48048528122       39.5986116131       0.753508583496
   48      84.3384960456    0.927659874114      92.1042966731      1.46615069747       8.86071419764       5.04500041873       22.6761555043       0.774566582463
   49      46.1932062664     1.29223289922      99.0360776947      1.60383324017       239.299703252       4.51206669853       1.08361038177        0.49218375693
   50      215.812524792     1.13856137543      721.628806429      2.46776563436       5135.95609612        83.624365659       7.51523934076       0.571785777563
   51      197.552104601     1.88972272862       204.22077274      2.04000406021       362.665430385       8.52922023325       39.5124078165        1.10926901856
   52       100.44924483     0.94201235322      127.239630797      1.49899166294       163.579305616       6.07600680942        39.016309255       0.635746575034
   53      24.8610585199    0.984573648178      59.1847459277      1.58309767188      -7.00681250663       5.62735118425       8.65818175736       0.669115018995
   54      151.037677138     1.28387848091      347.983523576      2.07900253529       749.439704035       12.9320925567       7.67602353751       0.696432082418
   55       28.581388635    0.860345463164      57.2892671581      1.55176107743       28.1167218673       4.57355685333       1.34622518371       0.672758482606
   56      54.1993219384     1.21202317548      95.7267232633      1.60531502467       206.181059636       5.29613921977      -3.88101110131       0.629323242995
   57      77.6797592229    0.968719922602      98.3151353197      1.49984667216       94.3076750961       4.71072185576       31.3763901214        0.57753156534
   58      97.2372831221     1.08393829984      182.667020878      1.75498376781       379.603830812       6.82650112551       12.9781048966       0.682842415234
   59      53.0964346634     1.07676382661      90.0747667629      1.32474090497       76.1139047757       4.11169240675       19.8115164572       0.542619893184
   60      409.572242432     1.92519660589      590.794231044      1.87496052425       766.732776396       15.6954144679       66.5463317653        1.02354278325
   61      65.9902921939      1.0353535426      136.098079106      1.39865472532       158.944458819       6.67298992284       6.61746374501       0.714886890663
   62      235.346627023     4.56556672769      455.578348943      8.93217429666       1114.37062468       34.4542220129       74.4035099468        2.00215392248
   63      41.8992471477     1.12962074629      64.9013579677      1.52344539734       92.5250329958       4.69811676014       29.2492184343       0.755934643656
   64      63.6789880414     1.35424147404      133.554480697      2.14277746545       267.668956906       7.71688136133       9.06007421823       0.612166949731
   65      104.145829641     1.04177109604      412.281023582      1.60108148037       3923.00916581       64.3147052675       5.42040521663       0.513168426519
   66      79.6414839425     1.25244245502      158.158385292        1.808024678       308.636445827       7.59918789727       5.50627932068       0.686802294219
   67      138.148938491     1.22870344395      160.125937662      1.51772656278       134.666221572       5.97200317434       28.2501066901        0.53122923834
   68      59.1165725886     1.03261061147       111.04812877      1.70684606244       199.211003391       5.35273303959      -7.43378753823       0.603546982931
   69      17.2929382802     1.00071742506      58.1179797564      1.36550427015       87.1199331498       3.84246028866      0.647023532929       0.437662974789
   70      301.728061736      1.0987235597      450.536220748      1.62286674331       1995.15942637       33.4832710606       327.453450102        3.57659836053
   71      150.322857357     1.87363544492       305.37646627      3.46282371056       738.736453082       16.8893092433        17.893267151       0.660482629111
   72      174.925864922      1.8646982131      362.438341513      3.01157675355       717.352986006       22.2038671295       13.1402531195       0.565394037305
   73      125.469973406     1.59898915562      282.229562312      3.07813726862       654.471309726       18.7166115888       14.4240628928       0.579931672872
   74       115.79243399     1.38805546617      175.753590551      2.25028159254       479.428783683       15.3178484408       52.8452963098        0.75247512824
   75      83.1711471678     2.19482652234      117.413732607      2.42787483166       269.041426913       9.61895941822       32.0938833425       0.867724183941
   76      87.3664607622     1.37153233374       200.99480526      2.56225464938       383.210256219       9.77613421953       43.3108942136       0.590994057751
   77      500.661428668     4.12602320304      937.181489602      7.69110318592       2048.55162491        47.457124323       45.0608189988       0.893465438914
   78      610.869914366     6.10344603516      918.053163674      7.92809654259       1899.56776422       43.4012607639        115.19725342        2.06359542761
   79      151.421569711     1.78655479667      508.691518332      3.91916523162       1857.40003925       37.4601611557       19.0241239423       0.802327412955
   80      77.8169925259     1.28752033634      94.1799565917      1.71902222905       162.188061002       7.48821811936       12.5537238412        0.75876752855
   81      57.3932194943    0.958394697251      65.7165318055      1.56737712353      -90.3274208799       3.54474125969       19.3854151512       0.702496911121
   82      55.0024171601     1.15600064586      103.649199051      2.17962840641       272.877726512       7.74126635641        7.8486391362       0.477564435986
   83      84.4895937892     1.11956854203      80.6084482343      1.68274217352       69.5079604869       4.23305686415       18.4822405914       0.901104360429
   84      59.1237162894     1.03138509285      79.4000282556      1.58762105508       175.841857986       4.75714764792        25.501471894       0.649940644667
   85      122.919830822    0.926482043568       420.30239084      2.15598263527       1239.42258144       22.3079732242        15.661405609       0.618607947685
   86      978.805684279     2.98592926139      1640.99065723      5.52504652477       3031.28225617       54.0490070428       103.029315497        1.22357261265
   87      200.254643522     2.60874129222      404.395721063      4.78541866465       1071.85922035       27.8612293766       27.9188756524       0.704335106968
   88      55.3550286221     1.10737197201      62.1245651922      1.42793446398        140.24719429       3.61072574493       5.67243639192       0.571171785908
   89      1135.03671615     15.1637010099      2292.49886655      29.3162370656       7201.84444054       156.191138035       112.811064713        2.61284971663
   90      90.3238051883    0.991736166724      110.564770254      1.39970699192       175.124646896       7.95839306343       31.0320063407       0.622527929295
   91      109.006002034    0.989242781488      246.659771718      1.60153529725       396.619671143       7.64374778263       13.6256896433       0.809614346097
   92      27.7995821222    0.937771623561      48.9469150424      1.48493125405       50.7823695859       3.75032872661       -2.1440863857       0.522259476381
   93      42.4116893505    0.990405405821      58.5525772916      1.58181347957       132.102473676       3.40109771341       6.16533277984       0.557715873686
   94      69.0730131805    0.941979762037      86.6277258621      1.11304685157       162.633894773       6.09518555041       23.0533573109       0.568769859103
   95      264.457339403     1.20198355595      569.046936916      2.04543964798       860.328417882       16.7954020874       2.70368360674       0.678561828896
   96      2093.74108679     6.62368271073      3278.11342784      9.57878287153       5712.68808363        97.064834788       204.047439002        2.51223722998
   97      152.833972299     1.30724909092      161.051500705      1.78273001161        49.475795457        7.6533734549       65.4749892684        1.09847058278
   98      25.8263781225    0.998155240778      48.1548626623      1.32875173637       252.929876882       6.25701818194       8.43599343459       0.479106189472
   99      42.7643090314    0.922011374289      72.7115218687      1.48753313364       18.0749740924       4.82168560887       12.1297532269       0.694786962097
  100      145.959100263      9.0590738865      434.474086985      27.3003232991       4998.58475123       198.870681804       20.2547496435       0.564303944702
  101      12869.3381225     129.461143936      28647.1560441      289.919721795       80178.4648853       1921.04584406       834.706244016        16.4784250308
  102      56.6896997342     1.02237595138      84.3980573861      1.57463016287       71.5388248813       3.50001977723       5.97796163195       0.706679744722
  103      8.98744388956     1.16085511281      59.5580324348      1.49557543307       65.4270765228       5.27302897569       6.15704851284       0.410771867796
  104      59.3381213333     1.05348530613      251.994409734      1.79109222752       1148.99009245       19.4823422967      -4.17701199431       0.575448136857
  105      42.7636585167     1.16801125786      64.1544565374       1.4000816092       207.781398298       6.54658791375        12.273790942       0.499792957251
  106      5618.94840524     37.0860122001      11917.4475307      80.7378122034       29971.7192475       626.910287721       394.136749589        5.88337382196
  107      1198.22269883     10.5955899348      2540.18224504      21.3140890037       6366.10340934       135.872790542       108.750479923        1.64844083828
  108      6667.61733297     20.7487798957      10678.2677848      33.1230723946       19213.1565441        334.84542558       621.438689744        7.68078637108
  109      4.03893948045     1.43140808653       36.985667528      1.95507387925        169.24139979        11.582863957       10.8876894527       0.601974676139
  110      48.5180475848    0.959261652549      68.4155606095      1.49159350891         34.35241273       4.70829018235       8.33771142573       0.617595472688
  111      55.4401703112    0.968142917793      63.6350105219       1.3784109819       113.701728238       5.31042740184       17.4060603138       0.490393339536
  112      838.392747973     8.94048272797      1717.74505929      17.5241004499       4127.17688758       103.554319802       74.8741048922        1.62001541162
  113      67.1277071621     1.19692683238      122.265598164      1.61353952057       86.7191834351       8.72768083692       8.97401860407       0.555541769042
  114      55.7197764775     0.96720380564      120.308545494      1.45770643052       111.616321714       6.48866535515        24.664570411       0.490370999912
  115      31.0848739493     2.91573070582      108.642479541      5.95014074123        516.63892407        31.078842731       4.34458800623       0.591860121361
  116      203.523691805     1.96709993616      454.224185344       4.2947244132       1077.58474701       47.6006805025       14.9914352257       0.584941366013
  117      1036.87081512     16.5027553148      1705.07688149      25.9677842337       3865.18465616       130.158906048       214.099896043        4.64754214615
  118      868.645853971     3.81229325873      1950.53696211      7.94670785515        4392.1731854       79.4807758125       49.5956674965       0.910050436037
  119      7330.05087428     56.4720654897      15449.4097449      116.922891731       39488.6061752       811.112540797       568.193360607        9.33347161458
  120      19.6560425584     1.28674514431      55.5443706502      2.34000992898       226.575064837       12.7996132118      -6.53974390171       0.467370983426
  121      35.9615494089     1.16778265937      49.2097314926       2.2011186815       267.687343764       10.9273175554      -3.49572711918       0.481675341596
  122      41.6141914449     1.20561419268      84.1512512482      1.65733807775       198.301699669       5.65955264218       19.2332205832       0.405599048723
  123      116.660956354     1.06646946547      145.702273811      1.65798510564       164.290089783        4.8533174899       21.6893121119       0.644421469141
  124      7.57900955471    0.990397725818      52.7174101768      1.38747545748       214.266826659        6.1566211334       11.5570822381       0.344171732254
  125      26.0371898414     1.02717538419      65.0559639577      2.06541569154       372.893343668       10.0547957967      -10.0141793265       0.472418641468
  126      112.768047909     1.23031076526      177.851858614       1.9132117134       214.448574695       9.35135612138       20.8912364358        0.91863294866
  127      458.944380776     1.82881894118      1410.59263239      4.80670833304       5226.15975808       86.0549754629        22.196584362       0.508304148972
  128     -344.096667091     23.9414045133      -795.89460536      55.2342761865      -3389.75143254       297.854481168      -38.3534391228        2.70678218245
  129      26.8007004039      1.1009125544      66.4095453027      1.86615808326        593.54710627       14.3671504592      0.271945285486       0.370479896647
  130      27.9759515488     1.03880126853      64.2503935837      1.58008221972       240.835885744       5.32238003207       6.36419575887       0.515412602792
  131      62.6890114363      1.3100543349      207.591806378      2.62050379509       758.222941912       19.8653754037      -4.19918573411       0.488743958806
  132      22.5869132457    0.927357170595      54.8582957648      1.55724681578       519.402865837       14.4812134206      -2.05903412011       0.366465571532
  133      308.371305175     3.19669726781      662.571995509      6.09353763033       1627.19693505       44.2069156982       22.0370865794       0.734695325916
  134      12.6028379599    0.974314125221      24.7224861663      1.74369931538       332.269521861          10.8314073       4.98515805095       0.584122124671
  135      61.8355878002     1.18951847696      146.591685825        1.851746826       237.276483464       14.8459853902       2.85384966866       0.495648285876
  136      2056.37589441     5.02775145446      4682.91407464      10.7227013434       10061.2606932       169.672112663       95.5565443938        1.04062989866
  137      299.167796059     4.35780298925       820.00237969      11.3430170132       2846.17845136       60.6994624532       27.3820436536        1.12112692708
  138      7.02376911995      1.3834446484      47.6376479242      2.31491821721       50.6142758083       9.62868644026        2.6451899951       0.478043316475
  139      24.3145184938     1.86765823138      71.4220271188      3.78964172634       272.671029689       26.8312403448       5.41492839488       0.482269284095
  140      7341.64862821      31.528584574      16221.5629696      75.2025140788       34846.6144047       797.427790808       306.785643866        4.31436639848
  141       7.3827916291     1.28237217611      48.0139269881      1.76594699476       310.148706045       10.3723124746      -6.75840176022       0.392900942599
  142      26.2378863888     1.04846286492      59.0233969515      2.01890385615       338.880632468       14.8751425343       14.8566556777       0.372492665649
  143      11.9595904027     1.12717870658      71.3080935862      1.83108490717       99.8828335617       7.19977715701       12.4807216857       0.488444606526
  144      68.3878614523     1.23464487647      134.039426919       1.7833075418        287.60896528       8.51360838455       12.2430036323       0.503129492588
  145      141.506008152     1.67575175078      156.323396209      2.62005383186       380.367967747       10.7646599416       28.2845827085       0.651688834859
  146      697.531987476     9.83987995013      1091.39646419      19.1409704321       2573.34504861       142.933288559       93.6604045432        2.38640795802
  147      385.729600298     4.62229857166      800.559371817      9.35237757496       1652.20915639       57.5732504024        37.346631115       0.992980008226
  148      58.9773284219     1.11186962067      78.6278553229      1.41232979843       253.649390877       4.29291904141       24.9567143973        0.58570873839
  149      74.5353524252    0.985541673008      89.0374585615      1.40593255138       131.166050641       5.67442663247       25.4064305414       0.492478472488
  150      29.7832721241     1.07247976171      60.4932716834      1.57553991716       21.1787368588       3.93306358908       -4.4140445946       0.514518705922
  151      170.237542923     1.77683445812      183.289799027      2.43434834225       331.823891538       10.3435598331       53.2190192903       0.934647189159
  152      16.5442225172    0.810001322339      51.8086964395       1.2233395049       270.804691261       9.01271829149       2.43440165108       0.347889827862
  153      48.1796108115     1.35992751095      83.3702319278      2.04071049452        109.94492298       8.15802279714       26.6788952016       0.517029255047
  154      52.9410426455      1.2088301499      59.8751422112      1.64210907326       92.0291133778       5.80888450726       21.5596152692       0.688584629655
  155      127.644669129     1.56064446179      248.292545032      2.24052339409       254.680467926        9.0806726235       16.7657729968       0.575354873327
  156      197.936855988     1.43148914439      411.902453261      2.49405191491       809.696850526       14.9549608323       18.8392271441       0.609471194686
  157      23.6234710213     1.97007608106      38.3523050169        3.110974566       457.513919919       15.9272862023       9.85584868276       0.649965946629
  158      21.9022330494     1.39553907062      29.9446950823      2.50528720021       129.455361189       14.5599903405       11.4959098393       0.404285661559
  159      21.0173322458     1.40139673015      54.9847803806      2.43628048967       337.800794207       13.7410067164       11.2786890828       0.477775104574
  160      97.7544331622    0.949499888498      232.468282683      1.64877418244       361.543953248        7.7892804398       10.0949753476       0.507869936991
  161      27.2563262003     0.94084067418      41.2700054031       1.5562410062       32.1646329021       4.06801645014      -3.48796333621       0.605531934349
  162      102.402262934     1.44094234101      148.006491884       1.9711878271        192.82689964       9.52369596395       39.3781953969       0.716780941812
  163      217.520272269     1.90829570634      431.907284847      3.23076017158       910.174379907       21.1606094967        36.023448302       0.672965442635
  164      67.2711372378        1.09709511       117.25717551      1.48284637328       88.7458145951       4.10678983276       13.3183710715       0.553369899114
  165       89.930207595      1.0136210261       116.40051559      1.53738716779       279.390920696       7.30195057672       18.8167219382       0.578670067296
  166      17.3447303025      1.9530719197      50.2693652446      3.63136644868       385.335487495       20.2966613075       13.2858681784       0.636969423706
  167      104.253701268     1.51025976134      245.106430356      3.14424343409        939.04365666       22.1694981441       24.7253522255       0.797468970109
  168      105.204436877     1.05064274134      117.407011106      1.46783338875       113.040168355       5.23645390499       28.5720216165       0.538486719274
  169       24.271423646    0.946917925044      62.8637229307      1.41854031739       81.6587246589       4.75130897335         4.008902397       0.484886414778
  170      22.8864318296     1.11622507151      57.3764328494      1.84329331208       78.9419604667       6.27808247964      -12.3292489011       0.519452662763
  171      89.0779277806     1.64841990744      112.529224941      2.26289646244       94.4416000807       5.13095182242        28.955818531       0.909515938324
  172      98.3065517477     1.06233295474      213.605782287       1.6755472753       420.420781334       7.46118335667       6.32657118732       0.420366081663
  173      342.022161012     3.09308571686      629.396959969      6.09613724031       1656.10096734       35.4096773801       52.2940960027        0.87321384456
  174      92.7521882025     1.02019658518      98.6337473838      1.74134556212       147.154574021       5.02089229046       26.4501067668       0.560293525442
  175      546.929446696     4.08604872034       1157.4121015      7.33405462311       3238.26171668       49.2705062487       47.0372447988        1.13138301692
  176      3463.56653117     10.5906203691      7132.45258639      21.2592107498       13378.0428196       237.867760131       156.192644154        1.97684806256
  177      146.404274531     1.28775643167      228.963340367      2.07541677777       370.227453121       11.6072656029       30.8815292905       0.440443811898
  178       22.324825636    0.890846840171      75.4741765866      1.24786884041       136.506858635       2.83869978776       -2.2882033681       0.551677316992
  179      27.8513583056    0.985246662411      47.2767913838      1.52836698273        180.24776006       4.50230519161      -10.6315676239       0.520027005486
  180      105.858929785      1.3866749304      196.731121556      1.98152426456       626.460995713       15.2708800815       20.5983330532       0.577438791118
  181      46.8179359716     1.05911570389      63.7288226293      1.63908627213      -45.2743325247       5.16263942309       28.5699215122       0.666106421074
  182      104.691961693     1.01115715851      237.952153901      1.49730529939       467.864324015       9.45626520649       8.11994456757       0.421631626212
  183       123.88323105     1.21260609245      173.543438686      1.64510449362       249.208606971       5.62365538941         24.91596314       0.565080082004
  184      83.8701019833     1.51145506938      162.639927779      2.38279233509       548.603744692        11.210263295       41.7216683492       0.881841850527
  185      40.6248042203    0.942333172741      69.4660038707      1.73950711894       260.535796495       5.68960393483       5.19302228558        0.53751234219
  186      111.917345751     1.21066073083      356.920709311      2.00337605566       679.692272745       16.3782996369       10.7894313088       0.633407877194
  187      34.8258716053    0.965286301201      30.5157392547      1.46981111112      -46.6294614633       5.03328359002       9.70787716758       0.511565177062
  188      333.475035354     3.54022908166      468.454185368      4.88299848596       1302.98359141       32.3182669079       134.038945291        2.02508371721
  189      46.1064663818     1.01556263635      69.5608961748      1.44635799002       12.1307491108        4.8867186305       20.6711018042       0.685443052619
  190      83.1358471527     1.24104331683      141.354977875      1.94176343791       308.634180525       8.69414505718       7.42302842347       0.529181707606
  191      105.141460095     1.18093061756      139.457145718       1.5134386613       280.467761256       6.15348441453       36.7667394437       0.699271764766
  192      17.4924040061       1.129221912      39.2587378603      1.45789922827       114.828221526       4.41242267073       8.18610776957       0.615224410478
  193      39.9539831474     1.08558745261      58.0943959753      1.42495537261       27.0383813094       4.48246821208       12.2294405262       0.498860283891
  194      101.730207255     1.40159976639      213.676081018      2.26570080562       354.656357432       9.40139863038       12.8863901601        0.49962045865
  195      52.8150329925     1.00146749801      68.4629715217      1.56333719867       107.373756777       5.67202652415       17.1560070845       0.639631061578
  196      44.9147169372     1.07632806843      70.1402416125      1.40383962644       117.772614748       5.43041713229       25.0647038463       0.533305419997
  197      75.3628877959     1.33286730744      87.8745828582      1.77356653743       446.454145125       9.84337653604       31.5708650373       0.621642294458
  198       46.862704108    0.987873568763      57.4892858279      1.58449170813       2.40818437639       4.35296039778       15.1945539176        0.43264767982
  199      70.2228190376      1.1828842499      105.070401051      1.58069183533       177.354444293       6.58238547172       36.6716763863       0.773618018064
  200      151.278818642     1.32051779378      202.558182233      1.63621318546       246.772127654       8.23356222589       51.6848139323       0.843603136003
  201      33.6552484655     1.27924715197      75.2037318098      1.72161665691       144.694671454       7.07503676414       23.2670066824       0.639738975174
  202      42.6599518373      1.2213380704      79.7700852763      1.93466602225       136.803712913       8.04446435867      -6.92122292396       0.674316372798
  203      44.3492526908    0.948400165376      66.5982220197      1.64926982534       108.356194664       4.16322098347       -9.0575829566       0.545780401831
  204      74.0369110279    0.940368541627      239.893876085      1.74929317873       879.605465931       17.5528424691       11.6321143846        0.40768919354
  205      81.8119148979     1.17194558293      90.0590757216      1.38358056066       114.591730772       5.80117227742       27.9376528865        0.54886479288
  206      235.968437594     3.90057001486      391.749016621      6.85990413714       906.379291996        31.321404804       42.5295765695        1.37081479025
  207      93.2755722728     1.19698489795      98.7285816945      1.86361326164       203.260546432       6.72108283451       30.0935372211       0.550853562584
  208      88.0592115343     1.71511938783      330.526599005      4.59075134844       1924.97022215       51.1096202106       12.9020298157       0.577156852763
  209      68.5429577598      1.1879943614        130.3994829      2.23850732433       216.179261897       8.59861670664       17.3091151134       0.536883483108
  210       92.561956089     1.05953494613      145.732515593      1.50943945168       353.818329432       5.71023844072       23.8822749227       0.528228406991
  211      76.8579254534     1.03909401588      107.413751189      1.70615585054       175.163275794       5.43324963714       11.6377227264       0.480686694353
  212      74.6523204692     1.07805887167      79.9204792139      1.42078768719       188.861320854       4.38085855536       17.0456167861       0.665099531536
  213      45.7416735834     1.00315392424      61.8857223411      1.37973501236       32.0271125358       3.91961078154       13.1490636577       0.590146732796
  214      221.630941934     2.59357199809      451.299605729      4.71570608523       1732.77616292       40.7307902606       56.3434829417        1.07779709395
  215      264.778396494     2.16525233792      433.304056313      4.13928030185       841.417067154       22.6314903393       80.0040927807        1.21844653867
  216      414.755111267     4.42142088126      869.525003761      8.57802579271       2164.81343282       50.2138446347       36.3376893397        1.12984385619
  217      103.457902081     1.30112738399      114.515465613      1.87953548194       88.1709624742        8.2040947439       55.9081185509       0.697301894727
  218      83.1268074209     1.48937388664      198.233354355      2.28203670567       578.624656836       13.8461715159       30.0240739268       0.764760639605
  219      38.6798217888    0.993278778395      44.8487280327        1.508703698       125.441698395       5.83203764955       9.02751634664       0.607917613411
  220      18.0671215113     1.00033566694      50.6213555808      1.34060676124       275.339531296       8.52151652348     -0.450148783262       0.418011995046
  221       25.206726484     1.05108848391      56.4399183817      1.53058430712       64.6681466414        4.0805017269      -11.3956622125       0.610160724956
  222      24.0996467017     1.24989547889      87.1890082963      1.76100450931       145.076181142       7.58993635641       1.10968965162       0.602410414628
  223      108.234109463     1.94479727946      213.125127725      3.75353020642       341.270692954       15.8344153083       32.8270028729       0.740349312819
  224      79.2204938249     1.18574114317      112.232627274       1.5095919678       230.694885431       5.01985189675       23.7786413763       0.822554061229
  225      72.1541131667     1.21502409389      175.669483636      2.04812140089       190.787625157        7.2033301994       18.3787098957       0.596307659172
  226      96.0530031849      1.0670548043      191.226518901      1.74023941841        288.88690264       7.10206445395       31.7141662058       0.489693300486
  227      48.8472776181     1.03052489762      79.2045297694       1.5625105315       201.612694986        3.4554474492     -0.590857715942       0.421897923869
  228      51.1789926665     1.00532695447      139.980705418      1.45515991522       214.696944288       6.12500674308       16.5026832705       0.421257683385
  229       43.566455535     1.03111164356      83.3994519902      2.00008529937       200.298269555       7.73464077355     -0.571892424119       0.602827599362
  230      102.469338293     1.54151423021      168.279752635      2.46741821278        482.03500045       9.72837981577       13.4958792668       0.631431974329
  231      51.0529126827     1.13362785659      53.6540381777      1.82175752263       94.3748726339       5.29556891795       18.1707658404       0.513498210162
  232       40.409814458     1.11470525059      97.0070301885      2.02544709777       197.893881897       5.71284687061        6.6063654213       0.577441414367
  233      17.4738143973    0.900462297958      38.8955461803      1.44054995019       56.4421821023       3.62530654194       7.87273951375        0.56766860618
  234      98.5603787771     1.04221741429      146.907990413      1.68192074477       229.184340714       4.97254345848       35.3189726495       0.638681141809
  235      52.4530221699     0.87289939052      93.4296035255       1.6743621386       388.159367297        5.1138715218       18.5549285494       0.573789518951
  236      42.0207621545     1.07275547461      62.8416152109      1.60298949194       149.789754309       3.63473717665       15.0603639562       0.433245679985
  237      30.9531607352    0.931277966386      58.9981426565      1.62797986508       145.495276996       5.49675455332      0.054667885561       0.497396107039
  238      83.2644629696    0.874694187395      98.9410599075        1.204819961       159.129957303       4.16628148987       27.6597823868       0.587623960282
  239      39.4941951308     1.00744215278      71.6781350696      1.49354274153       20.9339946204       3.56180513763       17.3721876011       0.546912028277
  240      66.9571359784     1.05957616467      83.5687485105      1.64184580573       101.734730201       4.85570794867       6.33491121199       0.642608550643
  241      89.6951663325    0.985616556997      115.455009258      1.48468117168       309.559674291       5.51237245181       9.59610495696       0.623515417513
  242      19.9657618051     1.03524686131      46.4377996169       1.4972808105       44.8214219179       4.33603719453      0.411983011344       0.517025829409
  243      25.6719317033    0.916750193847      55.7471924413       1.2062459502       40.1225639703       3.56611506536       5.22145264034       0.523574877756
  244      779.673738396     2.77003230356      994.956150131       3.3120741604       1529.79831108       23.1898456928       121.216097862        1.49679535195
  245      29.9670756595    0.835010421778      47.2777779541      1.60045890977       46.0988482379       4.69246311077        11.015524761       0.492968329012
  246      68.5840506729     1.56571434771      99.6820146175      2.25521754929       266.067315474       10.9649534617       23.4829564274       0.642750382248
  247      43.9761087377     1.17036822704      72.4198425728       1.4912657133       79.5315405956       5.24355576623       19.7685396064        0.57045276555
  248      136.737001992     1.71096265809      256.588049085      2.66942125097       645.902530898       16.4634048219       13.3549624191       0.613455482149
  249      36.8194962523     1.17526435252      65.2269719435      1.73534968484        133.17444903       6.46950313238      -7.65160136727       0.510634540752
  250      58.1030537672     1.21960484056      71.3688683451      1.61310155821      -96.1025023052       4.50261927263       15.2861714881        0.62454378275
  251       34.472650868     1.10046384063      89.8835112072      1.50093090491       136.543249783       4.83816456172      0.561117863508        0.60948218186
  252      41.7497332488    0.814989162002      66.5286554675      1.39377743415       2.90766076962       4.50012721648       15.3058267409       0.654946554665
  253      13.1621458886     1.30574730544      36.6812244502      2.19084938056       189.785629306       11.8208380029       6.32582077976       0.531801916474
  254      400.262477121     1.58498217645      679.664339523       2.7155222766       1001.22580893       19.4619061352       36.6565035509       0.918131060308