# id F89 E89 F90 E90 F159 E159 F156 E156
    1     44.9676957459      2.28568561653       64.936526363        4.59088454346         88.7681834613        6.32330811891        12.4578856076       0.513490118977
    2     83.6804937564      1.22172726406      185.962720808         2.4438993321         85.4762926761        3.00233721036         5.8926595584        0.49192497296
    3     531.797715711      5.11696068491      766.335613313        6.80718730768         308.565437376        7.34257775957        22.9400920482       0.636147069722
    4     391.686251287      3.43832989084       790.43043173        6.69033036807         382.164530382        9.39388401843        7.46559404464       0.614974482325
    5     145.737807673     0.750297444492      265.398157865        1.44455040458         73.6468319535        2.37073481347        11.0583704656       0.521978671296
    6     48.4214815153     0.784693779456      91.3514165789        1.63094209216          67.095560449        1.47514413289       -4.29229373143       0.518437739901
    7     48.7056216746      1.06824118175      83.6995759809        2.44194442092         524.424099128        10.0675627634        9.64203400123       0.377667728384
    8     63.6485180002     0.724863589839      89.6898199663        1.20445926905        -107.807120638        4.49039844687      -0.177779445752       0.426791831968
    9     37.2248275072     0.650157807393      64.3911753756        1.28157403124         16.2388531531        1.80775891724        4.58527649818       0.536380254744
   10     67.8168010826                0.0      68.3446194439                  0.0         642.282150329                  0.0        8.49078905299                  0.0
   11     49.7055078686      2.93099804487      67.7511989566        4.30033789369         291.254028672        19.4245480201        14.4531032637       0.541894359189
   12     137.445959742      4.69928059725      183.133080365         6.0795849655          1220.4472414        50.8538843293        17.8019037717       0.669559838427
   13     100.927612915      5.24171732801      147.476676459        6.98313732112         1226.16279249        58.0213572698        10.8796898928       0.795580423083
   14     76.8055022388     0.838957404025      106.789859832         1.3427386739         242.930019835        7.68934194801        12.9101485641       0.467778343007
   15      36.664619299     0.880064118642       69.878344263        1.53577164967         385.696955788        6.68355844079        11.4644118074       0.379514376658
   16   -0.328963303228      1.42966092604     0.538584315996        2.34914264024         19.7861289666        8.44277752793        -1.6414292045       0.446173201117
   17     33.1161455342      1.50243045449       79.300104649        2.89799326164         207.971627399        6.77412309858       -9.12431251657       0.457289533827
   18     35.5999522039      1.49212784568      69.2826964556        2.84426276796         175.773649924        7.79888999546        5.61392276819       0.362765660154
   19     40.2572778953      1.51367179621      91.1785065716        2.90986687881         259.840552147        7.25645333709        7.14262465822       0.414495726454
   20      26.957943395       1.7257895097      80.9959446597        3.29753691748         235.649886311        9.65638907099       -10.6626623144       0.536918329508
   21     5.48305912373      1.81749982059      9.13982535828        3.62189148324         2.78861958275        7.49621410032       -2.88298709612       0.443095626107
   22     87.5393710345      1.96706477442      164.925883588        3.80556227066         344.876581599        12.3143057858       -2.41628842332         0.3782493104
   23     84.9620315039      4.98980597801      99.3894231442         6.6180481568         739.977436814        52.9724335166        21.4517295708       0.670707340497
   24        52.1701863     0.831380466497       91.887871976        1.58204119543         23.5949396806        3.38758227449        6.29140019351       0.530930352996
   25     39.9654678616      1.65776104192      90.0281316834        3.07529370528         152.420118207        10.8958400544        15.0992901293        0.59969493045
   26     52.0961893756      2.78402845126      61.8419111083        4.06720341381         466.896453712        28.4443406492        1.24818081881       0.471877030486
   27     25.6474164652      1.07232193829      49.4729714861        2.00022450706        -5.49145070017        3.23346882228       0.103269676254       0.516019026081
   28     65.6712937736      2.07424264057      81.8256590552        3.04027106993         429.568862936        16.2104879942         4.4198033331       0.418138415577
   29      33.150593504       1.9040820773      70.3397313621        2.88913507403         420.548643471        14.3815194633        1.01651920993         0.4576439601
   30     36.0505120755       1.1559304509      49.8839383901        1.56446971408         111.313569349        14.2563962303         1.5201943465       0.629318400065
   31      146.90866193      1.68753944132      445.427112463        3.99425339503         390.120386846        10.9086873325        9.40188369972       0.625450936125
   32     58.4928844341      2.55399735682      123.700090151        5.22153957639         260.874663173        16.6114973742       -2.16985149814       0.413211775005
   33     120.058428026      2.24665238298      152.133615387        3.27065961766         1200.33264268        23.0619418675        10.1244373979       0.344950153303
   34     91.5909019809      2.11643693431      140.709428168        2.97111274721         1045.65857669        21.8041484613        7.34187629304       0.225880925486
   35     36.8499194555      1.47310198747      48.5601053057        2.05638349637         399.123079254         15.146452383        5.34781314251       0.431276698375
   36     79.0684433944     0.839458169645      97.4709262801        1.45425319051         164.482016431         5.9520149689        16.3991188428        0.59216769595
   37     42.2451315352      1.30851105652      76.1182283314        2.18581565559         104.749575832        2.25607901593         4.9199717994       0.493547878213
   38     9.66181592213      1.40591468941      17.5839109194         2.9158787819         14.6885903102        10.4704637219        6.67960397702       0.543277048582
   39     32.1663567697      1.47187971512      59.4895552529        2.47444463581         134.122685675        9.45419596508        3.07864472379       0.467769897874
   40      31.876417144      1.25437163187      73.8000784221        2.13707298528         130.775522259        8.34299038171        6.30886610203       0.493629924414
   41         32.294069      1.29772606339      61.9228685747        2.16477059205         132.715503813        8.40743202415        3.96266702772       0.439911790281
   42     43.9785845824      1.53213855257       68.943302055        2.61477263843         102.822542324        8.73752553887        3.79575247734       0.437096344719
   43     42.6217267442      0.83058162074      53.3301855384        1.29108851514        -109.099696995        3.85833625216       -19.3688596894       0.505407833875
   44     34.4747013649       1.5961943162      73.5820626244        2.70302500304         74.7699844354        10.1588261854       -3.34799435225       0.373272653998
   45     134.278640493      1.09581292558       268.69278307        1.86972346551        -5.83065951317        2.89934558841        16.5486110799        0.46875349089
   46     20.0514397625      1.60539240038      65.5706172285        2.74741291346         213.029245835         9.5504907352        5.38370452053        0.61534285503
   47     74.6536801025     0.766592253768       115.30723737        1.31544921338         90.6511316759         2.6914646611       -1.68813802292        0.50632009392
   48     37.1519971992      2.25317363219      49.7456910934        3.69687168605         213.339569064        13.4797522115       -11.9905060038       0.702605074034
   49     47.1140646681      2.22355236176      56.9861919806         3.0923401813         313.896825227        16.0697761359        3.30659907119        0.56311172088
   50     56.9935081268      2.90153420269      46.5700154253          3.517013396         289.294796166        17.7469475878        7.96472301436       0.569779335354
   51     87.1963853641      1.62767664615      113.592443545        1.98507907138         1373.77483244        25.6889886373        14.5623119306       0.515597386998
   52      71.279692402      2.00693447832      75.9066934956        2.68265036433         948.921684337        27.7230846084        11.5130065077       0.513836612877
   53     339.285231529      1.40703570914      1225.48697845        3.91244231372         458.781884697        10.8336760958        6.42268691905        0.42577719719
   54     74.6107159545      2.19824061145      105.849185759        2.64220059195         701.109673882        18.1521556261        17.0542268715       0.382753142995
   55     46.5274881687     0.990191340077      67.5554325908        2.21971832294         203.124978902         9.2341199898        3.34088877358       0.493162291685
   56     305.264774551      1.20863496026      1091.33575026        3.79662712313         773.015235012        22.0840447243       -5.47466770545       0.600208917375
   57     66.1028623996      0.96348680745      100.026691138        1.73360151978         185.902552342        8.52523430559         -1.195553988       0.527983111182
   58     120.508502792     0.948088200738      243.319136701        1.88798390566         145.152569054        2.06048021122        5.50028634354       0.315078290524
   59     149.750237048      2.27313355531      344.572983171        4.25551781267          324.99147381         12.733607304        22.0528926143       0.682716197677
   60     51.5582497665      1.19422476039      107.204567242        1.95745402278          154.59495394        9.78388109258      -0.724075118226       0.457737330422
   61     550.208026222      3.92233279704      1118.86963886        7.47110096101         626.355967156        21.3237773732        18.5132912545       0.661935124979
   62     82.7450407891      4.42697846144      234.695294965        8.65765417621         339.840652441        19.1349358828        8.42386372308       0.632901946301
   63      89.251093248      3.47789478846      144.208880046        6.34049397233         248.871028018        14.7005916405        12.3909500445       0.626159525231
   64     160.840944776      1.93928492646      252.254179489        2.25511978428         332.845155506        11.6723474609        27.0262558385       0.918962020847
   65     35.5122030605      2.44555363567      51.8332676472        2.75456165176         336.580196238        15.9845359508        2.48910192214       0.483651718774
   66     47.7673965899      2.16283003253       58.813533658         2.4162106094         510.176897565        19.9591186429        10.4140967559       0.526697404261
   67     59.6935432361      2.52776950815      97.3460050232        3.36921798396         889.214333202        27.9374189346         15.017913723       0.715089232371
   68     43.7334536553      0.90056687634       62.853192122        1.45732676976         76.6972790288        3.72664544725        1.04453534824       0.466845744593
   69     1034.12384944      5.34623161824       2322.8322605        11.1600540476         1118.28651331        25.0336579697        40.6860276422        1.15461233885
   70     23.7857182501     0.686441793059      67.7087604124        1.29859657288        -49.2130434763        3.42248353194       -7.15288237267       0.521066394192
   71     286.766766114      9.09321895397      1789.78087181        42.6785244265         383.551897778        13.6190621269        6.68089223746       0.291678983709
   72     101.369703956      1.46497467321      181.723405717        2.38200004125         194.228212528        8.16137816545        5.10096719227       0.662819307292
   73     48.8528746931     0.838901143557      113.383915688        1.61367930406          103.85089346        4.55953549776      -0.137328275132       0.431445012936
   74      85.938387035     0.781703195977      145.345770405         1.4708627269         1.95782608432        3.35286055433       0.717610490581        0.44681789065
   75     272.720251902      1.33689355117      563.007908169        2.13818885935         421.698423474        15.9393062562       0.610599826389        0.44884759227
   76     39.1407637411      1.17116833114      73.1218088294        1.89158937473          108.43071267        5.82904029529       -3.58819618115       0.617480272281
   77     35.5332491268      1.46757981418      50.8504697154        1.89139160704         456.242351861        17.9041989124        21.6390546599       0.468137155285
   78     23.1927246885      1.08486843967        62.01660327        2.14565664303         156.854041554         9.9833366953       0.124682238031        0.47032355078
   79     46.0907909791      1.00093856819      61.3591236831        1.71803098872         52.9590623368        4.64873635416        6.09479905268        0.49792425866
   80     48.3030506452     0.900259923803      93.5647776708        1.89243296395         153.469654918        9.03794234004       -2.04373104059       0.492213525733
   81     69.6561921828      1.27758439407      133.344696123        2.34835171871         180.388898119        10.5883595198        -3.3538486027        0.36198830953
   82     77.5598389331      2.46798178513       81.777271512        2.86712261493         505.896795477        17.4450587813        8.41144786139       0.363165671105
   83     81.8732829598      3.22678315833      95.4976444848        3.95754527343         870.611466719        36.4773446281        14.8186373023       0.617767696924
   84     31.7310139416     0.823639490617      71.2644761126        1.41118659071         156.661075424        11.0252528649        2.41844090182       0.573383799369
   85     97.6965224645      1.11167037598      163.258871995        1.81460862251         119.257125137        5.69194674557        7.98836995718       0.586719143562
   86     161.804373982      1.66205994133      220.950467226        2.11840376927         211.830881515        10.7526648315        7.45846295397        0.56322360524
   87     25.2776416505     0.882946376307      121.559793485        1.53280106832         256.083713559        12.1342415256        1.66472565443       0.647659160826
   88     41.9460243921      1.02326841721      75.8523899576        1.40443895846         160.682207037        9.51768419047        1.37327886465       0.540621484076
   89     24.5583800725     0.884756431807      51.8535630678        1.70237916285         88.1286596513        4.30640873669        8.87172751985       0.388270025009
   90     37.7897257157     0.997437279227      65.5439901776        1.99060291733         121.114137518        10.0596251772        8.45870142018       0.410913257767
   91     55.8455059451     0.924993945039      92.2618119766         2.0339231187         179.348877141        9.84908928259        5.76838534802       0.420501639363
   92     32.8546416363      0.81271856743      60.5835655909        1.42622121244         158.417908958        7.90101209387        -15.675639875       0.402364091578
   93     76.8212927596      1.19854609513      198.495799834        2.48297261708         50.7634942049        2.03714614551        2.89390914737       0.436238455576
   94     35.5970935905     0.897249232377      69.8688084859        1.42736873225         131.841768541        6.43805238101       0.519901398074        0.50300278113
   95      199.46976717      1.73929153614       417.42404609        3.35322838802         157.336690589        3.21277391677         1.3212382894       0.528321945692
   96     161.418572553      1.63005575986      238.356963396        2.24493094038         218.278107206        8.72749839518        7.88434061821       0.473724933401
   97     100.272278962     0.992478486216       175.25129576        1.51628327947         93.5374694026        4.38525710393        6.88950458196       0.550808793761
   98     59.7497089031      1.33827993651      96.1836927825        1.57233708934         108.064344208        5.28515971532        1.17709185189       0.667145167957
   99     170.641182732      1.27935399017      353.490683846        2.61708596745         291.641463687        5.91711108199        10.3041465162       0.513409581559
  100     26.2086712931     0.919187651931      116.496366193        1.62817132815         74.3060122404        3.37672464162       -15.2722152774       0.495902560646
  101     90.6610992101      1.33560624815      100.776553012        1.99109046896         27.9217240767        1.55037265163        3.12805347527       0.300561751677
  102     40.2259399556     0.645758080838      80.0235682098        1.17430760479         59.0880973422        3.48349040317       -4.95231801996        0.48188851568
  103     66.1227378771     0.873831862623      103.196489242        1.38352599052         60.6364493783        5.07051756187        6.26425657018       0.635499456504
  104     34.1449444229     0.896408354899      57.5116524503        1.77816189071         134.583051834        8.84207865297       0.722427164474       0.415587322154
  105     23.8686010625     0.843584850205      135.214643992        1.80647964706          105.54871145        9.07578295962      -0.250162253483        0.40120053813
  106     51.5481561467     0.881393688399      70.4189729285        1.20756746217         65.0483443389        2.38632704155        6.66566288581       0.540362663583
  107     65.9990916633      1.01030619809      110.490751159        2.03629526756         248.800606597        10.1775198502        1.41325146068       0.506194464209
  108     50.2846056362      1.06819849812      68.7272813422        1.80026705668         105.365244492         6.2621696423        14.9806801071       0.420687313091
  109     129.466482349      1.60792574068      194.615324553        2.69536858709         211.616899419        8.17029472844        8.81496771619       0.648628954801
  110     22.0203072987      1.12836561717      52.2431448819        2.13255931017         132.307598062        12.1491585164        10.6173003686        0.39633699721
  111     52.4267041334     0.869565829385      96.5524802321        1.28062889075          93.991747139        3.13888236354        6.90577496062       0.564727749398
  112     79.9613316897     0.773187572421      139.907611861        1.50888127836       -0.892366212593        3.14747793191        -3.5757756357        0.64454334851
  113     197.269806894      1.53735026283      389.519025241        2.10089806231         86.1446292256        2.58552546685        9.71298597524       0.624924743571
  114     46.6170951737      1.15879092051       41.948409113        1.94072095627         143.726879427        6.26238519868       -1.93233510465       0.471375984078
  115     18.2725928531     0.719281685742      59.8801816762        1.23124657503         167.230802171        7.49861437293        6.09878276557         0.3850676658
  116    -1.07129438255      1.30726066095     -2.83869062161        2.36711199212         76.0162470228        2.76233611335        7.36453466499       0.515981915652
  117     8603.90131178      46.6064662496      19932.1797465        93.0718815331         9358.23203046          225.0949378        109.913443559          2.763570857
  118     89.9380735819     0.917816619843       146.34992889        1.50943387372         74.0082731307        3.22017968033        1.65626943427       0.428046477165
  119     296.385397697      1.21068776544        448.1916682        1.91090610054         270.244319095        6.28944199707        17.4829457987       0.861206329799
  120     4.23673843028      1.19153742516        37.51941429        2.06551988841         186.721511902        8.84028925484       -1.97543335654       0.403725938041
  121     55.3863016377      1.42790602736      105.218866433        3.07254534814         612.705704628        15.5173036075         4.6759689137       0.537219443613
  122     36.7374861409     0.821510337221      83.0514111004        1.57195736922         189.291331725        5.80043968522        14.3182411806       0.303025556467
  123     324.498972271      3.08317075812      570.471687036        5.40762371431         369.621987766        13.3956956061         19.390973223       0.680175703239
  124     53.6392793457      1.60099029947      77.7366252846        3.26103968286         30.4534745554        2.07806805045       -5.93718786952       0.458624580766
  125     307.384766668      1.30039182326      660.019434615        2.53924785172         268.302412918        9.33804300084        4.91913812896       0.470197936593
  126     19.7456279251     0.861245342676      56.1918915245        1.88362115222         52.9393161865        7.10633141033       -8.05618339662       0.513102432484
  127     552.016120427      9.11684482662      1338.74894364        19.7159688811         888.308713187        26.7398101664        29.0971911935       0.967024885223
  128     19.9635133094     0.763806410962      47.7959450998        1.83328225506         58.8698534237         4.4902413189        3.16215791776        0.41960852139
  129     91.3575452352     0.904118379518      212.610306697        2.18257353627         162.977634696         3.8776001314        6.48590269841       0.446617998751
  130     97.9842120158      1.22738494134      173.697307268        2.62824758296         95.7511773364        3.75440187247       -9.83130983243       0.469488278062
  131      69.494886601       1.0651717169      152.518971419        2.22790920714         136.517967747        7.89701993682        4.70642063827       0.468143477132
  132     23.3240795547     0.944537709424      75.6490221585        2.50414383077         82.9862381878         4.7024036873        6.53874508461       0.444480896112
  133     599.701337806      4.36005663177      1373.40284014        8.60448816743         600.471395272        15.3065130881       -3.30721433447       0.650845188787
  134     94.1501760819      2.21613698435      185.577048031        3.88810437152         210.141689863        7.39512241847       0.507431227995       0.450523551563
  135     84.3877111032      1.36360631647      137.692566339        3.31023438325        -68.2199791479        6.88487183471       -1.43951198235       0.364556451355
  136     26.1989220134     0.823739205267      62.6782438079        1.36879930456         -49.606053083        4.17013608741        3.18280890723       0.470846422868
  137     17.5225802254     0.695208539741      42.0245613045        1.36286153554         111.987984343        2.29244246179        4.22724638539       0.494712661571
  138     68.8391709194      1.20933384871      66.6924720043        3.14423177333        -257.611190896        10.3373689171        17.1686737911        0.55853461237
  139     9.73936825016     0.668734304056      45.0379198496        1.40565674678         121.547383318        2.72588954794        5.70618142057        0.47839422421
  140     149.384790857     0.877266053536      732.052876518        1.83255877717         401.391582993        7.16934105584        5.23286383941       0.421611638778
  141     96.0845767564      1.30815567474      90.3036694348          2.502418005        -186.393878471        11.0811664444        3.03993487386       0.526590853361
  142     24.0776741926      1.32735364629      15.3243305973        3.06094893232        -115.356270904         9.6049371082       -2.21078460841       0.447053547524
  143     435.882924048      4.99373043029      1164.86251553        11.0660151056         689.933358576         17.519279479        12.9323669619       0.882012866544
  144     1618.87400915      6.47545486643      3748.51794828         12.541198959         1610.49090959        36.7775483596        10.8326948914       0.756902005926
  145    -1.07942322438     0.134654524528     -2.47673744425       0.283373794324         -12.264065511        2.24478510409      -0.520925548409      0.0857128705569
  146     135.260205115     0.977671700025      243.010560238         1.9162082594         139.219591964        4.34717955177        12.3741982403       0.436006064473
  147      28.465316873       0.8607333739      78.8351603984         1.6405402373         5.51945756568        2.97574638514        7.11738142924       0.470873096678
  148      22.793928648     0.647409455568        45.34452057        1.21452257316        -89.3400044348        2.41145872858       -7.01711223163       0.491940733008
  149      339.45856671      7.63150993093      337.296497003        8.70013486137          322.95415046        10.1861816965        47.8334999308        1.56385114797
  150     89.8362426011      4.88174102024      141.389043027        6.83478346214         49.3945509431        4.76089404634        6.98825045017       0.500965797337
  151     129.018379011      2.28873012852       218.09368098         4.3028565809         203.088909048        6.65182222267        5.68775504581         0.4780993978
  152     93.4868170629      0.66150777456      517.616420014        2.66572172297         553.911857929        8.64627381733      -0.159898510269        0.56584145332
  153     47.0915092955     0.877380798564      88.2137169948        1.53875184047          4.4020494105        2.34318832522        2.80749925329       0.454974934372
  154     17.0624523245     0.887182461927      47.8947675402        1.84595259911        -108.933709249        5.10492815763         10.839471054       0.507710731214
  155     104.163629149     0.874393118817      269.870476606        1.78016632584         79.2120284961        4.37724872714        17.1549150445       0.617836079455
  156     260.141677119      11.5839793405      1466.57051453        50.6090328618         611.664017178        28.6224276121        5.89346382623       0.406353490851
  157     63.1733814327      1.16859135588      75.1876295095        2.28236085133        -76.8938695704        5.71682446247        6.40439080226       0.440136456338
  158      149.65957215      1.05286256175       285.20814296         1.6785508242          52.185876458        2.67596864872      0.0819713462847       0.550009774385
  159    0.786017916096     0.869698711013      23.9892090761        1.50072107256        -108.311291784         6.5157492045        11.4399731248        0.44729159709
  160     84.1257493476      1.56933492764      211.351677944        3.04300674589         282.657435901        6.82774299424        1.32733685964       0.577898728596
  161     10.8599761322     0.772660660579       48.755024647        1.47861711643        -7.20376694586        2.74288661552        -1.6778040227       0.536300855548
  162     46.7802436539     0.759919794582      81.0037769665         1.5629788223        -49.9561834931        3.16883636286          3.810053563       0.524381997321
  163     12.5899919251     0.793987631078      42.9017860545        1.67748078602        -8.31806484029        2.67740437364       -7.77808523693        0.35794551371
  164     1522.25583301      15.5406174986      3181.67555394        30.9015475548         1675.10274624        48.2415883292        32.0956590519        0.69577957733
  165     86.0821321309       1.1045594394      127.198347001        2.46644886482        -14.6590666206        4.68316826286      -0.179627500661       0.501851896281
  166     95.4071319309      5.40624256225      138.788329664        8.06374045906         82.7303202188        6.79080813436        1.57771163573       0.549589232386
  167     5.18965748761     0.867249979995      42.4008128502        1.88961439125         31.7872739635        2.70766867709       -2.72882016185       0.471191010535
  168     27.2544317197     0.770879796822       61.790858819        2.06185822922        -18.2729699417        2.75232236175        2.63347862042       0.596460529072
  169     3.23686535646     0.776844739741      44.8669744759         1.4393815001       -0.413381562395        3.60570776435       -2.73557408685        0.52942835164
  170      43.991662525     0.903739783167      75.2487433241        1.48478702779        -14.6323503786        3.65181844232        5.11079774845       0.502134795165
  171     228.160933118       1.3448822389      335.229860028        2.01312288727         98.9438352544        3.13429140643        3.24873473942       0.488572381412
  172     79.3079559064      2.03300876829      100.143869364        2.09165707524         52.8643166702        3.59580990261      -0.330100183448       0.458645013248
  173     57.9410717973     0.773737676007      104.039026066        1.63251249984        -87.0280604337        3.91552671498        3.24618870094       0.505271261203
  174     987.586218385      17.3750921593       1815.0658857        25.8977307189          2139.5153331        110.788415557         51.830325941         3.7940344117
  175     372.263602653      1.54164552045      683.125624919        2.84705721963         94.8256338019        3.05896180265        6.99587115961       0.623892426073
  176     174.980282319      2.01349233298       445.31721553        4.16095258311         231.167003679         2.4857667147        16.6055607622       0.543152302632
  177     10.4517596587     0.712408157952      50.2414389857        1.42516652554        -50.0412588904        2.66934280658       -5.90289188419       0.424196408106
  178     62.2033848426     0.899555991937      98.9529241533        1.41112617258         32.0173114212        1.99287134244         5.0572159861        0.49069874704
  179      22.083057706     0.903403327031      49.3285900715        1.70446678771        -85.8189286544        3.50525460051       -25.1060732008       0.507016106884
  180     3558.69032156      36.0311672262      7697.44622753        71.6536198385         4296.45959329        122.162868941        56.3480151826         2.2248122436
  181     95.7372867297      2.22546937933      253.403353294        3.87708298432         149.766339712        7.25371969259        9.99380424014       0.451475954758
  182     51.9715459725      1.74330345069      93.9220966826        3.41813872721        -32.7660270731        3.20830671422       -1.50660506065       0.506578730607
  183     27.9744211305      1.00924483203      56.3338124669        1.44655911805         25.0930874299        2.52044736956         3.6352026536       0.395319148202
  184     101.939064345     0.998866128965      214.777896818        1.74968195668         120.109371349        2.78218765071       -3.64381703009       0.395782877026
  185     59.5470789172      0.88422979658      103.085660837        1.61450852997         -51.412946965        3.61980654551      -0.419444520571       0.467467829085
  186     47.3313738682     0.669242572262      70.6134861679        1.30614788154        -60.3766432225        4.97041347915       0.781065049096        0.45512479648
  187     245.084755109      1.46930467788        779.7321302        4.24747881727         359.545715373        5.92097033757         1.0185766692       0.514522323094
  188     67.2967073906     0.755918006522      163.482654075        1.31602625264         34.5528774586        2.96043017413       -6.71080357192       0.554998749841
  189     74.4507527034      1.84452241468      123.773312618        3.49638126086         61.1537064368        3.56989184418        1.58185626583       0.542910236366
  190     71.2049931938     0.740867855924      413.809242233        1.75617978927         338.221282055        6.52478858152       -8.40928638261       0.534678186114
  191     131.056959246     0.948966201962      176.042955872        1.53067502607        -32.1433662602        3.38045469512        10.9159523868       0.482177291455
  192     133.441021198      1.07076120777      175.665182895        1.62376943384        -51.5586389207        3.23201077249        7.11713729835       0.473947560617
  193     39.6049661731     0.947211575342      98.8129039106        1.43382836874        -30.2188647702        2.58975250844        5.73365896014       0.410210610433
  194     45.9803694804      2.40883037645      99.5949660197        4.16733190829         118.712799282        5.89851978103        16.8837354484        1.02560447553
  195     20.8929059556     0.914623114453       47.009523384        1.71510666998         138.461487278        4.40730606594        5.29771094315       0.373428931113
  196     237.115947063      2.63075264266      440.877934533        4.61010885175         177.016868099        6.69550176238       -1.32383288361       0.612521103318
  197     666.383143186      14.8485848791      1192.25063421        29.0337691663         2749.03033649        89.4781539185        64.8190485032        2.57467190576
  198     25.4990607913     0.975412884751      65.5356191237        1.68075381224         99.6322558623         4.0556889856       -3.51155572775       0.381544024763
  199     117.391425747      2.01006207467      135.161724849        3.73877995264         34.5750360397        4.34553052165        2.44835830942       0.539908939901
  200     65.7789624589     0.786335520408      80.0524941098        1.33778431251         27.1776008808        2.16035758808       -2.64805995328       0.476181670642
  201     67.3113873819      1.14300050214      145.037428665        2.29996623476        -35.2113410518         2.6545043653        -1.1642617008       0.522501066259
  202     64.6003230055      2.00914722275      89.6788536064        3.30155937772         39.6655114287        3.45406012272       -15.8114504579       0.589848495523
  203     156.239223528     0.832607617511      477.815458922        2.35145096503         226.387936501        2.77105524399       -4.97052448732       0.508172025157
  204     525.559484148      1.58468416694      613.653670309        1.83976994958         137.417029642        2.49409161695        32.1908774859       0.711762633991
  205     25.4093402362      1.44034973129      73.5581099676        2.80151714046         58.1271989008        3.60615581973       -8.29572775122       0.476187234593
  206     77.9769599106      2.43676123165      105.547356157        4.15302242412         59.4650898136        4.84814236549       -3.39297900878       0.522738605866
  207     12.7387211895     0.788331620844      45.8978345678        1.31099927331         45.5076936675        2.59445809875       -9.26594809733       0.426185116135
  208     55.0537175285      1.21366311761      95.2458711039        2.70340272062        -2.84169648194        3.94579855739      -0.722673411417       0.555444566754
  209     93.0733880065     0.840831288164      112.618270953         1.4220062146        -6.19554416881        2.67776589786       -6.41148657088       0.467116000893
  210     52.4137618057     0.823965734426      68.5538685506        1.51612179906        -87.9044236217        2.49885220034        6.10156480583       0.424113625589
  211     10.6613761731     0.690293546202      33.4541368487         1.2466903508         159.615087145        2.88029782722       -2.43432689483       0.295292034497
  212      87.604918706      1.20929429252      138.406239935        2.10382489452        -7.93552917684        3.10359233979       0.608867505642         0.4662493254
  213     119.327656926      1.13086104236      135.342143861        1.52519966481         37.7709487689        2.26766926857        6.62391923233       0.424870097305
  214     25.0891221779     0.729629706555      58.1444274993        1.44963099159         80.3315627047        1.96860000519      -0.131718290038       0.372230336353
  215     22.2050264837     0.881860829245      41.4483161512        1.59860890469        -106.312951701        6.14782254591      -0.669761326565       0.542230765841
  216     27.6314122523     0.733533091575      142.927001492        1.39226851171         39.3225600919        2.67627078977       -8.97888473809       0.560284189875
  217     51.9871047041     0.765647918593      129.554869215         1.3280451639         -37.873813654        4.17332730735         -15.85314668       0.508950297293
  218     35.7718998201     0.682602395587      154.390505759         1.4137686187         157.123046449        2.26674170041        6.58256836657       0.457842971422
  219      14.574474346     0.889625048925      48.2968662777        1.94422795535         96.3627289394         5.5495761557       -4.28277435402       0.481865906531
  220     89.2045699249      1.42027471068      115.675156704        2.68605938436         31.5110004918        2.57899299193        1.01216577186       0.485442413955
  221     128.605670288     0.773548166105      284.258911606        1.65728426617         29.6286176592        2.69655462886        2.10866070565       0.495999687038
  222     106.525247512     0.814138159635      154.279137751        1.42867795339         -55.466277943        4.61933137674       -8.07862804427       0.670922032325
  223     13.0221450945     0.751749059505      94.9022142797        1.27462499576         46.7407508901        3.21985778339       -4.07580344608       0.542741929174
  224     19.4090924763     0.718096332902      87.4388769575        1.38416478485         54.7163900339        2.65526109821       -13.4761914836       0.412457179145
  225     53.3489549551      1.18304143423      110.644425954        2.32722888194         68.1620130316         3.2098975599        8.58235007648       0.389211598402
  226     14.4184876326      1.12515482198      57.4184893506        2.13704718323         134.194514649        5.21896988142        10.4601224677       0.368519481936
  227     28.3407744838      1.30426529317      69.7597474885         2.4985147412         65.5646969212        4.69450311438        2.84213794512       0.402122587145
  228     28.7944313508      1.22502375458      69.4445183244        2.64557772692         77.8715690185        3.31653692605       -7.63218424789       0.473925848096
  229     19.8208422342     0.854868655324      48.5974748462        1.48235094808        -83.1545182138        3.66788029268        9.29284422747       0.450258852454
  230     5.24048145449      1.18222463457      30.8868229788        2.26466926719         122.688859024        5.51898095889        8.58011543241       0.490507723627
  231     50.6999023891      0.81949166248      74.8250442828        1.43213411375        -35.5566325571        3.15421214634      -0.510002788854       0.391261533338
  232     21.2562149012     0.855226558034      76.1964711429        1.60811109166         105.536334471        3.40490677486         -1.277213694       0.270769445531
  233       16.95786252      1.01046416768      60.6162840324        1.87053647402         35.6573287459        2.58086025969        7.48103987081       0.496283790587
  234     76.0326100234     0.855209649632      161.864321155        1.44533886132         44.7300801813        2.36684355866          8.626586561       0.355306714253
  235     39.9934165422      0.76962685249      133.150407347        1.45591849708        -11.4259703309         3.0608001965       -10.3775084731       0.445361579864
  236     48.1138795243     0.979268402366      183.705799921         2.4233211002         205.809364019        5.58424511344        2.77610428576       0.431353235152
  237     21.1798067424     0.788483174272      34.0389728362        1.49761724538        -74.9231556986        3.65958287339        6.83870868454       0.527826992401
  238     29.4685022721      1.23327547959      73.1250596517        2.64045156376         80.4333084072        3.96956834233        11.7109818572       0.346367099185
  239     33.5570511349      1.23571216528      67.5284098833        2.88098940406         59.1539008534        3.06996494808       0.450809348096       0.492712278462
  240     98.2751751592     0.896641333142      172.092745895        1.64155642638         17.2785447258         2.2059451219        -6.3225401686       0.503674263426
  241     130.243117972     0.890403116294      175.590110426        1.32996817355         -30.372662775        4.84464031152        3.55090940021       0.486187083393
  242     33.8931085409     0.809936659861      200.647943479        1.33559762561         158.578960698        2.70962603394       -5.30118083112       0.468632043503
  243     21.8116638342     0.747537357428      38.0674499788        1.30938359337        -60.7737033203        2.55406728867       -2.10702564249       0.387085547336
  244       59.54672052     0.876385109864       65.054897244        1.43128707961        -4.44714985941        2.79457261505      -0.876708462099        0.41995779914
  245     10.3833363909      1.21568936921      69.0881967813        2.02877387767        -25.3214890291        2.90606190523        3.16318017618       0.500918019798
  246     125.167452735      1.48707009549      170.345227868        2.91667074404        -8.43459358615         3.5504866265       -1.28679642778        0.46497586207
  247     105.120656072      1.08266940032      227.828244306        1.55467899262         13.0534291178        2.80879406323        6.44215345054       0.413236094296
  248     39.1941850828     0.740646983915      76.2819407255        1.30274029414         7.62069964438        2.85689070409       -3.06869849086       0.464918959396
  249     20.2195594948      1.21385281323      49.6222612196         2.6588865759         76.7691058106         3.0770097264       -8.32745590165       0.477122601539
  250     40.6528458303      1.00799514344      75.3868525634         1.6358393755         22.5728530173        2.34373214421       -2.10853153927       0.446654652933
  251     9.91067225906     0.692250371299      50.5161878598        1.30954577402        -106.396229435         4.9649690254        6.82589604581       0.472772120397
  252     63.5505289378     0.838509333372      218.265943381        1.58891890497         49.8109593374        2.19284737122        5.21221659673       0.478915427086
  253     40.8049929517     0.756002493242      70.5955836073        1.17960391214        -99.1230484663        4.65374730253        3.66547856733       0.552788812058
  254     31.8012379768     0.810303435334      186.306003681        1.37340124265          199.49628583        3.30228645682       -1.64952763809       0.443751477847
  255     192.113759983      3.42881176617       330.87915937        5.56198270386          309.74562224        9.88836455044        22.8821133022       0.640548391481
  256      32.373681746      1.42402325572        67.78185689        2.68591720508         62.2608060064        3.74017435303       -3.11147695479       0.574458952147
  257     82.1338417777     0.786863497548      277.756051868        1.41103575731         96.7373345258        3.06470291314        4.20396745955       0.551226694859
  258     123.581801526     0.905004195628      280.248576522        1.90278661418         189.109948049        3.62814747837        4.34703881767       0.546885249826
  259     107.931916716      1.22360131101      268.746527274        2.80415131732         212.756892542        6.49035624937        3.92714521268       0.558601666754
  260     212.310512329      1.05176110743       542.96132376         2.1628730789         285.613452243        3.87992992003        15.5479155833       0.460149405347
  261     23.9112057811     0.818427123768      181.602618394        1.27686991276         168.545542594        3.13922740284        1.04899591624       0.481031239206
  262     79.9467577036     0.790044987589       164.99296375        1.47609333807         45.8763748086        3.35602915852       -5.23155939383       0.479342734775
  263     49.3999538299      1.03257621188      105.504855255        2.50130248713         35.8989606957        2.89691214412       -4.82270886115       0.474330153633
  264       57.42354562       1.4527863453      95.7584322229        2.94011231638         69.3659503296        5.48636301518        12.0047941081       0.485111107787
  265     36.2118263692      1.25369985206      80.8292431485        2.45342886981         163.629251501         6.6632769824        -4.6153124633       0.462417112199
  266     20.4667773697     0.735208457157       73.926443134        1.39563595629        -37.9011068756        5.15767714168       -1.78945177584       0.533085019741
  267     65.4657007311     0.801133175337      67.6152327889        1.54910177001         10.0981842944        3.72923889276        13.0104745108       0.431556369267
  268     43.5031502025     0.870358722138      110.336305982        1.76466983866         118.317609673        2.39547546394       -8.59519617835       0.548911574342
  269     231.083698815     0.990404426575      377.402833657        1.73427244768         22.9913190951        2.51008556442         7.0450424647       0.471289623394
  270     23.6621569191      1.22239860896      68.8148114226        2.28962255311         286.512991253         6.9510983392        3.36249779782        0.31569489924
  271     57.3519219521     0.798894514765      62.7306097079        1.47865900586        -82.4292881492        4.12829854298       -4.31612840737       0.479015016114
  272     64.9151356082      1.74197065467      86.9982598226         2.9585466723         24.3361472398        4.38131070022        9.01482673646       0.555310139991
  273     168.594788823      1.91095398348      252.828008321        2.97011245627         152.822947289        4.35557705705       -1.55719168277       0.556988489697
  274     154.981129789      1.80310366742      314.349158136        3.91569100158         106.872364671         7.4103644005        8.20940666073       0.551647217645
  275     20.8562059863      1.06486231604      41.1642832267        1.47571415304         -19.223909922        4.50101668249       -10.6331363292       0.460191408954
  276     49.0936847333      1.05038205427      103.486238232        1.57151503125         -55.120527975        3.22081770697       -2.72845169373       0.460692584542
  277     26.8952312055      1.20231656942      78.5636774196        2.25801360077         353.761775593        6.67157594045      -0.191594608941       0.447823221724
  278     82.2408847988     0.987707775244      95.6405096598        1.37163207477        -33.9833517822        4.71553861766        13.3131602419       0.448824935152
  279     149.661575153      1.39752240735      415.138793483        2.19884125817         60.6469232007        2.92297527402        6.47720217812        0.47728037142
  280     69.5243107796     0.825960065888       142.91477099        1.54246146517        -13.8709930544         2.5316694955        11.5490710947       0.485894944274
  281     85.9288002262     0.814099741679      123.898014748        1.37380569868        -4.59595456284         4.4656377342        -5.6430616818       0.408698421947
  282     62.2032467782      2.12611187598      86.1344200195        3.49443752613         130.620930709        5.44165643406      -0.113043358983       0.577813320973
  283     28.0995550473      1.23804304178      101.929285273        2.49943017154         103.413740139        5.17788698988        4.72699530629        0.49686204028
  284     64.1506096702     0.929253374024      96.5892297533        1.51333653486        -25.2237599063        3.71766709235       -1.72003678155         0.4570603484
  285     45.3138427333     0.773737219484      37.8238430237        1.19934522183        -117.868966958        5.08697215002       -2.79630714187       0.451104645422
  286     18.0138291352      1.33122221786      72.2183359124        2.49478102951         99.9008099971         6.3931210285       -1.65197626124       0.388607954247
  287     118.069675594      1.25560962464      188.383938845        1.80374426023         62.0950793869        2.30079456466       -2.63771703228       0.578536115026
  288     57.1761205509      1.42584985208      153.461899885        2.16792163765         32.4607998954        2.75892793765        9.92921604853       0.432600568714
  289     49.0093212519      0.81865210533      59.3369663053        1.34820481399        -66.5028501628         4.0557024497       -2.76957045823       0.502322181674
  290     310.665474522      2.77162709995      653.850475091         5.5393550742         367.215857723        9.33200921611        16.9768379981       0.535782871508
  291     62.0745683946     0.879332430645      62.9468881238        1.57888869941        -1.51932973299        1.91769241279       -5.99452815011       0.413898550817
  292     31.3427070713     0.770695911982      55.6881322929        1.53305082173        -65.7473332229        4.16333530085       -4.19003567734       0.612073316706
  293     33.9693348594     0.929007521652      207.594696527        2.09884351053         197.163864246        6.00928384104        16.3840692575        0.47491254791
  294     91.1317755464     0.893848934079      113.977529036         1.3764519504        -51.5135415593        3.93567641818         9.0677921017        0.46987522715
  295      274.21078449      1.63475466142      672.886182403        3.89307462221         343.812806469        6.93651972952        7.97509464386       0.388852284655
  296     46.8246615183      1.63776481314       62.966798895        2.73657285394         69.8087540522        4.03913262122      -0.281884210506       0.553193630004
  297     55.0771109326      1.55056659257      85.2310654146        2.43102798703          47.360549663        3.79897141062        2.31120430123       0.526999311318
  298     9.30543473611     0.696685639398       34.632351796        1.39701794813          3.9870188492        3.19574443761       -2.22430669526       0.458101432985
  299     44.7191720492     0.744002442221        75.19551668        1.45355993627        -56.0908210071        4.45707280828       -3.25928115992       0.475521976203
  300     159.767877746      1.28532296132      292.764338663        2.30533100067         155.936948334        2.95931225945       0.505720906137       0.602063861357
  301     219.368632766      1.95767129385      563.037148876        4.62046102511         288.906741271        5.64952109111        18.9784769276       0.546443360441
  302     23.2527843385     0.718699074982      46.3516469482        1.41486912037         -43.092375278         4.9680126675       -2.83605765556       0.512978754334
  303     32.4548864256      1.75447482299      91.8330182442        3.43249893386         153.533264974        4.44745944324        7.75291589738       0.436347538647
  304      80.249944052     0.725569330868      164.073153352        1.19939127697         23.6397541105        3.25873996188        0.98801807722       0.521297980647
  305       68.10172238     0.984880961825      109.669195841        1.52122467457         23.7815647107         1.9875070646        3.63043943898       0.600705656984
  306     18.8763626117      1.31160657866      57.5746396803        2.80862130531         47.6663084252        3.11374505493        12.3788431691       0.464510907147
  307     74.3849239885     0.880090781175       193.38705951        1.40313389697        -18.3691517111        4.62990963128       0.986492712964       0.576692709236
  308     95.5820670208     0.990364450658      165.814821928        1.70342553565        -39.0825273209        4.38525412813       -4.47316467921       0.575605016614
  309      49.059642721     0.893348244517      75.8372117048        1.48398446836         159.876260435        5.95265366556       -2.67237818149       0.428514117218
  310     90.1505373284      4.02720972851      118.088724567        4.96051403799         1030.51287273        36.7585162652        12.4023813567       0.651031878541
  311     62.0402170908     0.872917009606      130.548215375        1.51575522409         67.6402747123        1.96875999557        6.56595663484       0.469783223819
  312     29.7767310064       1.1683357241      75.1160917645        1.95526298767         291.360080018        8.49993156897        5.35783827818         0.3197176614
  313     40.9628887695     0.844337530887      66.7195237397        1.37271771593         49.1790101079        2.08088946693       -6.63536508007       0.408820639854
  314     21.5298790496     0.973990389271      62.6402648266        2.14255358768         249.337592099        7.55512870414       -4.57652291077       0.391500353527
  315     35.7387960411     0.758412794112      70.0665539603        1.27169240898        -62.9175520065        4.70336421955       -3.06539898327        0.53579115421
  316     35.5584059146     0.798283461655      61.6329229111        1.59431608268        -31.5990591664          4.581725036      -0.364724149105       0.619996353631
  317     69.7614976861     0.768111727746      147.413987709        1.41762681154         85.8804767905        5.18900159091        8.03394111053       0.545534831507
  318     77.4691660061      2.66086610427      90.4202236882         2.7747055045         676.938012039        20.9123386032        6.30196644841       0.576685030195
  319     54.3224890701      1.69473046142      88.4831620437        3.41647125853         242.421681958        7.88225697021        6.04751857636       0.391215990462