# id F89 E89 F90 E90 F159 E159 F156 E156
    1      310.349806533       4.1911576325         624.044394445       7.6704379103          2005.83356843          27.7350330728             131.072259639         1.50185611432
    2      17.0239429745       1.2072923712         50.7494444539      1.82486042492          137.672742831          5.54742742687             17.0296061286         0.52050594698
    3      161.956922921      1.49242476802         324.355931604      2.48363152178          486.988969875          6.62138557797              23.251759712        0.638523439746
    4      262.494511689      1.19755731622         425.332772642      2.09389183062          435.483355581          5.60875250811             45.9906233564        0.784702225197
    5      53.6655707404     0.835706880481         66.0656584635      1.41722018017          7.95578536943            2.453598045             5.45458038631        0.721929207494
    6      134.132602764     0.761196350998         261.465667135      1.36100171509          256.645122706          3.82771685824             5.89178566257        0.559568977446
    7      61.5811541275     0.649149985578         136.655403712     0.998693148371          216.632159495          3.25310115709             8.60498730378        0.445658553203
    8      164.294186663      2.02919315152         329.466075451      4.06726395388          809.060648566          11.0858077713               36.91366446        0.514050470994
    9      22.3747185279     0.707023417921         35.5166211751      1.07151282632         -35.6391494152          2.28935319634             14.4590287814        0.516827868464
   10      44.9497735382     0.966530135922         67.1802596668      1.83477295994          35.0406683364          2.74028658308            0.712284351935        0.564264456839
   11      69.8343478686     0.692672340686         129.336978351     0.979043492305          213.715655039          2.30062618811            0.378508041939        0.492225969772
   12      108.980432731     0.920508288728         198.288817278      1.17328468919          386.050964302          5.26057218461             4.05030268103        0.445038428883
   13      119.150800149      1.49526614277         227.123658304      2.66846463735          265.753488606          8.20379602242             8.94190255814        0.520729606235
   14      12.3775255437     0.783243804735         36.3664057243      1.55458560895          34.3579969684          3.78604441017            0.531261892086        0.711684168663
   15      175.044268707      1.71421871037          331.43143368      3.06108983765          584.420143479          9.93019088906             7.27583088344        0.686472182591
   16       16.246150504      1.02412624938         37.0239867474       1.7528938378          38.2929093937          4.64477958992            -1.38478009692        0.692102368015
   17      211.259439277      1.23136576837         362.093723166      1.82487818884          698.037153802          8.70399723438             49.0717987057        0.916170958382
   18      229.270526979     0.869154813864         414.866657541      1.49808251634          349.088836846          4.00505479353             43.4247216454        0.759984169523
   19      129.519212445      1.59939571316         267.024685658      2.70801494749          407.815119283          6.86200896182             5.28727622289        0.496701662112
   20      102.550294986     0.850529343137         193.052652134      1.47762079222          328.738678083          5.60414684504             7.39781237898        0.517953484353
   21      12.9158380278     0.827846940739         38.3445830456      1.40682661186          100.472782776          3.15990535868             5.27796697063        0.335225187052
   22      21.6529612927     0.821177477816         41.6300870085      1.28420293018          94.8200705165          3.28214529736             3.80429390114        0.302524043709
   23       281.11271071      1.02603005619         363.315336759       1.5025887269          535.467803808            8.353674738             72.7868019095         1.18419247098
   24      60.7772000568      2.59449449528         77.9900870923      3.40140077155          122.147962369          7.78766501838             19.8747321578         1.13018842862
   25      53.1952932286      1.22062343172         54.3373040477      1.54869679058          57.4316609677          2.00701523079            -13.6581051146        0.520848650196
   26      19.0125763359     0.797945119517         37.3042577551       1.3766217176         -4.80828877245          3.46823075457             13.5600451278        0.651056996547
   27      40.9741055898      0.74540887688         100.819069945       1.2791676891          315.501465186           3.9702169636             17.8830337742        0.505276462794
   28      70.2054772536     0.830833727462         76.1404030447      1.39378664848          113.174441789          2.45914178224             20.2047843636        0.551149333599
   29      37.5209273131     0.733774749295         54.8522048768      1.16536829186          37.7741285686          2.46060791355             14.0539633611        0.539281919943
   30      128.519105961     0.789305076861         164.805876658       1.2429836804          186.273285231          4.42598554992             37.4241302181        0.664929910908
   31      12.8636240479     0.953344933639         34.0024457051      1.54808581741          80.0602936043          4.60395828834           -0.600000007209        0.533243944365
   32      127.165241002     0.913018283198         124.975236821      1.23808300861          137.828389572          2.87719634611              37.829832635        0.862684409483
   33      88.6041198504     0.741359452683         111.052365761      1.33469922396          130.652106053          3.11656879632             26.5503930038        0.493240695496
   34      49.2220813096     0.788165596013         88.4214403506      1.15341804445          69.6345656921          3.85585040562             8.82579905603        0.552907737266
   35      142.909856722      1.09133117473         215.467983888      1.57629092347          524.663240624          5.48653793556             60.4587081108        0.845817381204
   36      54.8200559762     0.866272816512         63.4271973148      1.31538819842          141.143363529          4.70161380035               28.78416764        0.540683633664
   37      97.0235847577      1.16581356314         210.628983508      1.58013156829          317.938647747          5.61990767136              3.5657897737        0.604994958167
   38      133.688972353      2.08779032252         158.190951124      2.62062317873          198.698919472          4.23722894591             34.0892868778        0.687146986678
   39      549.574303982       5.1540595465         1149.41899244      9.46178745981           1770.4761012          29.2098252548             41.6333748406        0.986046286534
   40      337.501774735       2.8526842274         701.084801349      4.92816847529          1107.88766887          17.5681597286             20.5720325013        0.689319174601
   41      58.0235502077     0.861814797391          145.12879683      1.50803956569          148.368448804          4.03299264271             22.4415050341        0.785693671304
   42      21.4139923269     0.837041314911         69.6100160334      1.27826660524           66.540656256          3.19070311924            -3.28202557402        0.627353898251
   43      185.764188512     0.886529643123         424.519744489      1.90724971188          832.127608643          10.1793089649             39.1079901936        0.849085499318
   44      58.2634875737     0.818839962552         113.021892529      1.29396181701          141.381638934          3.99252309511              11.260355427        0.458795227394
   45      57.4122028124     0.881199217345         71.0946816725      1.32628499973          108.648815734          4.90919809421             20.6750561098        0.512534598766
   46      106.052313346      1.43094691421         231.526067495      2.61336162622          333.200939212          7.04237753759             15.3103834946        0.691149511573
   47      119.377219802     0.921302496221         239.303163032      1.64047521808          379.256886755          4.85725802297             3.75736427358         0.61169231205
   48       40.943549824     0.762888469766         52.6299166386      1.25839888552          46.7422027033          2.90069526604             13.4920156077        0.490910797657
   49      90.1742376633     0.860520466513         92.5052220328      1.27652187693          60.3946167947          3.26302597158             5.66659061636        0.650648131557
   50      45.1936448201     0.736192211247         99.6434861256      1.34694000365         -5.06988001805          3.30851855077            0.757227648977        0.528464799429
   51      43.9646775852     0.803000109512         90.5781678187      1.29992202529           87.556956917          3.00536780073             5.52459150025        0.617138469158
   52       115.66362102      0.73492535562         151.558990051        1.225622357          117.321363031          3.92223774268             30.6424164494        0.681032922228
   53      34.5611765348     0.709552840961         70.9981907742      1.08264121683          128.110723104          2.87633631514            -4.63396286992        0.534519707665
   54      27.0919137607     0.841810863788         78.4388612505      1.47394840861          128.418603401          5.26393611538             2.94048290632        0.466565814878
   55      191.370787742      2.66706576918         405.373928905      4.56129996106          1042.59499669          20.3020990384             41.8528074347         1.28890126541
   56      32.6332885663     0.647322201947         71.4746209143      1.14060670989          94.7419318195          2.63639955195            -7.35386217285        0.606529786439
   57      94.0074351953     0.755910126304         116.544717333      1.12318639406           170.82308566          2.95982320493             26.1802569294        0.575536446402
   58      274.403129771      1.84583706218         567.716865265        3.296154101          765.927910579          11.6293814742             16.2155877517        0.561609712867
   59      219.557360909      1.03593729146         250.737653712      1.33793947792          209.487686481          2.56362271347             55.8252253118        0.587140129303
   60      39.5435598829      1.64814197159         72.9709741234      2.60039947415          218.782071574          6.80514800261             18.6946515735        0.556050208524
   61      15.0503910136       2.2420715936         61.7129661656      4.39070541459          191.419526027          11.8400967748             5.34220792048        0.677263870889
   62      21.5854604105      1.98049657377         76.6251361181      4.46733591968          269.975891344          12.6399520071             11.9905967787        0.796716732452
   63      690.455278265      5.09951583116         1491.79002721      10.1414541327          2106.93540222          31.5974803322             60.1840928887        0.973331893233
   64      226.404705289      1.52786268547         680.247450064      3.61277833608          1279.72622581          15.0365359942             15.8658588975        0.687485176643
   65      37.5532120987     0.738480194243         64.3847374905      1.28712550767          66.6791195995          2.26575226277            -7.69639628825        0.644494200427
   66      48.4141438975      1.10562019289         65.5476027385      1.38473043618          17.3946921353          3.31580132534             22.1267962415        0.534595888077
   67      56.6565229208     0.774745794596           110.2873789      1.37106057218          192.226266507          3.62519086521             8.03886722981        0.503936330057
   68      82.7364190429      0.71774837495         114.604542796      1.32075697448          124.744734123          3.60839396287              38.765083302        0.852866899442
   69      152.812887267     0.788912878766         333.635600385      1.43893750456          333.476291182          7.08682433625              26.940656943        0.446962581548
   70      323.217476801      3.16854452226          455.29517829       4.4459769597          481.171647128          9.91805909747             43.1447451762          1.1578004761
   71      37.9087678094      2.29970646884         87.2394030826      4.99084098859          196.725099393          13.6526952423             12.0528024445        0.783739259934
   72       63.040897583      0.84875459049         83.6616070095      1.17180037958          116.159345654          2.55280309122             11.2957945862         0.54476321292
   73      38.3923992926     0.771808373859         65.5108501156      1.24965728732          137.981390864          3.54952525377             17.3659948658        0.600243952753
   74      72.5178007103      0.82090306589         118.586395587      1.28359115706          208.184958357          4.72151178462             16.5324904129        0.585442895672
   75      155.001221081      1.08049734019         176.652360396      1.27350065867          269.536811882          3.96403305167             34.0188504608          0.9148167114
   76      69.8138426191     0.866457517817         88.4519029937      1.31615255302          93.9413970056          3.57644941753             25.1803881855        0.506526694446
   77      46.5094080744     0.823005525147         59.8373651839      1.40832559736          76.9899550442          4.09964064445             20.3365675197        0.534820497058
   78      100.397729688     0.892501637081         137.546446856      1.22903791903          300.898536374          4.60535683383             37.9085894031        0.730203539367
   79      224.526050346     0.892182081543         906.077965813      2.71023399384          1478.70900905          19.0316879858             6.20752243136         0.42904409606
   80       33.407457124     0.817011616388         64.7879539301      1.10450799422          65.0523030316          3.05482635395            -12.5769823124        0.570389092303
   81      38.6436314201     0.738694638548         66.3530331517      1.13372559951          22.4051494107          3.92087193146            -1.39245953951        0.459900842974
   82      65.3308050066      0.72230395108         82.7260226837      1.03672983403          115.549694405          2.62986314335             39.4062132074        0.493183586704
   83       36.867321394      1.91510047885         94.7932462275      3.59393585337          254.914891825          10.0063331687             15.7636889739        0.778460683225
   84      8.83470525213     0.730872221409         24.1008559637      1.50677106572          59.4244456328          4.72492735232            -6.28291838741         0.58269567074
   85      22.4933035355     0.708060981882         44.8797513602       1.2938348354          37.2937448216          2.79767764849            0.711058674421        0.569920923088
   86      40.9605943571     0.987822762439         109.699691075      2.01829177865          227.649888438          5.57623111273              22.756600246        0.478201661062
   87      35.7524742814     0.799397694829         76.2427638039      1.22607483274          242.005789227          3.81945377025             10.7417824248        0.510410245131
   88      56.9045236835     0.792285059792         125.438746659      1.45109590002          130.150688607          3.57089752554             6.42328912901        0.548950813874
   89      37.8877652294      1.08238676702         74.9124663055      2.24319407051          127.741491928          4.03290404144             7.25182559509        0.439227671473
   90      966.703256591      26.6976099832          2101.3520319      56.3518316364          3973.02282857          139.703838353             93.6269285409         3.18546185762
   91      148.027302923        1.018424207         289.162921078      1.40856839641          307.009566269          5.15400487124             28.7265324524        0.662634398032
   92      30.4244284555     0.689210569072         72.4635433816      1.32101795545          113.057785819          2.75386804735             11.3180741502         0.47182546531
   93      8.00000844272     0.860956046925         34.2412840344      1.43998549109          26.0809021419          3.22952241669             -8.1271246612         0.65916702291
   94      201.909640586      2.13982231239         408.807634653       3.7111084506          713.714154844          12.1462479765             14.2393122881        0.473210515322
   95      29.3368501538     0.802819962678          43.680418743      1.12636274416          84.3710819202          2.70168394618             6.88871022161        0.502910113751
   96        29.87631211      1.08780826089         67.3456189404      1.83867045454          169.134861374          7.54546679331             7.18444654275         0.47189438082
   97      26.9418779882      1.16207481957          46.334986482      1.90985908832          118.821063306          7.28402673224            -2.91187393067        0.446676683377
   98      12.1262990113     0.829949790501           27.94029904      1.53572603183          108.068636405          4.74295124319             -6.4869316938        0.493944022098
   99       111.72445975      1.43114760453         216.254726577      2.29107225489          366.814618213            4.735552517             9.81839342926        0.593902479608
  100      89.7007142594       1.7715318322         143.844834903      3.23161397952          147.685923582          9.01190264546             14.7475319042        0.638475829942
  101      28.8173303404      1.66491735327         79.7653962677       3.2973626607          335.568493098          9.53885772994             6.35060316048        0.579148150938
  102      44.2782914139      1.60780708615         97.0107721044      3.45606489671          219.237529297          8.59488621902             17.2482185093        0.440524127759
  103      78.5523922065     0.902886685432         172.166165025       1.2673934185          328.416745765          6.08924488705             9.31985701177        0.521244615916
  104      33.1857974519      1.29679254811          89.571728564      2.26310852267          126.019020667          5.53206046586             4.22513462775        0.929112318287
  105      273.544755175      1.00782238071         656.573260194      1.90777592984          821.809462205          9.43148761452             41.2500999395        0.784349542867
  106      38.8599739807      1.89631019529         74.0563960695      3.17341587554          120.248709532          7.37893242416            -9.16528030019         1.30389114421
  107      24.5215152445      1.77856811754         76.5317378068      2.88506619152           120.49346508          7.99687408309            -30.3472774003         2.46688560114
  108      985.021487846      6.61752493164         2179.94451063      13.0986475149          3174.77018962          44.9662975878             70.9996629835         1.22838239656
  109       66.016943543      1.40658322377         101.232665544      2.67935462722          115.747406051          7.34051919172             36.0734948137          0.8315396336
  110      27.0104444371     0.862943565034         56.1650718823      1.33838051076         -1.26238697824          2.53436941041            -13.5729522857        0.717525247592
  111      29.1397919913      1.08044939353          62.041990138      2.13083855035          40.1973300786          4.29925818831            -2.67645394713        0.711568053276
  112      249.485572862      1.99021764525           515.9930625      3.54341535079          745.113613109          13.5762106313            -5.63887598874        0.813500757976
  113      107.214109429       1.5302696467         156.989110841      2.53288573421          372.095287711          7.00912674439             20.3026239825         1.10634922267
  114      32.6069468299     0.677468863607         67.6628434372      1.10110218236          104.494654655          3.05802779844              13.288748541        0.760617179119
  115      39.4871520966       1.7326386435         52.3705949533      3.40916499229          125.238184415          7.96809997143             11.3291707106        0.691668377197
  116      217.741792192      1.02406954361         549.917700876      1.83509703447          740.292341775          7.87304806215             51.0316419517        0.494599301247
  117      109.390118659     0.956904383027         135.588270886      1.45193134378          98.1066316044           3.4284947442             26.6384325266        0.643235848643
  118      26.9605760861     0.749020903842         43.8092011177      1.25069661008          96.2566662296          2.80981403177            -6.14076700133        0.486040032591
  119      39.3223135254      1.37342213939         68.3000664358      2.48678518226          262.272363769          6.65171697867            -15.1320156066            1.72439825
  120      37.1123516246     0.863719424846         62.2289824514      1.23992839653          199.026394186          3.90704105544             20.7962371393        0.492892044064
  121       47.733493155     0.879112771729         88.8312433331      1.21248543737          -22.262177292          3.54342449133             7.33982436146         0.60296176595
  122      59.8873613772     0.779706467148         54.8466309085      1.47827810241          28.4297921599          4.29737903611             17.8257747594        0.431214834357
  123      30.7581168508        1.642326236         66.6391348757      3.56442003183           187.80721634          9.46120211333              9.3069865577        0.569610757314
  124      108.839723378      1.01733366003         219.897344101      2.08212552393          306.223452668          5.97505328038            -5.54254726327        0.494436285035
  125       48.080736564      1.05304206134         51.4704890725      1.84009391412          66.9212710733          4.21966043877             10.4775650243        0.513139956494
  126      210.099452224      1.91679618659           265.4922948       2.7667875103          286.956085755          7.14635738058             43.3513168758        0.518868262587
  127      124.457697141     0.906049763797         139.483730499      1.21718580333          116.587916612          3.55712722275             36.2093231172        0.584308853553
  128      93.5884461236     0.858188762642         103.382691447       1.2807679317          58.2466346962          3.83585692437             12.0757770565        0.612613852573
  129      26.5481669255       1.5959701598         78.7730016835       2.5495483986          96.4847454083          7.33728859997            -28.1702729312          2.0981897638
  130      41.2906003023      1.36543284726         65.0153517144      2.74396665802          86.6219895131          4.85572490025            -19.7311093138         1.83547075194
  131      25.8478992612      1.11689918191         46.5039686908      1.84377898892           43.477412507          3.48102347076            0.423687882171         1.06159119268
  132      143.871002406     0.691643472102         350.869277342      1.55144206276           382.57716624          5.45156912149            -1.05425977285        0.476706160297
  133      45.3254333875     0.670974923701          42.100574939      1.31938563822         -20.0295079979          2.73666727902            -1.74830419061         0.47319532036
  134      35.5950549243      1.03171288826         131.418351397      2.08848990119           282.55469918          5.55715733815             1.99513553024        0.646505515164
  135      34.6950528465      1.10141546238         63.1744800145        1.629830531          61.8364477087          5.05433045372            -0.79879535271        0.608344241277
  136      88.4421982292     0.643702330416         149.881186511      1.19528345915          78.4737764706          3.33313534042               41.07335292        0.495522150106
  137      56.9430985299       1.1096173187         97.8345435903      2.30855365233          149.777270626          5.44453373911          -0.0877314424496        0.483920664918
  138      164.149607438     0.902388164759         330.908303239      1.35137845035          404.306555374          4.93240742149            -1.09433297408        0.520825573799
  139      3.75296742088     0.749595884227         40.8710948252      1.33270170518           74.859680606          2.78734399116              15.621666922        0.462511507022
  140      35.1648222815     0.855047227229         76.3290132526      1.17589118665          78.8861552664          2.48146647786             9.97963095662        0.521560500163
  141      701.980559162      4.55117467994         1534.69899987      8.93002370596          2252.31787135          31.4289322098              50.565000408        0.950559680292
  142      29.6032955516      0.83457272808         55.0190887336      1.36175373156          143.649670651          3.97109171449             8.43778621651        0.556688267673
  143      88.0963234996     0.771790369185         288.140283229      1.27766767366          381.099783639          4.73864272081            -3.11039252624        0.430907244815
  144      47.7052686102     0.880734781747         90.9339871232      1.34591825398          54.3962198045          3.55273201395             14.2648608306         0.53463122703
  145      52.0832115151     0.757402383461         93.9963540134      1.28070947078          91.0284925841          2.47825161124              8.9335789208        0.452242714813
  146      128.681759332     0.999174713689         281.458650842      1.73376874369          379.383042859          6.09662158143             1.26136143466         0.43885875744
  147      418.978308579      1.07596454706         759.325724725      1.83259270938           1147.4642358           13.465962877             83.5006235727        0.956437980818
  148      48.1437286749     0.736904352521         110.479914201        1.232416567          127.672691049          2.41651456897            -13.9117694076        0.570731462919
  149      523.849838843      3.64255549835         1154.14880272      6.80127553852          1560.11483046          23.0205934352             41.7099167246        0.936473519047
  150      109.867535809      3.18294514383         135.873520513      6.12480668767          97.6176490318          15.2408472541             9.72432464061         0.75568389832
  151      20.1086192092     0.759881081619         28.4611658031      1.23972900736          35.7875982332          3.00002729229              7.6209942204        0.545045388053
  152      48.6651141016     0.759768727669          55.168917852      1.24864786629          55.0569154902           2.5653018511             11.0099240698        0.590877980001
  153      70.1148788478     0.691686160941         72.7409214472      1.45623543831          16.4130728788          3.17922104391             8.21881874081        0.655667165848
  154      1775.46125823      13.2341763645         3879.06955876      26.7714371341          5843.68964339          87.2696141976             117.840848679         2.10300362276
  155      23.1732314788     0.743628541618         56.2442726639      1.36159798808          171.872324153          3.59428905984             23.0883319864        0.423076250698
  156      164.714850573     0.780493877333         587.818435793      1.62588012453          739.019825786          9.51055200167             7.86442945493        0.491719498593
  157      26.8168870374      0.88526352367         52.8957074511      1.24476286712           73.889225277          2.76593266331             -5.3957775127        0.440724894789
  158      45.9927778002     0.809195114692         152.891847787      1.49761797975          321.630417285          8.19957599733             4.29875058139        0.562323579843
  159      19.0921558642     0.810936918703         53.6177905093      1.29329826946          52.7002926639          2.14066349494            -15.3991237679        0.576563255654
  160      159.913668556     0.780306164476         312.542842132      1.36651480058          357.030688283          4.21155526246             13.7126079003        0.566203209476
  161      35.1944769945     0.766150831155         52.9656378577      1.37086989288          122.336793598          3.01517686013            -5.04058234295        0.500212314404
  162      186.657534211      1.12214936376         362.416713845      2.19725902654          474.521800107          7.51863970841             23.0530551197        0.429365886056
  163      37.7351457404     0.694037784192         82.2155313844      1.09667541323          42.6281930554          2.71555885151            -9.53886451661        0.437772443656
  164      59.2521688646      1.25275818664         69.7777432722      1.34310200523          74.2573550461          3.39282941242             11.5067071107        0.634417953771
  165       230.34989471      1.89857308591         441.661230835      3.69293810866          475.618795987          9.81620923426             34.9006326625        0.925028673076
  166       553.68213669      3.29563460203         1188.73698448      6.01076585826          1581.58978816          20.9191842924             36.3645594045         1.09692682073
  167      28.0975797288     0.776371828539         56.7754091256      1.25002254298         -5.58785546936          2.61138439897             2.70035681081        0.478652809322
  168      71.3821911902     0.724076406463         146.769996915      1.25298284255           129.63681927          3.84209974446            0.487019324334        0.487323770037
  169      216.856727271      0.94957440624         243.749544621      1.38088996132          194.327235808          3.22409353764             69.4613465042          0.6746167785
  170      35.0354419089     0.816789353089          57.650894753      1.49066971177          111.486396889          2.19122375148             9.80240626686        0.476166448794
  171      37.0097678375     0.981498582162          66.654727032      1.35947916648          42.3647231787          3.22453714544             9.38568287857        0.438230545248
  172      187.253506372      1.17569240388         418.149000626       1.5544317661          458.763054661           5.5382767289             43.8442262193        0.631255763011
  173      72.5058904155      1.25411801766         113.379207628      1.90965602596          234.729250218          5.00188421467             23.9406218572        0.589895599058
  174      450.238559874      3.44162717337         946.722718146      6.60747144209            1388.751887          21.3351892091             44.5981341153        0.859396783361
  175      43.3357500154     0.816824552254         49.9659293557      1.98765731072         -93.3582594613          10.5427634508             7.82614060882        0.789872110453
  176       27.908601477     0.771682565027         48.4903819946      1.42262420978          17.2551885052          2.78770846406             11.3537548737        0.535656782968
  177      25.4186648981     0.811045023375         97.9452459617      1.97104337006          121.560286338          3.39145761703            -5.34095068778        0.547346863659
  178      15.5680932166     0.816434439106         83.1809570777      1.98868336647          103.559947576          4.63796716439             16.8503862528        0.405546444151
  179       6.4826806348     0.711305471072         65.8213386789      1.95645829485          81.9136119927          3.69318176067             5.95296030221        0.572762381842
  180      32.4108495204     0.769139689636         76.7392832644       1.3973570607          87.1900149126          3.40558756341            -5.59390797935        0.365462027825
  181      117.451008942      0.76876228057         171.930301133      1.26929132233          313.566766113          4.40858638203             32.2895874983         0.71279168482
  182      40.0605006636      0.74937087948          100.13416855      1.33414154937          112.284697396          2.32655440093             5.00686686297        0.557215461363
  183      19.8262561621      0.72093193267         45.6039510875      1.14323249717          38.9855273512           2.7952483741             7.32582781213        0.536307371586
  184      47.4431585625     0.677937196558         98.3145048143      1.28804682348          82.1909312019          3.27587535871             2.54948711675        0.457693174888
  185      248.338401108      2.34193957025         828.979236947      5.62790714346          1234.99518869          19.0635376622             23.2991646861        0.758481018944
  186      88.6579376367      1.22907186999         145.877208404      2.05694118311          160.534830453          4.89544175125              11.647764296        0.517873440914
  187       59.847169835     0.779008715034         93.2010761351      1.01447115053          62.8618522751          2.24886417044             14.9252335188        0.533614916635
  188      141.355599744     0.709698729973         351.149458333      1.64778807001          459.153800091           4.5685726696             21.6048774563        0.486547413801
  189      70.9965429183     0.835174902561         81.0916247946      1.20572082028           62.597421622           2.3208488177             26.8187933852        0.457676058936
  190      97.5886026828     0.768131212408         133.733954595      1.14703417219          189.252204486           2.8792279013             35.3206692087        0.587999148501
  191      83.4839828282     0.766203075699         99.4355561125      1.28942632936          49.0749531939          3.04243453988             16.6268750384        0.541130237403
  192      53.4801753268     0.868773608426         108.614108918      1.20114618395          42.8156838245          2.97115163337             3.28933462177        0.509591551494
  193      729.499491689      2.27560503671         1175.11102453      3.56335313709           1376.1304922           14.137077531              161.03090064         1.39647947338
  194      48.4041345951     0.772296712712          100.01781939      1.17336615716          185.977853367          3.12060948377             8.90690072385        0.557321496417
  195      149.812532211      1.51813784984         202.567567006      1.80796849324          314.804610823          3.47639160413             24.0174940449        0.556718328434
  196      76.2160071671      1.03434740412         134.463784219      1.59678977287          224.257214583          3.91087037428             24.7498409047        0.606193321668
  197      60.3759403443     0.764962832498         125.944387975      1.23475519162          134.265634084          2.55094387016            -2.83006046946        0.449303363535
  198      79.2426901233     0.789762153017         128.132746578      1.23336004157          223.081381911          4.02052653294             15.5797744461        0.666757392552
  199      35.5668707997     0.818988950626         78.7541620068      1.17916798169          85.5369194352          2.40220945722             12.0310992423        0.588451303391
  200      74.5100964187     0.795523054366         164.725440294      1.30659925384          247.762593042          3.88960234021             8.56691425543        0.589470435238
  201      27.5331824232     0.733213087288          58.777580443      1.23598946612          42.0442189003          3.89924665728             11.8712380641         0.53006434348
  202      589.829320538      4.03604227486         1252.16496095      8.22818625554          1754.41396729          24.1285007588              39.351197699        0.800990716184
  203      78.3362607782     0.868803617417         78.0508177358      1.06371704734          15.5167388138          2.40847974133             27.4722376334        0.507668360643
  204       60.776867574     0.894898185307         122.322744118      1.28341257101           120.80639423          3.58647624482             9.38360955374        0.528698319326
  205      240.975512698      1.45794335671         369.516508869       1.9483252205          375.421807575          5.95367237704              32.961078969        0.594345264805
  206      30.2206879589     0.887570841781         70.5268758225      1.39530109877          90.6084170403          4.34497423147            -4.93321751197        0.569494981954
  207      114.432447377     0.858014680842         211.002327506      1.36915369086          258.253262306          4.74859340624             11.3621510714         0.59525764987
  208      39.6432657581     0.762940057914         46.7250938115      1.12491911164           24.946647094          2.96982845395              1.0127196935        0.572588376123
  209      58.9768612264     0.722486242583         79.0916819863      1.21379648101          35.7733403213          2.31092181564            -9.74221631445        0.547522840505
  210      30.2773157471     0.762348757713         49.6061478189        1.178969995          88.8071916973          2.94752595635            -2.69370173701        0.569864986017
  211      107.666374471      1.24032142254         204.196100388      1.71641588966          167.848255904          4.12609643769             25.0803944759        0.546802121857
  212      350.323551632      1.70236460548         925.251383626      4.14128845344          1175.94053932          16.5789905327             33.1224271576        0.653725319133
  213      128.204909005     0.907508624754         204.433467267      1.46666932545          159.295704104          3.27687020085             21.1512790836        0.545197481418
  214      100.658235062      1.56870480353         330.661636421      3.79942761872          492.205497851          11.8463339861             15.3912699396        0.584035428354
  215      72.1999295711      2.22638225791         157.028067995      6.43629674932          314.388894598          13.2685054623             11.4554923764        0.650478234363
  216      111.471080839     0.958842914814         220.378856419      1.55665561195          256.461741879          3.52845177303             10.0519014712        0.447794439646
  217      108.821177229     0.818243210428          115.52212777      1.20144257325          77.9012184036          2.74573869867             13.4241263694         0.51543480849
  218      139.312726901      1.32026955647         267.811763282      1.99873357617          351.913340048          3.97552279576               34.57780585        0.684903048223
  219       318.79023428       1.4383852196          496.22240632      1.87044277503           574.64573494            6.716248945             41.9528468755        0.658635745371
  220      202.405657259     0.978451513985         269.650674023      1.38796718425          317.152864766          3.14810796058             47.9056440706        0.672556648382
  221      5.20780099492     0.660265461464         27.3475206082      1.12410566002          91.4628281066          2.44428145916            -8.98257758935        0.409875117749
  222      49.1438022219      0.76967116485         64.0451492458      1.29678155034         -33.3525218198          3.55371428639             18.3550913183        0.632404921326
  223      22.9679460521     0.784037552989         66.6979828429      1.22996035388          126.906862763          3.05904963926            -15.0410850213        0.444440183038
  224      39.0187837032     0.743694975203         66.1555449046      1.24012392401          73.7735544652          3.18937135539             17.0069293809        0.539457826003
  225       139.83700696     0.874638243674         291.080374736       1.4935801671          326.019231328          3.24131207079             8.41136132388        0.631355811451
  226      93.4195030364     0.832296586093         173.214118326      1.16641586662          170.522187228          2.67386549602             11.6385158881        0.506875271661
  227      178.552103495      1.18585786438          347.80278262      2.26195653389          407.698005795          6.29014087596             15.0339036317        0.492584577103
  228      578.043668564      2.23784733717         727.089440321      3.10814530524          876.866235727          9.54753484274             75.9350196067         1.05767762163
  229      29.8768801509       0.8069080163         56.7747634583      1.37917854365          134.149593907          3.43521240738             9.12516359217        0.585730573435
  230      84.8642119559      0.74606138757         105.562757653      1.25777851035          137.595721242          2.92255311282             16.9172731713        0.636898720942
  231      126.988779878      1.39104376544         256.608081259      1.84839460928          478.483000299          6.99878138548             35.1474264786        0.591430115768
  232      77.0837201244      0.72326615727         211.749931259      1.41557416066          400.104505741          5.23719658389             6.38061929759        0.626024035575
  233      56.2265277605     0.651037985176         125.461520791       1.1463039343          118.142606868          2.58460217234            -1.36393977388        0.503245189375
  234      54.9186217739     0.772789701434         114.264581969      1.59365105686          104.251534693          2.33476424113             -2.3479458203        0.504612266976
  235      19.8453930907     0.547572731538         37.2876433245     0.656698429078          70.6900489504          1.80830708321            -5.24918371605        0.352716149727
  236      78.7542029958     0.861819627977         137.052171038      1.34235322764          209.114754707          2.59767149276             15.2781561491        0.357212291737
  237      35.3967064907     0.718002808726         64.4294528368      1.11804312736          21.2072487642          2.54251703944           -0.234136758429        0.524984740239
  238      54.3787590549     0.721343094162         64.9728501455      1.00656723315          29.4487567989          3.23970539597             4.93744474296        0.411315546406
  239      15.5362477039     0.779703428479         45.5974903289      1.15807969242           94.277670175           3.9388026156             9.47983822883         0.37453778956
  240      97.2829738172     0.803956501737         141.942041609      1.34105788462          147.953533836          3.00071636914             21.5224633257        0.558519520728
  241       45.952687334      0.68723902937         58.1656980168      1.22802894169          8.40334103391          2.43648353494               10.98376185         0.47024053809
  242      515.465502184      2.46802403604         1050.55970269      4.64061252784          1331.02053662           14.453234912             47.5087766959        0.630371265194
  243      39.6746306143     0.942215425459          57.151676284      1.24064278557          9.11074414252          3.97659801238             7.92033617431        0.582871820687
  244      47.4606690951     0.705687056144         84.5226212358        1.157619054          133.026152588          3.39153451891             13.9816545041        0.385857984826
  245      48.8096743298      1.05021757781         45.2550414085      1.54285263552           31.997559966          2.33942119317             23.7481487764         0.49468741334
  246      18.9178148887     0.916534669164         38.4816763638      1.36126696964          127.407261444          2.90282023998             6.78241894385        0.360782759923
  247      21.1139172433     0.785226165827         46.9406147584      1.53095563494          123.604651174          3.56258840505             3.99892726909        0.554874433162
  248      25.4847708508     0.816632867654          66.076610606      1.26995631811          33.5243238126          3.99375085481             15.0323442612        0.462728117681
  249      64.2753812239     0.833835930129         95.5130304388      1.41180856157          100.386249696          3.95414231109             26.5928445696         0.53319208589
  250      24.3012471965      1.06881126653         62.3488166464      1.98729055928          86.1783585746          2.78025465239             11.8235797733        0.628398194406