# id F89 E89 F90 E90 F159 E159 F156 E156
   1       39.4930042534      7.77947297504       72.008054681         14.3892930893       293.648776026       42.7255813959          21.3095545095           1.10885560874
   2       910.085436214      9.84449149919      1991.40081983         18.9367392405       1227.13313498       35.6968157868          50.0917473886           1.20976554113
   3       77.7601926237      2.27819850843      162.372910085           4.596024201       55.0803256257       5.14506481322          22.8419470941           0.58067740297
   4       8494.14252297      73.1806660083      19105.9325765          150.35837942       12060.2211272       356.866147621          262.943327033           5.80135501408
   5       380.041361805      2.85007726557       740.94115708         5.30741597066        321.34314819       8.21936336432           33.125312513          0.541917936456
   6       26.1638277453      2.08762345162      75.4143138867         4.07838784927       90.1242972538       10.0083177803           27.825300308          0.606472091278
   7       171.529020115      1.65499111457      357.483968007         3.44287649504       126.191217981       4.76195194044          49.5273330568          0.654408106435
   8       279.916895062      4.98610784369         545.040801         9.38645863739       314.110559593       12.6741936567          31.8411695644          0.757472237958
   9       34.5303814198     0.980237973858      46.6150985108         1.39203311736      -59.1527317988       2.18386445165          3.71311531229           0.50611974261
  10       331.773886462      4.95465633735      833.480162682         9.67878672442       445.415864587       12.9480850381             52.4506552           1.17435155827
  11        116.24447923      1.26611124943      208.969108081         2.35232210931       -13.839920807       2.39679024304          21.6081439147          0.528085953156
  12       61.5977041189      1.10723534711      132.060906511         2.19109089135       192.065774414       4.94775850622          21.9685718198          0.323664989585
  13       149.005965084     0.992739647199      631.841464125         3.87745292319       716.012072555       9.80378786017          29.0775635366            0.5069418971
  14       64.4407244723      1.38741796147      126.280337742         2.80920347898        71.787643313       3.60022923273          29.3888641916           0.53619282282
  15       43.4146603093     0.879578729103       83.712553154         1.47172778891      -100.949100728       3.31566551183          24.2518059409          0.479524515709
  16       45.3752319339     0.760617371991      62.2841633708         1.19228533034      -72.1829737758       2.11023363447          23.3238220245          0.526350166304
  17       144.335368713      0.62541844044      251.395932748          1.1457787147       37.3991078568       2.05486669806          24.3133383248           0.56118259991
  18       67.6898395932      4.67848368077      150.818417866         9.51645444933        234.06768619       18.4758843626          18.8372639944          0.739580719511
  19       55.3852134951     0.829635201403      59.7677938805         1.18308394956      -74.2680347539       2.30043826315          25.4156664163          0.568495449662
  20          12.8313901     0.620391797279      33.1010807201        0.805967450856       35.9757007352       1.22308298496          21.9560403031          0.154804895397
  21       25.0761568916      1.14739273697      57.1462678615          2.1801009004       111.959717461       5.37925783613          23.0373024217          0.396143731798
  22       320.513142968      2.81447818659      660.656023468         5.23108726382       568.805019039       10.7822314665          37.9909501476          0.755670597808
  23       59.0868083693      1.24883935187      99.1953358421         1.79547268303      0.961112264784       2.50414233805          28.8046093445          0.430070357299
  24        185.93719888      1.97343678765      366.002980812         3.47551284869       188.941579221       4.83216786018          29.9008869021          0.535235621194
  25       236.233751857      1.90132906325      420.090269423         3.09698564013       179.319210439       6.44737867203           35.823170984          0.856305056421
  26       233.105404804      1.47072164588      444.049863704         2.46446663763       167.231860665       4.78675319676          27.4927070258          0.439126408312
  27       142.598321398      1.07265996871      177.010247281         1.35446420703      -35.5161089562       2.00462886344           24.468991107          0.535008484913
  28       52.0073203478       0.8144892739      96.2610236393         1.54909983649      -42.7475944442       2.49812124558          22.4919543275          0.451525399783
  29       66.0587813045      0.96236174769      116.713109061         1.75275353961       6.19905809868       2.89249312546           23.953219958          0.599021280989
  30        65.149063011     0.818822518469      116.581185412         1.15680558149       2.90721769982       4.66767261177           15.627318952          0.562493845017
  31        295.85099283      2.80308788838      596.471450245         4.93629103472       286.202273115        9.1491450687          23.0902117855          0.662431783426
  32       43.3952350083     0.699673927965      56.4565597551        0.993559478539       -77.088092916       1.66281386099          28.4857905934          0.528587301938
  33       150.305406411      1.20595983844      280.085174564         1.65311160904       32.5743713912       3.59397162251          48.4852111995          0.511462683408
  34       15.1669971403     0.569804050678      46.8911041846        0.784089244634      -79.1624452432        1.1522783605          26.3710550865          0.289351606069
  35       21.3634838343     0.727917625198      40.4717307309         1.18429499732        45.058132329       7.98256452395          13.5412306676          0.551196410154
  36       67.5002086225     0.962307108249      143.015298758          1.3714602319      -15.1245897487       2.56077131043          24.5765452108          0.371792825979
  37       53.7151492612     0.835996745436      80.8705597448         1.18936002658      -69.9717935469       1.78800545464          22.7179340735          0.474625867729
  38       187.394288325      1.03916203677      409.755874853         1.56661322154       146.405724223       3.71889304742          31.2507446684           0.39521854767
  39       39.7075452566     0.986574609272      67.5055658395         1.36787470879      -43.2732305436       1.93545950741          23.8855166115          0.472695519499
  40       485.704771347      2.31972419647      744.695422221         3.43250816625       226.760866218       6.71903186536          28.3263304566          0.590873792661
  41       546.001194864      6.18932123343      1159.03949874         11.4339455336       676.617277616       20.5563835359          49.0343471836           1.07850530239
  42       59.0822936748      1.06089827977      99.8133877072         1.64094643198      -21.1214782438        3.7493568231          8.94052819178           0.47064879094
  43       31.4170011367     0.736207445293      99.8726960817          1.2969454306       -35.055327784       1.54355112227          19.0519054346          0.417173447554
  44       151.658135965       1.2909572513      305.456944291         2.09278447771       40.6994545199       2.70088554093          13.6338283445          0.603924206492
  45       97.6082960438      0.85738598376       121.46823919         1.32314088797      -64.3375068813       2.91069920144          37.2028949292          0.552308991549
  46       40.0033827792     0.739240498897      36.7000057872         1.17639779094      -104.630167864       2.39599767794          21.6725253393          0.554310802428
  47       79.0910168123      1.39743211755      139.589308568          2.4550770328       2.08111954318       2.69428703561          15.0881538421          0.480773772209
  48       61.9965959752      1.64169827652      121.631561847         2.66926740275       13.9594108628        2.6865929462          27.3153138453          0.628622814013
  49        584.19321597      12.7720117208      1983.08956614         37.7339966636       2298.47510666        73.876254986          35.4715778645           0.88752893075
  50       22.3324639275     0.827384545727      55.5199252935         1.50557610305      -54.3402493385       2.06643979329          18.8281944506          0.510598890356
  51       45.2485923201     0.837751024937      51.1206075904         1.17643151524       -70.698091582       1.48740608055          19.5921057601          0.464446339361
  52       143.544921814      1.05207600568       347.37133732         1.70395398715       100.185999397       3.75198396285          21.6513653945          0.677894143172
  53       30.3301573099      1.61067332584      55.6041606298         2.86361177403       8.26472216066       12.5550783504          8.87765913066          0.643654843288
  54       27.1804520092     0.997594795515      35.2723179903         1.66974752878       521.248617768       15.0555060524          27.4258083165          0.464856319904
  55       246.852518967      1.93972578881      466.591162827         3.00901488319       195.776775928       6.53563905353          25.4305374931          0.534638219954
  56       28.7671217151     0.797079419559      33.2665502565          1.1643362226      -42.5644027102       2.49266848111          25.5826707971          0.550140634857
  57       145.635062703      4.17054538574      169.878001462         5.31307281274       85.2348244019       5.03546662367          49.9954210849          0.656782100402
  58       44.3329460739       0.8063898626      108.289867766         1.34981813121        11.731191703       3.89582967674          22.6608392182           0.55059541199
  59       1145.84752862       9.5184618258      2371.06717999         17.7586422714       1346.12727353        36.482376059          70.3164375869           1.03936352944
  60       33.1015911501      0.81011565874      51.2774845116         1.19358588756      -60.2014563935       1.84284355996          20.1111847407          0.466047258487
  61       34.3720070033      1.27639991194      48.7806450637          1.8979490506       70.9915204099       11.4593468088         -6.55900163365          0.465392484199
  62       44.8061420454      1.88251446148      93.6661777748         4.01808213319       189.575598939       10.9878201002          20.6214154099          0.455281264181
  63       87.3826873001      1.99604323494      129.380818008         3.20785896657       144.840776827       12.0583936414          24.8896198136          0.637692715404
  64      -23.7069444069      2.14980753371     -43.1683185597         3.90961538082      -167.152263539       11.4840711344          13.7327210211          0.492245287319
  65       41.1175195832      1.57176232947      80.2327405251         2.51424883422       298.101563678       20.0190041229          19.5378216369          0.473632788164
  66       136.376141918      1.91017651072       245.17333717         3.02403062788       70.1336434426       6.65600711765          23.0312105403          0.561643615314
  67       61.5692998612      1.43213242974      99.7010961569         2.21644447084      -1.90622668651       2.89237643565          24.9138534508           0.62983237028
  68       84.8673825832      1.15999677048      149.969490343         1.87410568591       1.48449019929       2.83654160236          29.8994620959          0.549838628755
  69       87.6430108544      1.17024999946      99.0844574016         1.46899162122        3.7288265647       2.92744044995          46.1580385545          0.614230508105
  70       10.2893606737     0.736916849474      25.7437892459         1.07054690435       95.9338715485       4.91561102794          16.3075604234          0.383566264206
  71       21.2713308642     0.728876972617      34.3949046135         1.16475280752       98.5906851269       6.50299442999          15.9735485733          0.353653240493
  72       174.680061082      1.00975239375      209.799882641         1.40129463467       20.1370929819       2.77883193373          24.2346648979           0.55936390857
  73       59.1402314504     0.805329170528      106.277731721         1.39750971397      -69.7668692126       2.17976445764          9.95434409191              0.64563253
  74       67.9894273363     0.927647110927      97.7738813097         1.34699349873        -28.69027446       1.87639281171           18.890192237           0.50709271377
  75       93.2844127587      1.10323285846      99.8285437296         1.36345622492      -24.2638797589       4.71267525568          22.8000236061           0.71505984701
  76       160.139235375       1.4545684464      217.935570784         1.70651208287       91.0018764226       6.11278561781          31.1507166248          0.853495597303
  77       74.1225648948      0.87357929929      120.112371539         1.09552097272      -55.0821540239       1.76236380133          35.3392484905          0.544329993368
  78       5828.42072194      26.3352003014      13310.0719652         52.0330089311       7026.99714028       153.041478601          161.445160198           2.93757836245
  79       64.9336358438      3.57925111132      120.534847157         8.01981315628       455.338780551       35.8719377514          17.8756578838          0.703005601425
  80       37.4536358943      5.90986373608       84.247762117         11.8402107359       555.083487295       34.4335191361         -60.5470376163           4.11846284817
  81       93.6723685406     0.891862249889      201.391153973         1.51149310903       37.7378145816       3.08538147469          20.2670298148          0.621302189393
  82       104.845957311     0.975497401962      195.301696728         1.50572822588         68.06818278       3.29303449477            9.860203145          0.574492206898
  83       1549.09754492      28.2057264116      2698.99807321         41.0756422974       1934.06743594       64.4786675749          168.579886335           5.24242811942
  84       75.9424458225     0.697762921545      99.0470707882         1.16485978582      -30.0176470336       1.83688432882          24.7492863624          0.583093996703
  85       104.080024529     0.832143835709      137.511167114         1.36067001576      -36.8226570473       1.73420940605           28.614060482          0.564910568975
  86       33.9148638055      1.20475550484      43.4480429548         1.82191313673      -47.2173962111       2.04103393363          20.7528436146          0.485765580942
  87        59.177735889      1.02382336453      65.8637050455         1.51025639489       -33.525464436       1.86204526906          16.9001978534          0.479656341169
  88        16.824805245      0.72573870379       36.741664842         1.19913959243       110.816266285         4.331831686          14.9362604805          0.412139607868
  89       149.107546943      1.01623019902      374.286413919         1.91978374164       93.6473559303       5.78272439674          36.3741093484          0.619734629452
  90       30.0804406338      1.90909801483        76.31996169         3.92942680039       730.242022924       51.9576389365         -160.523343953           10.5280835924
  91       97.6618877646     0.807130824235      96.7087904195         1.44204220063      -50.0110986823       2.30998963278          19.8398128035           0.56307878279
  92       111.341489722      1.25819750733      125.745538868         1.60350551135       150.621609268       4.81926119776          52.0304138109          0.501333459791
  93       3542.58715982      23.7725164416      7603.27592126         46.3470884423       4281.22364465       106.688941514          138.055835469           2.27148788301
  94       59.6011733429     0.881705915687      110.229771993         1.32460450299      -75.9956219299       2.37140514955          35.1699093284          0.451863520494
  95       77.3537598093     0.748457642331      163.004543013          1.3531149655      -18.4544871764       1.90471976649          12.5553223138          0.504647545613
  96       1026.25660492      8.44495449567       2114.1170109         15.7614882797       1215.04070622       32.5413137824           43.530850768          0.826033324213
  97       58.1386126836      1.01554140696       72.205717899         1.54530432552      -57.6396858899       3.40704902973           9.1400459761          0.517286347302
  98       73.9179873477     0.885597026587      134.922282591         1.75334797826       24.7070701208       1.98628730176          26.2721958177           0.50902265991
  99       20.2317243761     0.647487381217      39.1105500669         1.18981921976      -110.511797435       2.18325836955          7.87761065166           0.47109738771
 100        8.6094970881     0.711758772224      24.5205862026         1.22849434081       198.294628342       4.92822453138          25.9619232418          0.449582944903
 101       28.8283001525     0.942732787538      80.9481430463         1.94243151174       24.9670817839       3.50176733233           5.0484936247          0.963676025509
 102       259.046901701      8.31205092316      554.272487014         19.0758913396       8917.15677127       556.145429982          165.798081039           9.15959181726
 103       7.37502029314     0.647952376317      37.0002383364         1.11593978637      -44.8711188258       2.30675131697          17.6503119909          0.445827847447
 104       59.6775186951      1.28691775325      135.334917884          2.2654867459      -31.3510351932       3.06538509842          23.7466563111          0.492470082834
 105       552.448606684      5.11486257022      2055.74600772         16.0377878407       1493.85432198       35.8539470026          39.5495761608          0.720615737582
 106       329.235523823      4.84925249272      659.143364436         9.35950735393       922.810538209       41.4860163441         -87.8026757043           5.99788838221
 107       71.4680781821     0.715857573392      94.5069388377         1.13401925115      -42.1149328932       1.93188412051           25.896524267          0.454238057945
 108       315.163612975      6.20509146094      705.434931605         14.3543662554       10312.4878426       423.498291749          198.158690132           7.14681481533
 109       81.1560985513     0.920498106015      122.800029013         1.42208363787      -9.09041379278        2.6696541719          20.7275585851          0.445823021118
 110       32.9028080682     0.725187667787      62.3528422482         1.19279124472      -115.306721507       1.99882294161          18.3765803249          0.487239709822
 111      -7.34599866826                0.0     -15.5895377913                   0.0      -80.2800073424                 0.0          16.6479277899                     0.0
 112       76.8734721234      1.03378132835      118.559584375         1.65270564842      -37.8083021721       2.97761772054          21.2100826617          0.660727985435
 113         171.6411237      5.55641833661      322.777911111         10.9249016387       240.434798565       7.09407587529         -68.0212812064           5.34665067362
 114       4892.63689346      27.2267595086      11035.6823626         54.8697448148       6064.86725436       192.861181568          117.503133102           2.41907682534
 115       18316.0803329      139.785788146      41508.7022829         314.626876904       26742.7559229       745.994592869          485.546817611           11.5029488809
 116       68.6954245624      1.23720014491      356.657939665         3.77459175741       359.518224068       10.7053652822          23.4097606803          0.398137538048
 117       12.1279218083      1.17580812288      49.0331270315            1.88469826       211.516216506       19.6528033109          -29.324279665           2.53897547776
 118       37.7783954384     0.725970775048      68.7002448755         1.10441147951       -106.95777688       1.61814896208          22.1122133564          0.498079384284
 119       764.040591198      8.58740063733      3687.82774317         33.4510438813       3880.13494998       93.7304430663         -2.71243554783           1.90746032975
 120       67.1651621253     0.777139054774      66.7591919291         1.42634362115      -25.0754424112       1.52182461747          18.8755252721          0.472177056844
 121          94.9670962     0.766873441643       89.413671556         1.21965374987      -29.8461639959       2.06645071071          31.2186826316          0.498981081872
 122       35.7706450375      1.18665520165      75.5373092083         1.87101037829       99.9037818634       4.94137135545          8.29346182027          0.930522848974
 123        38.715970125      1.27700590898      73.4208436935         2.12881897701       14.3354428921       4.46513607732          9.38813882469          0.911822459872
 124       103.544925321      4.04215249739      163.434579731         5.47114118191       176.623788298       7.82546391006           5.4039409645          0.636649543553
 125       27.7167455405     0.683780470944      38.1099868784         1.16984751832      -89.1886677676       2.32324970963          30.3801222169          0.569467300111
 126       30.7008246721       1.1632669266      60.7610735448         1.98577268425       58.9907099861       3.61756795527         -1.41997332162           1.00033557975
 127       52.4144762502      2.41403114786      129.380207694         5.15170468306       525.434276318       36.7852365412         -94.2648102434           7.24921581446
 128       89.3037026257      1.13498003977      168.093690257         2.09258829941      -170.008494531       6.87360393048         -297.267386817           20.3510271798
 129       87.4626658918      1.03568751238      193.774508818         1.53471264885       99.3593903159       3.94859799218          33.9850539824          0.504770311804
 130       7.36480621936     0.788061341286      35.3024883656         1.40418920256       -75.506045875       2.37077615118          7.22852159423          0.931206789758
 131       149.616895571      1.05429011436      214.162001348         1.25070847101       23.0930863321       3.03374821562          22.6153812788          0.544135586067
 132       57.7188526663     0.762732649847      325.574425017         1.45682177329       257.445212988       6.88335753412           4.8493591598          0.405748510579
 133       33.4585177834     0.880629887904      66.3486403773         1.51964018934        9.9536852828        2.2622062661          6.75380731828          0.433643823479
 134       9.63648997139     0.797255457162      42.9703251766         1.35208916832      -53.1525167651       1.61577637666          9.09039703663          0.534364393535
 135       16.2666350113     0.662020905152      55.6131860684         1.42369104598      -11.6638791461       4.59730942659          8.04129420169            1.0535607045
 136       20.6788640323     0.738097512713      50.0057610992         1.29319807421      -22.6149975367       2.04114612605          21.0874654823          0.427727050587
 137       15.9280933453     0.635097146739        48.60509374         1.17709767054      -44.5170008098        1.6491354251          24.3731599681          0.577583750157
 138        9203.6678802      69.8213732339      20180.8268031         142.413956985       12184.3789995       328.451823544           285.08095211           5.83471721067
 139       908.324195138      7.04897128996      1957.49713424         13.4818050517       1095.27122854       23.7655707337          -33.473071623           4.25416795547
 140       48.0287991311      3.84875306931      113.476378273         8.20490242168       142.050380784       14.7966146188         -69.0722610042           5.04246163146
 141       357.662889443      4.68978358376       700.73946696         9.37681503001       717.908372685       31.7114075082         -104.561111021            7.6711489311
 142       10.7761477937     0.849124717714      59.4244446906         1.36070609295       9.09494176751       2.91297076609          3.84151316892          0.725362407068
 143       706.519326078      8.62391074335      1565.23417213         18.1539866835       644.979308928       8.87513845918         -3055.93276025           104.113997161
 144       57.8403587455     0.684987713268      59.8011608822          1.2920737265       -64.976926214       1.48462619309          26.6196387426          0.481816560956
 145       96.7770692976      1.80653331976       198.85928328         3.31125630602       94.8993074972       4.66699656807          21.7418726237           0.42515000996
 146       36.2869634562     0.793744621155      48.0404439703         1.21410353076      -50.4465454548       2.24347112913          18.4890483455          0.480997441865
 147       295.475922081       7.6365857074       610.28715382         16.1044748554       627.566777579        8.7769480158         -1742.54865319           81.0897164557
 148       7073.04185633      35.5908481384      15838.4781557         71.7032447838       8551.38271876        202.07241138          1.38904128425           11.1062193321
 149       120.080592424      1.62826260168      262.889910789         3.64688690574       253.356657593       21.6220509817         -51.7078932028           4.57980148518
 150        123.97307943      1.02222817003      203.229466435         1.61355558165       96.7466338656       3.92298785343          2.21858091308          0.716327432814
 151       10.2908847238      1.47997914005      64.1284483118         2.48203731759      -2.24512343867       2.36926018459          7.05833921396          0.863055695765
 152       2872.43880218       22.880449729      6154.72760232         45.3381511714       3645.51224095       94.1105101772          84.6351040925           1.33310956666
 153        3.7685420901     0.844892627074      22.5382718781          1.4531005659      -146.217714127       3.07285579583         -36.6618367474           3.67034299979
 154       27.1133893018     0.658660109355      41.8850792541         1.24168064557      -84.9404326675       2.16829875731          10.3499686234          0.492721965873
 155       1007.49235013      12.3825050669      2130.33535368         24.4529760943       1441.75756264       42.0782771406          47.7069861942           0.86385824641
 156       49.8578239188      1.29225873499      108.838083436         3.46337801672       20.5206292064       5.98933918565          18.7377832578          0.593295274635
 157      -17.0408411524       1.8305295116     -32.0774642068         3.42149309463       -139.72128975       12.0978688502          14.9025092693          0.351287404735
 158       366.723308448      4.32176028077      1443.92221215         13.0445395019       1307.38356598       34.7522147948          51.6306840962          0.909207851831
 159       85.3822516655      2.02323641611      174.841545038          3.3972643585       161.122554664       11.2712425621          35.2080087522          0.744586588445
 160       53.5875580131      1.00131352929      48.6987693622         1.84793517683      -4.54234327872       1.93307294703          18.3846773238           0.62537777006
 161       40.6946484106     0.728203172202      133.637272824         1.42051433778       104.925055375       5.07470212944          30.1771907529          0.503468368368
 162       103.263311392      1.26298565875      179.912415821          2.4192941239       26.8198983855       4.26342007248          26.9224540797          0.396296156612
 163       198.660335782      1.69887578621      381.785038691         3.29207429856       160.604385192       4.91379320428          38.4746001942          0.542868650924
 164       30.3400573531     0.776699892438      73.0246232286         1.23142685915      -34.3810805294       1.84297643991          21.6648288887          0.592542237881
 165       17.9797638882     0.937957727174      40.0043342194         1.60731786516      -88.1770802068       3.67676823777         -37.4718779121           3.41167618443
 166       36.4339529517     0.875703519703      189.024572997         2.90550628474       62.5256435356       6.13173013974           23.017026762          0.437945216184
 167       425.625550834      3.68804105977      732.286373619         5.26277791806       410.200745507       10.6873745024          42.8246765667          0.738572076279
 168        45.845428217     0.731814981727      70.8823489945         1.09935159033      -38.6166172458        2.3634573904          31.6796014635          0.517083672544
 169      -2.08431816392      1.52448036052      4.38028799265         3.00950780339      -132.194755669       3.23544855176         -13.9339886564           1.06895889174
 170       68.6160032376     0.810470958945       80.174770659         1.31277195995      -13.6382698718       3.63073461383         -26.8715977901           2.83489632598
 171       149.430760607     0.764710826577      260.320114154         1.27146445586       26.7566422768       2.41094738139          32.2664264574          0.478805889589
 172       98.1237230075     0.802154115814      183.154359013         1.12296143181       73.5495302626       2.34353928644          28.5725223187          0.486611660025
 173       144.666732156      1.18366517106      472.652637546         2.55199004593       178.369972261       6.75805420013           25.141623306          0.545354971597
 174       227.061850836     0.907741396597      358.928195936         1.27787079736       154.018839074        4.5684771859          35.1256944913          0.608852550842
 175       37.4709428174     0.765910620487      89.8142913265         1.30308850652      -90.7862790745       2.34705788356          15.5233589376          0.337779358059
 176       15.3610493478     0.790468883424      21.2241868703         1.55951881966      -37.0307791531       2.33453523231          5.08911344186          0.499669046114
 177       124.221773945     0.838706200327      226.641242174          1.1603288518       46.2120369858       2.33731418857         -2.20534702347          0.581959511003
 178       4.67851266608     0.787396794283       15.951472418         1.39217768423      -50.9801452972       1.99047471267          3.16313567759          0.541538942891
 179       569.077884553      2.53847103787      1146.04727019         4.60575615048        461.44632904       10.5469487613          -11.724748797           2.06541812121
 180       8.67773089171      1.33057987881      8.99808852003         2.97807199201      -113.883814614       2.30096290524          6.20484799979          0.677585004386
 181       144.178249323      2.39566922705      424.383522373         6.61363727845       304.833160985       10.9374519191          4.63480580094          0.492187866148
 182       47.1902470212     0.776846634922      133.547653998         1.14664693102      -39.4655372704       2.30432200652          17.8651823592          0.457101761356
 183       115.028497581      2.41451149787      207.688207348         3.96253806638       137.310685727       6.73356057112          22.8357434896          0.551041537976
 184        87.591650948      2.56164680037      142.269603572         3.46407108961       135.501906219       7.63981591517          13.6964705364          0.604660150744
 185       125.431635114     0.716620577969      231.991814707         1.27953085501       99.6107787343       4.68832923126          29.6267167065          0.482331471596
 186       47.6826051054      0.78272205355      41.9328034387         1.29387987046      -78.2599644704       1.89517578579          33.7188715245          0.430811566599
 187        490.30864234      2.58252526698      999.054783325         4.15842639385       438.712608127       11.1817280353          21.9314677129          0.491984778509
 188       284.409210239      1.10975824362      641.836327253         2.01077686757       182.175385582       5.16081268549          19.6849380164          0.686386545666
 189       34.9116981199      0.70341976749      179.806528003         1.12771627765      -25.4657466705       1.93719014049          21.2190315139          0.363405966709
 190       30.2340436829     0.836050271624      58.1023797638         1.19666381326      -35.9190326461       2.27315655773           12.411872189          0.473341255353
 191       88.8732485103     0.838601278618      406.021506361         1.97381733493       226.377845171       14.0871972637          -141.81936759            10.651333168
 192       78.7782543278      1.08547016147      153.961471192         2.03939809288      -40.7134928404        2.6658961588         -23.9749467103           2.58739245602
 193       68.7032948246      1.32620994116      91.3583527823         2.47353701277       45.1402125852       4.65357534554         -32.2665662477           3.34526100661
 194       151.979991133      2.38769373289      298.514247317         4.65204024923       178.207468569       10.1295306226         -60.1245085095            5.7634786648
 195       443.540764287      3.19487112776      939.228725774         5.60828100575       444.687874558       12.7431248126          36.6346714667          0.550925425366
 196       94.4633399483      1.22417681683      184.622680015         2.44830444823       34.7852675637       2.44493341959         -5.20432586964           1.77649025272
 197       55.2903536517     0.898683786729      110.085652806         1.32777209256      -45.3358122895       2.41318542451          22.0636888118          0.451092142794
 198       833.881165781      13.9660207913      1676.68502675         26.4234911546        1323.0372809       46.0858668951          51.5705092937          0.951984097194
 199       35.5181737249      1.04291939819      30.5343215844         2.13422552502      -13.2267613278       1.83443794731          9.21437810712          0.456364946141
 200       40.2714157561     0.828708096229      100.495342831         1.46272730584      -11.9503654595        1.9974446826           4.4928927917          0.486366707293
 201        131.71815525     0.991374762587       184.59155445         1.68037686682      -95.5513903809       2.05024659723           15.571794646          0.999343818683
 202       158.033792911     0.756398718609      186.631976944         1.22889437085       3.20263432758       1.76490163859          47.0990856779          0.561685661674
 203       10.3770879601     0.950993494628      52.2305599457          1.8879649512      -30.7513850602       1.91606575323          12.5409622982          0.588767734017
 204      -3.95259298038     0.758285908673      11.9305818922         1.04229404985       228.752316309       7.22762973261          12.1754918952          0.438136907347
 205       9.80833049746     0.703620765245      66.7356576423         4.49132740852       138.508844418       18.1706214204           16.272719198          0.381030650691
 206       38.3083066716      0.77027538259      52.1503153929         1.35417702095      -49.8367019431       2.09143783939         -2.92224725553          0.547442117386
 207       26.0065946112      1.07742016827      165.755350906         1.75464446081      -15.8004402852       2.09403413543         -13.3033271259           1.33438032969
 208       31.4068192187     0.950560203934      50.2734215467         1.07620040016       89.5866370749        4.0876578111          17.8797174556          0.409786568716
 209       97.8361705351     0.981440061826      109.621865746         1.43798859317       52.0596178018       5.22848112631          29.1706060153          0.599495328472
 210       69.3655595742     0.639178742048      130.380580018         1.23909373636      -45.3892229946       2.06464880795          21.8066199658          0.492524844601
 211       120.448211019      1.88632441612      235.237730101         3.54397225999       118.830192869       6.03609588634          19.8954368033          0.410719121657
 212       624.820136165      7.12517013632      2884.46413805         22.0051157276        2078.6872572       63.9295606566           23.366133604          0.707154920231
 213       198.628455806     0.805269007924      230.405592608         1.30918014807       18.4175966924       2.97287770473           45.230750624          0.582296964253
 214       209.823634517       1.4024837897       281.08832824         1.99542625748       80.2911218028       5.20429111697          42.5565529035          0.536631897644
 215       79.3933050734      1.63092731066      127.298867597         2.37637194657      -20.4966347559       5.24769149545          15.3726362661          0.545482398379
 216       106.901233048      1.92734297171      151.923479046         3.04881954401      -13.2377331038       3.95793009094          11.9479610662          0.702857248006
 217       74.9692533648      1.56712379048       112.84996242         2.49275262545       -19.110389517       4.12752881325          24.4292986675          0.753884390484
 218       11.4714427142     0.959740582183      36.4254850462         1.32604151305       19.7296972531       1.85111368085           17.483187856          0.468915241477
 219       46.8055578497     0.969299230169      67.1633763237         1.66406499296      -92.6347402861       2.77736357459          6.92641993794          0.573607383256
 220       21.3628962885     0.726906284086      36.5454983107         1.13500966026      -61.3319689981       2.10035382133         0.829050911786          0.529459535833
 221       57.6452235049     0.905287406882      104.276181839         1.28142778583       23.4043085509       4.67842158526          18.6034708048          0.439136472646
 222       40.9775106122      0.85637091596      80.9230938691         1.70720910811       22.7547295113        2.3448603274          7.44376004831          0.917534647175
 223       149.046841529      1.54663821724      163.373772176         2.00867775057       17.5304978832       2.81049757867          37.5900043682           0.52170623756
 224       41.0498538852     0.739293188929      72.4417961262         1.15483938646      -36.3823160032       2.01103293632          11.4686398334            0.3513960926
 225       21.6252981239     0.829328069402      38.7916539792         1.74037121669      -42.9506221432       2.55066933202          8.32762875279           0.63477358567
 226       16.9717572835       1.1133677488      51.8713269382          1.9685910407      -97.3527350937       2.03439260115           14.624624859          0.564604736176
 227       107.152218371      2.92417967799      232.717668441         5.11329138245        82.789202193       5.36078034075          4.61680177143          0.915378435461
 228       165.852449048      2.80010182683      479.624503048         11.0475822565       308.104357949       10.1818079119           22.857752424          0.537331064233
 229       12.6316616285     0.694569895534      41.0667922976          1.1049471281      -5.93842328239       2.54875868124          15.9980796836            0.4209342218
 230       142.481498431      1.17323792453       480.55360157         3.47880672879       290.167549411       6.32184894963          13.5019370128          0.567766662058
 231       34.8505106035     0.797765706405      60.3376457876         1.80731233079       69.0657852048       4.55532891288           19.392705663          0.408723984203
 232       70.9804308798     0.851558100773      169.774903867         1.69645870535       30.8406244694       2.29986306562          28.1016824182          0.485759936962
 233       41.8291473577     0.917623878005      52.5560350913         1.43488126594      -66.2996541931       2.50811276225          25.0630416506          0.505255050701
 234       145.679359322      0.80008828483      193.843213761         1.22641866661        7.2760222473       2.49888256413          40.1350003048          0.711843518405
 235       25.0867725907     0.646270277975      59.1284778115         1.17096105549      -12.2952049359       1.87303601742          28.8649229946          0.492741774112
 236       25.0570940137      1.03208480849      70.0890574069         1.62025176929      -12.3857813441       2.19407114122          12.0669082524          0.512987184261
 237       103.333452082     0.847617081203      117.362609286         1.35359101012        11.833448807       2.83072712512          31.1672717033          0.646145671353
 238       306.996047981      4.04121249679      634.103360688         7.61429898649        366.03919331       12.6958023708          37.2000142948          0.500319097833
 239       56.7469142863     0.694665138302      276.455725335         1.29012359847       135.727334255       4.42926203849          25.5025363787           0.50941533895
 240        28.046922743      1.11609004211      148.508968735          2.4951659351       34.9562676597       7.74331189865          9.29622983943            0.4519675343
 241        194.70816235      3.49303245005      733.700151728         10.3423983187       587.456513636        18.291502447          27.7328535001          0.586092088379
 242        44.122597094      1.08837405533      65.9669181508         1.91093458472      -48.3342534545       2.31627848961          29.0909245766          0.518785449824
 243       112.891737602     0.940651453858      119.757803624         1.24885545875       9.27839588124       2.42463647283          25.9244683289          0.540399499274
 244       6.63050419693     0.806388014978      31.9049254691         1.47937128211       28.5320462858       3.99402123386          14.8572027457          0.609643004364
 245       24.0521159552       1.0612713816      62.2478638444         1.65737038766      -53.1236579646       2.23673187773          12.6677687311          0.394308186239
 246       6.60947223137      0.94618478534      50.3325333355         1.66562971575       13.1110174657       3.36951946846          14.8071207237           0.60047960436
 247       181.316047372      2.66692033584      383.203490715         5.27505440883       189.589916437         7.551787374          28.1996081442          0.586956048628
 248       39.3971318697     0.989327808101      61.4218390932         1.87657970891      -69.9854756483       3.29897976337          20.2472713808          0.545488741434
 249       48.5871807411      1.28629070531      90.6305477768         2.82804427048       90.4243078089       5.61616849186          24.9702916821          0.370803350247
 250       76.2272768781      2.00517934909      137.334594354         3.67020226807       275.148086269       8.50358988445          22.4735288443          0.468074940472
 251        236.76751041      2.00360828982      503.461177114         3.46302502039       190.863506279       5.72414908783          28.3238113538          0.565600953161
 252       15.6903870058      0.51513879582      50.6011690301        0.948951837316      -113.668258355       1.79274276406          5.13991529414          0.385372536184
 253       41.3489199567     0.785303905553      80.6870040407         1.77391604568      -26.4696291164       2.33835983595          20.3456494146          0.551330715884
 254       49.3391509646      1.26081648685      78.3778532358         1.98956098324      -71.0837674553       1.88070164153          17.0143521755           0.60972633156
 255       29.5679424849     0.958169322665       70.975986349          1.7959716574      -95.0082026066       2.20521297797          18.9326540795          0.515284202709
 256        46.610933759      1.38182762773       50.768256311         2.27261688919      -41.5909808796       2.64247884932           29.594811183          0.358144500901
 257       74.8618247433      1.17437053654      114.811589173         1.74858735216      -36.3847383744       2.28488003663           27.830885029          0.480894636631
 258       254.291099357      1.01056616928      471.947270661         1.77096579149       244.650202258       5.12623429533          41.4672274099           0.65899895352
 259       192.844838588      1.42130073974      919.243579077         6.20677061926       654.250553427       15.8195679992           16.347255191          0.531293363711
 260        120.50889149      2.09291273542      200.803289731         3.27889034666       8.29372555618       2.05589714553          23.7544979327          0.452482944414
 261        38.932170809     0.773189228322      37.6098129041         1.25283937528      -76.3601505486         1.864882132          20.5580315385          0.578006868013
 262       81.7016976962      1.72605234835      182.248884747         3.27228205226       167.139472344       7.24745636548          18.1554551521          0.645785889115
 263        14.885029406     0.799905728802      38.5369306905         1.10898728724      -92.8124297706       1.70007454887          7.73643099405          0.434812582158
 264       13.0264827153     0.515684161107      64.6194372658         1.04119966987       28.0908146109       3.12678018007          8.81564750705          0.367268894762
 265       58.0337286113     0.676756466675      137.153206913         1.04534632991      -61.7326384307       1.83254474841          14.2232700458          0.485976552632
 266       55.8855788067      0.89528335381      116.363342698         1.52361439978       -83.238822178       2.23796381949          15.0581089584          0.534975922561
 267       57.3353668836     0.765764751861      58.0197257052         1.28361159264      -67.2965131945       2.09303934005          23.2803604779          0.394654187748
 268       58.2086866259      1.20514165231      114.491017604         2.15533300744       -53.849942626        2.1995168281          21.1022381537           0.53670924852
 269       116.281357661      1.16067013528      195.267633139         1.90149174733      -15.8662949576       2.52087993511          19.2987246436          0.480845578651
 270       25.7472534969      0.88025505222       47.059348808         1.30972861019       8.97315007663       1.68283684395          24.6297495751           0.51619894313
 271       43.3909630244      1.09847107982      76.5416858164         1.71916807622      -31.9734714238       2.31160300669          18.1471499139          0.514568911811
 272       70.1132751296     0.890893811863      98.3410827427         1.47369137616      -48.2564934848       2.24362735374          7.74651241778          0.459736350394
 273       33.6150068356     0.716218740799      56.1082587885         1.32176263542      -32.8737608065       2.55774533727          12.2360411447          0.468236851524
 274       42.8258359092      1.51461285475      100.992808709         2.67957303197       -29.534519941       2.19114349955           17.406756208          0.415956400693
 275       81.9502443949     0.939000414801      181.926322888         1.55560886242      -11.3337950126       2.70521568605          16.2195801879          0.535479798086
 276       5.51697960754     0.700383659864      57.3534943193         1.23482618596      -78.6274567116       2.33170035742           22.813624689          0.485259638826
 277       48.9044976909     0.770663577188      68.2748045567         1.28823157829      -92.9512005153       1.99898033788          21.6877361139          0.529665165891
 278       35.8681598842      1.04993413662      74.4837829475         1.65824956249      -50.4874044486       2.34259296843          19.4909016284          0.651684508327
 279       298.682040802      2.15554685382      434.469403198         2.88211028071       218.852001609       5.27600585916           45.249579219          0.420788045782
 280       24.9064697458      2.10233817361      67.8100269124         4.07927981316      -19.9743608499       5.04114554549          28.7093730863          0.570622105408
 281       30.7985948148     0.747659323607      40.6653187045         1.34255246878      -95.3110004728       2.08529647451          14.9986517226          0.503710174513
 282       58.8429287531     0.972737159695      91.9647657348         1.12991817932      -2.64889881586       2.55042593773          20.0383559795          0.507776522087
 283       128.654205066     0.968535747812      158.607993917         1.41894471667       20.5934690046       1.47595033278          8.22874383885          0.407829767742
 284       35.5176307266     0.666844465325      87.5394161514         1.20189606619      -118.574323032       2.69398246377          12.3469127393          0.639398653864
 285       58.6497891237      1.08129869136      80.7230925588         1.78551361024      -77.5754847186       2.34170521445          20.5520905109          0.556676181003
 286       28.2400268253     0.938419270047      32.7650665213         1.40462544064       -75.454198742       2.06058197994          20.5883963518           0.52427447961
 287        58.135191335      1.17615313102      85.4364794016         1.91607365758      -44.3560112806       2.32661054214           19.926047999          0.591872209753
 288       13.0079806402     0.614586363418      43.6387244601          1.0534384839      -67.7851672951       2.95634482118          26.4548227018          0.592689240587
 289       329.442417619      3.39417227242      672.249005626         5.97285139889       463.528349461       12.8258032749          30.8109112135          0.547792649234
 290       54.0914403496      1.01431298006      104.623246742         1.55864395734      -31.1300927993       1.88390777174          24.0895650238          0.587836705234
 291       94.4652593671     0.824974774277      254.401564082         1.38317162117       93.0351584354       2.35796298731          6.52588009904           0.56833958269
 292       710.045842513      3.85915802716      1518.52142112         5.89671871375       632.233085782       12.8585135649           80.660354206           1.34887061016
 293       1427.18928561      7.84365097323      1931.14225152         10.8498504548       814.436069252        18.813106406          95.0773093442           1.72338769319
 294       80.1859763265      2.26364310427      135.867490482         3.88637448992       54.8303414825       8.78997146766          32.1918411377          0.764769030746
 295       8.44373917523     0.757684689207      27.1144951974         1.29670083623      -97.5274905569       2.05778211423          4.98261397969          0.509384527075
 296       216.000157655      2.86862869881      413.522473992         4.58220103243       220.418995506       7.60594580285          29.2770155208          0.644796766776