# id F89 E89 F90 E90 F159 E159 F156 E156
    1       69.0198132144     4.81301576001       107.950931238      10.1030495378        1026.85056266        42.8565777682         24.5243609939       0.862230775431
    2       4112.81303127     16.3849685291       9766.99381864      32.8586972304        29659.9814057        320.895229318         396.860155881          3.097822096
    3       231.993263446     1.21069250264        504.25333365      2.52699697125        1163.06800457         17.362761227         74.4666184872       0.622234227018
    4       34.9789111667     1.03505427501        92.439165094      1.98845477605        290.165289441        15.0182237791         27.9070519481       0.674372812619
    5       72.2131790668    0.832856217553       218.438505776      1.48729576849        639.075264629        12.7477018167         34.5538304257       0.680602841205
    6       190.394902811     1.03909951459        429.89025183      1.89112418777        1299.47573806        17.9276029808         40.8707760925       0.635917089331
    7       10.8916269103    0.529066014691       26.2610042755      1.47858038279        417.388314562        11.5218415778         3.91655531391       0.294105089872
    8        21.246342588    0.694610046183       48.6182029552      1.43728220181        413.659149919        15.1300649403         11.3592860771       0.427445986132
    9       166.141975663    0.994761285175       206.403190051      1.41845883038        963.070710909        10.5174438474          89.244539078       0.798621505598
   10       12.0469205125    0.770135963583         30.62318583      1.65517180663        207.196352037        12.0346760357         6.36337312998        0.33778060194
   11       30.7034630391    0.633428898202       65.9353433828      1.38645856311        636.134992984        8.83984939217         15.9499850949       0.221819224899
   12       20.3029571927    0.665695292167       56.4220391621      1.18329995302        346.703855504        7.46509561974         8.07971190446       0.446561041974
   13       35.4335533982    0.659832901156       93.0211293319      1.26944362713         239.14060032        5.72661061686         1.38654920195       0.582853855001
   14       33.7916318949    0.706755817568       71.7125248999     0.915544574073        210.962387319        4.28008567084         12.2474038348       0.502461331905
   15       22.1758222097    0.467195390481       50.6292261649     0.981951792856        324.471422741        3.25697999635         15.1848913312       0.447376922036
   16       47.9868466011     1.64034523055       84.7932689955      2.64163719186        222.232162423        6.86880640434         19.4628531775        0.68169606943
   17       19.3680813181    0.514556125321       20.0211527077     0.683590399078        147.425906205        3.83901102315         18.4169801123       0.488586087513
   18       15.6641603576    0.474590336928       57.8452277121     0.996389783738         377.71196687         4.7313515371         17.3869756322       0.357255644914
   19       20.9262485096    0.602475662245       41.3581422062     0.951327754259        368.283038323        6.52766577189         17.3173841618       0.332265441188
   20       9.06510154894    0.816097541622       9.98795005697      1.55435112101        142.369000449        11.4303162022       -0.231879414809       0.499357319093
   21       60.4695080472     1.78447717635       52.9334690804      2.25816434296        171.467370757        8.53527714305          12.092377386       0.775378292832
   22       1931.98347374     10.0621089714       4467.99949308      20.0086367712        13573.3386371        167.570811671         206.124238406        2.30657125775
   23        65.244352392    0.810051465499       109.234129287      1.22973982571        291.375228073        5.30080714365             32.155879        0.65907498058
   24       42.0944388467    0.724361670629       46.3774715668       1.1583691208         63.927209789        6.88241188676         26.0346709364       0.456175234712
   25       65.7128731291    0.649659778971       76.1251214475     0.989996072392        66.5059346625         5.9230071408         37.1645968854       0.519950173235
   26       84.1937691991    0.888169764258        81.215223092      1.29328724866        174.475297469        4.11929653348         46.2072883054       0.785850611873
   27       110.229766836     1.04455983569       183.793031914      1.43082125202        532.852272588        7.25350917795         63.6060290194        0.90776089454
   28       190.841093869     1.68011403797       377.042697126      3.02927298247         1314.2368582        18.9458527189         30.0394915344       0.778038917067
   29       44.7170770333     1.72948499101       52.1040675156      2.39215532643        211.568058482        5.64436149106         16.3727128727       0.742250280501
   30       56.4064451429    0.951076279573       67.2986619376       1.5177389508        16.0562590534        5.30884346931         9.82654656125       0.509772550291
   31       67.6819503228     1.83271627522       151.197873937      3.87564254023        660.646882785        13.1901043434         25.8809576842        0.65535844484
   32        28.982579379     1.02116447216       46.7962272134      1.36967124748       -86.9241135296        5.82830658102         15.9301011864       0.538554335219
   33       373.442423527     1.78894527289       1012.84035812      3.91091272274        14288.0911052        47.9850478177         50.3803323373       0.530408951968
   34        388.81709569     3.71268783736       811.728782652      7.59889764196        2645.27347545        57.7542259845         52.1030299775        1.23276521289
   35       69.7288085803     4.71087468161        161.23459563      10.2000883363        1019.85936568        63.6323472984         14.4586621798       0.976816328548
   36       42.4600183584    0.849259267625        83.112244861      1.46786581842        593.413059543        11.1946587809         9.58625320236       0.416790918735
   37       72.7441190306     1.12351277552       120.564013083      2.02821469021        382.174700772        8.21460917468         40.8013492942       0.521618276335
   38        51.443029357    0.685839140501       51.2147208316      1.21490228951        413.226926579        4.78395415047         23.1731095566       0.598868705364
   39       105.682864358    0.807411718732        221.94752126       1.1451509086        579.647927884        6.55163741517         57.2933451268        0.75582765109
   40       38.4555601254    0.909310427079       62.8737415726      1.37203993504        135.963701406        4.25634849491         10.1477692754       0.472831288443
   41       62.0786564142     1.02217200823        95.655196497      1.65060955282         679.98887115        18.1672971974         38.4797669647        0.64818287855
   42       18.6283875786     1.30593248409       37.8932562232      2.23101723813        534.837900261        17.1029990424          5.0735669797       0.712654781775
   43        289.06410791     3.83115868412       533.360341534      7.37244450499         1887.0767385         49.122525099         70.8069224317        1.28633081568
   44       31.0830305886    0.806849378832       51.1875615962      1.16410901036        67.9041307621        5.84648587031         35.9257165743       0.712835251119
   45       71.2796112734     23.4470138612       92.1832065188      57.9306022108        1602.57326868        206.244172975         47.3262903219        2.65061781194
   46       94.9164839079     0.93291735786       303.661365636      2.41264627293        1695.80803266        24.4533013859         26.5239053001       0.500741795453
   47       14.9109919006    0.601821495754       37.2114096639      1.16551661128        228.511445655        5.83612005719         12.8608703287       0.664204407817
   48       52.9651152639    0.995723826728       80.7264972513      1.57126288257          419.4114928        12.8704394425         40.5303349789       0.880478537511
   49       229.575840224     1.33353187865       825.938713898      2.08146838583        3808.84784484        41.9263976434          24.965892606       0.596343277639
   50       37.4593264119    0.880043835413       74.1289972872      1.32128660656        196.721163467        5.83529738929         24.1325216478       0.568302952662
   51       85.0647208288     1.46307185666       169.366140087      2.59968827873        584.401820205        9.54224023013         27.2406018061       0.558199393657
   52       50.1334629033    0.783984905437       162.647188399      1.25530688463        765.876467383        6.26182493475         20.1960839439        0.62085791907
   53       42.9796151892    0.740482825805       121.951781251      1.37215933448        348.852833707        3.96114242852         21.0447049251       0.511426425608
   54       148.640705082    0.769912877871       379.462877542      1.42733500573        1153.61570552        17.2279906991         36.0382616016       0.603020033066
   55       34.5792245238    0.855489607853       59.8426347876      1.42432230409        103.793093281        7.69367274454         18.5571748578       0.485374433339
   56       35.4131313189    0.913863438805       45.2453176734      1.44530982027         156.76168177        10.3486577464         23.0137963519       0.757121269031
   57       13.4998421666    0.701852711492       30.4312489196     0.967618315529         263.12825581         11.747192899         9.62140053853       0.388150692435
   58       24.1185484737    0.847462943088       88.6591599005      1.53663449234        345.325995013        14.5803354685         6.35204980664       0.685357397795
   59       201.281287865    0.985349676319       295.411915374      1.25736482377        773.919765993        9.24779076422         82.0927197894       0.927700580324
   60       49.0822565371    0.778158618233       44.7889569559      1.32111794962        18.1116366473        3.45321574028         28.9961870706       0.549635937483
   61       42.9151272458    0.752182423302       45.2364631344      1.16704114613        125.170904864        6.15446640195         26.6430891136       0.669702654958
   62       1.54232943878     1.13433570871       17.0663187238      1.99454867386        217.753726767        17.0561995896        -3.94217723172       0.545148358036
   63       52.2747583296    0.897285025912       93.3496539867      1.62356412792        373.266782091        12.1489503898         20.7920618328       0.616079091849
   64       19.6766199798    0.645721673549       53.9311371317      1.19098691252        37.5891267786        7.70058549386        0.273467411099       0.585143943026
   65       38.0811510961    0.894906082002       50.8665120684      1.58274693556        371.795279738        6.04569680924         35.2264441109       0.749389565533
   66       32.3993070093    0.787113506857       86.0921626542      1.22096426189         260.81407306         9.7245420027         5.61680828074       0.581302398984
   67       84.6661748871    0.879136593002       126.511291828      1.37480347366        234.646850373        8.59412451448         29.5981136783       0.763105051773
   68       41.2717119183     0.75515223292       73.4246886264      1.30731616726        138.971132539        5.48017079466         1.58164033849        0.47543296905
   69       124.192051841     1.34940647044       271.025901054      2.49017400097        850.692459328        11.1803493495         14.7928348369       0.767189798055
   70       126.877722746     1.36939346164       399.836913523      2.99677519615        1897.93060655        30.4074687912         14.3022462651       0.547135113139
   71       200.514329736     3.04254477995       459.051548042      6.42617404793        2493.38101503        44.6852208903         78.7360108151        1.01401142136
   72       615.970970197     3.53431528132       2612.67368757      10.2821247108        8771.06099607        99.7901031738         69.4551122011       0.872281632587
   73       62.8610338367    0.843832423753       101.973631628      1.40896320966        289.147325149        4.72758161722         9.91505946147       0.469655127593
   74       132.946979323     1.12187047877       173.602593526      1.58312611413         608.71862512        15.3140350955         82.0553711647       0.719754014695
   75        28.473293606    0.836182776151       46.9196839938      1.13891798747        -98.551359897        5.62207484095          13.364717414       0.450398277005
   76       422.530170882     2.06317154004       982.894262389      3.95138001103        3085.17696336         39.718256963         48.4036420158       0.531731819131
   77       40.2598039927    0.733957286134       56.4633082416      1.36723520915        206.280419016        4.67354177081         12.2239433885       0.550476275132
   78       28.9258631274    0.591202863409       47.0909810959      1.30131153048        96.7959563824        6.08363642086         23.5604712998       0.511353383701
   79       2464.38137372     9.59904645681       6181.31701234      20.4178989919        18946.5261358        202.918566708         193.197554144        1.89132139458
   80       25.7519992815    0.755593265396       137.397035106      1.23275030623        385.888671771        6.81527635218         10.0112144978       0.631046425456
   81       150.474833475    0.974216115869       292.943099152      1.48774597551        959.004734576        14.6243188096           57.52989789       0.661390830559
   82       419.214609716     4.66515026785       884.819956154      9.07346110485        3249.12319802        62.3235594127         46.2821288824       0.890165940023
   83       31.8956574241     0.83661971583       53.6868337087      1.55801568055        327.694202222        5.98244364288         24.9029965392       0.578242146355
   84       35.7340203526    0.905475183714       69.4065261603      1.49414540874        217.250917386         7.3337795407         16.6222725628       0.458431933729
   85       61.9499342784    0.847213414104       132.479050007      1.22518519501        365.061175536        5.40954950455         8.25679246316       0.572933085448
   86       272.815906667     1.70275966586       351.311042546      1.61181350753        819.355977987        13.0768369526         95.8718720331        1.33958707282
   87        177.50480985     1.16711853327       380.941725153       2.2041440837        1130.80532875        13.2454204117         43.1537890129       0.496149614461
   88       33.0335831562    0.880770837022       59.2902014002      1.62465929634        243.200137377        7.02327985172         21.4730109803       0.437579020291
   89       31.9761806555    0.874622846624       20.8625851747      1.71571465331        83.2222270093        4.29768609433         27.8669821235        0.50095468702
   90       1524.26581291     13.3262892784       3386.48883697      26.7578069615        10797.1984217        187.668049773         201.442881157        2.91259564559
   91       106.304926623     1.69715723759       201.716312488      3.16241478834        617.269623948        20.7148015733         19.6886560261       0.691248232758
   92       243.786249334     2.43559001789         543.2866875      5.08488667748        2006.10541599        34.0599356045         42.3519512894       0.833376540928
   93       7065.38614474     41.1382894867       17588.8016609      90.6251885403        57341.5018724        761.902162958         611.135237883         5.9205466575
   94       122.559576434     0.78231200663       149.626301862      1.41625878637        338.234571257        5.35283123766         57.7811895501       0.806002802491
   95       85.0396104447    0.872721916512       224.948799281      1.65423445771        868.400308101        10.4572102245          33.006641259       0.456816388161
   96       67.7989899107     1.19373688685        137.86037548      2.53297542863        1083.57674909        20.9236557113         18.3246757604       0.460704902029
   97       32.2251393094    0.806829797242       71.3514993117      1.29865182653        257.161975503        8.07853238487         11.1744330509       0.490709763765
   98       54.8083961028    0.977286515084       83.2604989256      1.56010306492        346.343659508        10.0561710532         45.9976159315       0.472182125068
   99       29.8713607261     0.89592193193       63.7069839071      1.41853940266         516.64686875        16.2072686636         14.9113083387       0.552015887115
  100       16.9538536206     0.99088395883       81.5890279747      1.71531829064        395.439885215        5.35454338412         14.7105000413       0.521772393057
  101        252.99527225     1.45813332393       553.228507296      2.85755593505        1774.02798066        31.2335320958         39.2229386919       0.759326789474
  102       44.5437829011     1.16738296156       96.3832294128      2.06822581093        378.231067717         15.089525271          1.8090918547       0.829741597926
  103       57.5775643756     1.40419988809       122.322135292      2.67885216714        1160.43037947        31.1118810459         15.4148085228        1.06059962795
  104       80.0564022191    0.922466341742        182.71506889      1.67763695022        758.852289093        19.2472642875         15.2661175867       0.501855983868
  105       214.490237413     1.05427947005       468.900759501      1.58422545185         1681.3451931        26.8307370944         36.7840827798       0.418217731589
  106       69.7493696532     1.53571670691       121.898791455      1.94931776255        528.781862633        17.3086521944        -18.4833085336        2.25156476204
  107       56.3492394362    0.716374778691       73.8030312834      1.11351696994        126.811554904        7.79431256067         12.5590890746       0.553814622036
  108       140.215238692     1.51923526106       295.907142527      2.46401487798        863.814508394        14.8163532244         26.8693184136       0.625374290312
  109       33.2707134275    0.818818039893       45.0822962978       1.4399741753        634.912839034        33.9001738858        -37.3398637484        3.11615194074
  110       26.0722201706     0.89266925258       49.4792085638      1.64037956853        395.690125508        16.1112876313         11.0876911268       0.568010198671
  111       46.9125638944    0.777120393816        57.681501679      1.31722308291        726.767290656        30.0334453055         23.0338686764       0.611045598076
  112       64.9292920837     1.31582943539       163.737837926      2.18301698695        1377.50554373        50.7930246489         16.4222421625       0.736645051711
  113       31.3604880001     2.09500326135       74.4723196882      4.41014359092        1674.08636606        105.797677395         5.47309163785       0.844140564002
  114       48.3021557979     1.79123557305       135.859253938      3.36201076179        1766.50687924        99.4073919436       -0.858962930047       0.972231603863
  115       45.6723405725     5.00121845664       134.850191987      10.2352507655       -6356.35795218        174.588932919        -151.093771331        8.66743456205
  116       68.1953656994     1.57719315659        105.85688234       3.1498331748        1850.88553955        98.0806026372         26.3976755122        0.79106491916
  117       6967.21696914      37.587675017       17378.8149269      82.5941903188        55223.3899947        699.591613314         586.466724729        5.83167447063
  118        338.67207779     2.40831836409       725.719198751        4.712965847        2326.23425532        37.3418255983         52.2508154425       0.829998852113
  119       4805.43784516     36.6482273769       11397.9145244      78.0534273294        40266.2376921        523.803506602         475.991227112        5.63877699317
  120       165.767669172     1.25867149151       169.660247671      1.47832577872        544.138338309        9.04556415653         97.4207496264        1.10986390216
  121       195.152546468     1.09999747978       293.941716827      1.78045742478        969.929163123        25.7844913115         40.5765227365       0.526170566721
  122       17525.2463562     103.052173949       44834.7507369      232.707757371        144199.247769         2003.8701821         1322.37862008        13.6170211361
  123       119.557898654    0.868602659686       262.583991024        1.290828322        746.218124205        9.20123579781         18.3775713336        0.50005568901
  124       166.676444565    0.994141476381        347.79237379      1.58244802484        1441.40384266        34.7598356657         14.6221565377       0.683690180261
  125       88.8110254963    0.935797501048       185.840207665      1.77274699554         813.85223761        14.2161930709         12.5220342754       0.475876676883
  126       89.4678253054     1.31348515663       175.081239671      1.57469218691        597.413964349        11.8491786486         60.5455356566       0.805360868665
  127        58.626294153     1.02690402943       43.7924104636      1.71182378949        539.822296442        20.3476844722          40.298894705       0.667751942474
  128       57.6773037021    0.780604705232       133.220750543      1.27686002057        364.497044297         4.7822306752         7.06819321137       0.450461837587
  129       330.623624699     2.57543015138       707.671138892      5.15373502333         2542.8838409         39.808030885         53.1474726046       0.646670314382
  130       99.8229819419     1.39721551432        155.59774737      1.98360010553        443.598566809        13.5692634779         46.3342707023       0.853151210391
  131        164.38021795     2.18515207812       222.163854409      3.04153705988        1551.31322065        25.0093914385         58.5898167418        0.94757038944
  132        47.030475892     1.45723562398        281.33095201       3.6302135565        2252.16189228        50.9271163273          11.120245212       0.500284601017
  133       95.1271553161     1.62943686798       148.109349084      3.37083167906        1073.91081897        42.8883417668         52.2831446211          1.017257554
  134       28.6999128811    0.991026669669       51.5436077155      2.03425145775        769.112727317        33.6096127286         7.31155019047       0.577195594483
  135       79.3810136919    0.838957467104       175.759157393      1.51828133898        987.906964028        31.4353823662         5.98084067191       0.657748245791
  136         17.95002054    0.655167071024       33.6256059009     0.925885045971        374.879237144        5.73703699759         16.6985024061        0.34242092421
  137       523.096817006     2.13663399221       1219.71781847      4.35080221617        3864.94966394        45.5741133247         59.8344552605       0.636183991353
  138        6047.0129016     23.5023957672       14560.4913602      48.0930290491        47250.8821175        659.198916036         468.695807034        2.65832098416
  139       643.486582671     8.77116517479       1383.97727642      20.7008552523        23965.8707978        906.204752462        -166.428607887        7.18317439329
  140        97.021854705    0.817279548667       224.226702375      1.25916389393         667.27668724        8.46533232698         42.2503780235       0.636389140944
  141       152.447820068    0.765443140271       235.329533723       1.4770989269        1055.80169281        22.1167613701         21.9012171737       0.460668557922
  142       70.8004072858    0.834188970385         175.0692364      1.06224434436        683.600075935        8.17642422372         23.8686874574       0.728730976138
  143       3590.35765245     24.3698172564       8599.17789296      51.5513128605        28456.7201789        406.332086511         337.222092804        3.81254457148
  144       71.5818093901     0.72899631961       83.5370823785      1.20705583471        474.170601282        14.2053536034         28.0696740354       0.482526200378
  145       59.6090246785     1.44629203324       110.920493884      2.47381072285        772.970171834        20.7832091405         26.9644623571       0.558067273391
  146       212.750462883     2.53688147419       401.790853397      4.76147454264          1291.265541        37.2131226433         83.5898753985        1.08080875515
  147       29.5490214228     1.07388348822        55.435912086      2.13332005796         1338.0873112        76.1493259373        -7.08738183505       0.846597233731
  148        8.2493115557    0.742388811893       28.7125942054      1.51417833282        152.618611065        3.89114102341         18.0754172893       0.545550706159
  149       107.965057609    0.918263909722       293.320665667      1.30553176559        882.160057181        12.7190645791         54.7527558634       0.712173109074
  150       36.5759497033    0.692260084015       67.8037272078      1.17856635137        249.708088545        5.80201150054         5.77669424879       0.492367499354
  151        13.223201624     0.99379272917        39.961920081      1.74078497166        1426.59890905        86.1706122993         6.57479373732       0.815283213489
  152       652.517783836     9.70981193005       1415.84470948      22.1829291532        28512.8048126        765.540791819        -159.450657918        6.95253099165
  153       29.6940642182    0.940242417807       58.1810457986      1.52539594805        565.080157259         11.759953324         22.6329983169       0.455295644641
  154       798.852443793      2.0611359529       1941.84602122      4.48691917753        5769.66743055        69.5427817708         83.1787579837       0.770995822218
  155       56.8611900369    0.738496013137       93.2125953664      1.35159019614        413.083976506        6.43271378437         31.3279565808       0.619828481037
  156       43.6252701892    0.752971459335       40.9899296668     0.948397337759        164.534838566        3.16918133204         33.6689483049       0.622553237451
  157       22.6308669306    0.733652188128       28.1970922792      1.14423346969        277.875800609        16.1698163246          10.065511578       0.510954861858
  158       41.9411462845    0.672454314938       96.0084158743      1.18869950354        371.249215835        5.68131437312          12.310655936       0.516166744449
  159       123.908253179     2.78942546559       227.716569205       4.5129581237        1238.78451465        45.9582349287         17.1546592148       0.700751930963
  160       91.6837903408     2.35843183275       166.386666431      3.43666448027        1688.47248696        36.1292332301          17.609724901       0.549249213926
  161       131.553440225     2.72415330171       270.793498177      4.55768918604        1732.10969319        41.1742930867         30.3153702877       0.468130330965
  162       140.940048211     2.76234085172       238.652882688      4.89272942071        1209.33443739        38.6267895669         11.7681649972       0.556718328208
  163       109.345673298    0.678997246169       220.277859074      1.26743397949        832.779172398        16.9226957359         9.55728458074       0.425373655315
  164       110.153999174    0.969204335829       141.962251691      1.45906670027        755.703261087        30.7307083966          42.780892193       0.555836404122
  165       33.8739760425     1.05106637138       65.6814219682      2.30845599125        240.463836647        84.1959873823        -11.0062720559        1.81217674089
  166       45.4034611921     1.56009354363       70.8840306459      2.81596510997         1321.8119203        72.0781354392        -22.9157154847        2.41094041812
  167       35.7977272924     1.69851538664       75.0176527652      2.76572761938        1100.16441136        61.4966841251        -22.9961450876        1.66083259785
  168       32.7288567496     0.92591398535       112.787935377      1.40865316464        327.011665666        9.59577082659         22.5205565278       0.595963602385
  169       12.3734868469     1.02615733117       24.5412935224      1.64897512157        292.407453396        9.35493902239         17.7854894025       0.409596895478
  170       206.850314272     1.50549459601       446.714328433      2.59795528026        1490.15504017        21.5002519437         36.3992038409       0.773595427531
  171       30.8755613673     2.11944040456       64.9743861387      4.31509613835        519.856443284        27.9660697493         13.2641025889       0.663623886755
  172       82.5311360347    0.937242507514       141.508619426      1.76625108769        551.123947604        11.4568273543         15.3171280573        0.50942682657
  173       65.8016849769    0.828718902739       152.377336773      1.40169955041        287.125046669        4.73257839256         10.9724703641       0.474348017832
  174       60.9862266079    0.793869899262       113.703700858      1.33941283938        269.191185565          5.838062889         11.2920546883       0.453188235421
  175       64.3899288773    0.903771358977       69.6854530341      1.25223029319        449.997464503        8.73893469517         23.7389448897       0.412204438346
  176       76.1389248326     1.80029195358       97.6168617701      2.98278278254        1822.66607762         95.825830909         41.2870369724       0.813969958639
  177       98.2404053419     1.32694526805       140.110468105      2.04582755837         699.49917467        31.8546804338         61.6428228238       0.911666851497
  178       17.6569732274     1.52135672415       43.9325743479      3.48533196596        1036.77497509        62.1076553652         11.9832763324       0.682183528215
  179       18.6798604875     1.50999768607       65.8190743098      3.07878131987        844.966023902        50.4296892013         10.7304470706       0.694461103534
  180        3.5113013544    0.769867566074       27.0215794235      1.33734009385        207.934088761        5.93572398252          19.947491532       0.496556047405
  181       19.8292700276    0.765501122887       41.4760771651      1.31210048344        282.522739394        9.63770645105           18.25055059       0.633104773739
  182       21.2630651439    0.890760558296       37.7411218708      1.55498523256        460.020736497        10.8321485325         16.7678554152       0.478051556504
  183        20.862634608    0.778309760898       38.3485539393       1.3425126165        465.536932061        10.3802696829         5.95618537412       0.417086231408
  184        26.959979369    0.791181879158       39.2702359317      1.16390028071        157.453474959        5.15145167755          5.9294412088        0.47368453525
  185       37.2869862946     1.29814453024       71.5156106876      2.88379053003        1188.15734197        63.6886335434        -17.1725650792        1.79808613623
  186       6.63476817057     1.05844424861       34.0570194303      1.96320296127        2581.18440051        174.667168485        -497.835022037        32.5817662535
  187       199.319537871     3.54698637702       767.040702345      10.8077233817        3461.09660749        75.7190265404          51.423194061        1.19047905023
  188       194.054755514     0.90460808791       323.107308728      1.19977104725        770.636678831         11.266604098         54.1975689368       0.732802738109
  189       31.3286000543     1.21737669075       68.1318244157      2.32408577825        2415.10056919        166.567003838         -23.295410111        33.6056535067
  190       7.76528427703     1.44224762102       49.5910959584      2.72042823127         1306.8007338        83.0009226034        -45.2968989675        4.38465591319
  191       60.3362269479     1.63840792968       122.493301158       3.1235591087        1448.20296578        75.0446066565         16.7316611504       0.695005646897
  192       25.1451992244    0.796923460471       45.4379177706      1.38566752487        162.796950456        9.05760793522        0.142586920338       0.511143058999
  193       19.8315167858     1.60614908306       59.9676753211       3.8248610852        2101.11817023        130.334358219        -7.28414339249       0.439009297765
  194       1366.20384993     8.39016684377       3056.51059958      16.5589795474        9906.00813039         142.36210982         153.832262124        1.69575590441
  195       64.3040251331     1.39834144694       228.006660832      3.53024424567        1186.21030905        33.3716910627         11.7352602021       0.712266905377
  196       51.7263046795    0.739467453045       42.9316994168      1.17238853531        237.502814819        6.32640403851         30.8594601727       0.571775293718
  197       345.199294946     4.64047669665       647.386268617      8.24956876521        2380.37981058        44.5953596536         99.5135367081        1.54731621445
  198       19.6851004239     1.62992863104       61.2219542377      3.45380872277        1601.73935646        92.5179611382       -0.501778013282       0.582601257766
  199       195.007203973    0.802538889426       459.862697905       1.6367230791        1446.19610301        14.8439080369         10.6379324282       0.461534667092
  200       50.2040893529     1.07230585733       100.537167677      2.16247972329        535.103839493        15.2596569339         34.9011513527       0.659107666295
  201       28.7199367146     1.06865308709       72.5797825669      2.35795155823         508.78997303        15.0848714356         16.1385098199       0.953053421037
  202       18.1254272011    0.691587329953       35.8011585879      1.24314342649        700.240205939        34.5481583196         8.45209429649       0.506093126152
  203       6.10227778638    0.509063226629       11.6011393969     0.647050645832        88.4552173028        3.70206256756         20.7212942665       0.377403776491
  204       132.678639319    0.827232415346       285.280111871       1.7858967316        1605.12511945        46.7043931038         20.3254746525       0.780874503076
  205        72.730848487    0.663323744378       200.725837723      1.03624510892         540.25993923        7.51259222865         26.6731410652       0.501069988816
  206        97.010268496    0.844395399044       104.473379709      1.40006736507         401.91248514        4.29265609882         48.2386225551       0.571174454102
  207       34.3590454949     1.11094819719       47.1025839714      1.71472128857        1160.08470942        64.0583845334        -40.5012119374        2.75464584671
  208       67.6594478362    0.686265141938       130.922645999      1.23910921068        250.761827191        5.24463006209         46.3852505083       0.759608840062
  209       16.9175012503    0.765119402544       35.5637600527      1.34436325712        455.021871188        8.45464747493         7.96142739313       0.420512030239
  210       15.9807337086    0.738970878083       41.5986538624      1.30122000043        390.747865274        10.5314789717         16.1834404535       0.398682799351
  211       84.5772421496    0.788278794396       139.111406189      1.35611597179        354.506097711        6.74489395465         40.1859330917        0.57997920613
  212        75.910280781    0.808291399507       131.658455444      1.35323442264        466.296605796        8.14471235391         1.25432417596       0.478801751516
  213         23.56478057    0.882273928982       39.8965681103      1.24227079146        99.9208674232        4.33174412337         10.6354360182       0.811478330396
  214       122.721384091    0.923969837931       248.370741492      1.85513768985        867.029695377        11.8779803564         34.6138955841       0.506642967466
  215       39.6673480542    0.903146858602        32.045268181      1.42905919904        58.4627209216        4.96009718887         43.0102570962       0.609179630057
  216       36.0110097953     0.84427594261        55.039579086      0.86257760579        900.318457875        21.1114606683         7.29868145156       0.422707888651
  217       18.9166041198    0.620305963466       41.5819266411       1.0292162944        388.307986257        7.80873960454         5.46240785359       0.359563610463
  218       220.609436651     1.58217476822       473.992567577      3.14077807046        1441.78951897        17.0983738055         88.7570803719        1.12143918367
  219       23.0567294583     1.10051588682       71.0636325235       2.0507121419        233.974538118        8.45069861188         35.3916624972       0.785802630277
  220        28.671295507     1.19532777856        43.357665035      1.99426055671        551.567414618        28.3201217765         15.7886160086       0.732795119097
  221       36.0378778973    0.724577062615       53.4822806508      1.20025034616         456.94317114         6.1315061271         25.7415179364       0.719131823997
  222       120.912889082    0.919762998151       256.453594229      1.82865724305        816.688626155        11.5819245285         15.3573343799       0.463481301143
  223       51.7986100317     0.96219922852       89.2239845114      1.63335300925        370.641701516        4.85599638262          3.5362919878       0.445454187401
  224       191.342308021     1.16090107878       232.351782507      1.26908923145        829.316861119        13.2231347324         72.3502073692        1.09334097728
  225        42.035935121    0.824016756065       82.9336387445      1.37517394708        372.052785264        10.4358187103         4.99107840967       0.458608473079
  226       3475.26720566     9.67010544233       8392.51497857      19.1068654373        24527.2293594        239.828929258         298.293292276         2.3584506803
  227       108.675984491    0.881755671187        134.96262255      1.49756468997        475.380335593        9.83435627741         71.3253846434       0.703528945372
  228       137.306687321     2.55499218594       221.231503922      3.84624099489        1496.05849494        36.8499624697         69.0562621037        1.89636223354
  229       27.5352180894    0.843774932694       51.7967044171      1.28935141039        215.514431003        9.32630743042         18.5028491704       0.521852971176
  230        41.878987954     0.77212062402       77.4484638213      1.19606217063        530.337279764        11.2853663894         4.55250858831       0.616471521159
  231       41.8117826967    0.978645105282       41.1472041099      1.79357315463        100.469171749        5.21857098513         15.9724231889       0.462795016551
  232       22.4800594587    0.624722451254       96.0715832234      1.26290696921        415.881836608          14.79408781         22.6725216927       0.390512256449
  233       18.1751945915    0.628332978526       29.5821388438      1.11743333996        251.182808357        15.3243132829         15.7253194076       0.484663124616
  234       57.1461223184    0.800322210668       82.0910688454      1.24281100133        471.312455291        9.62522512209         39.9460147161       0.768396664021
  235       24.3465513497    0.666619630797       67.7788597679      1.28763948648        17.2588889471        5.32258710634         6.09653483623       0.696153513634
  236       90.8626100139    0.989163742757        137.02030675      1.31009655837        525.273329555        10.5064252882         63.4049936247       0.839785796304
  237        126.07713582    0.918175987583       295.909500975      1.69520761219        955.516683046        14.8397505743         60.4286889593       0.703354530519
  238       17.0761372776    0.579787091441       34.5944514481      1.07436378584        355.234751074        7.64824567402         6.82844940606       0.420315450574
  239       37.8932531363    0.745188315139       80.6804803551      1.12874043048        607.678145361        15.5792859484         4.45635804451       0.525659327148
  240       43.4537367281    0.728886400723       32.4635853915      1.23854080957        82.1127536038        5.93941487062         25.2366991164       0.564326446911
  241       29.2291148153    0.868748662382        53.715875596      1.27700056022        522.167645534        13.2993703036         30.9504172448       0.743598006151
  242       42.9634056366    0.758158132368       40.1919898466      1.42171542976        241.268630231        10.0094334115         34.9896966928       0.459298631144
  243       116.837159482    0.760046363505        129.74741148      1.11446192988        254.854938807         6.1041589205         72.8868609582       0.605680713699
  244       14.1485006021    0.663520790822       46.4090569096      1.15726170843         295.93327277        4.36250863541         3.11683728734        0.57873758038
  245       99.0410333384    0.726673020222       145.905870934      1.37732154132        376.361501814        9.90601950244          28.982533028       0.528963375586
  246       66.9043349241    0.811346142311       144.231365375      1.70536931817        499.308026085        9.33541960641         4.90355390335       0.458935058412
  247       55.8458409352      1.1991019196       99.5765574988      2.13627464806        615.309965348        16.6682542631         24.4589951592       0.535977735961
  248       31.2758382032     1.28466653035       69.8879225786      2.37465368623        769.103432765         24.803187354          13.787666692       0.526059012059
  249       35.5783350753     1.44295966636       58.8296823985        2.452015068         591.42263396        23.3845845345         11.0725892368       0.519186936861
  250       10.7300102641    0.708020859626       27.2341015895      1.20149861074        145.000133411        5.90961447963         11.7472598219       0.534177420663
  251       65.1718651147    0.703656157278       101.562117215      1.34434307466        214.859557853        6.36893558521         44.5746532581        0.52239035764
  252       434.800175695     3.28177940169       896.959531491      6.12540644529        3007.76478402        48.9836308094         67.6261633421       0.946792374717
  253       125.634799231     1.73060430334       252.953347112      3.15683731294        694.923009524        12.0594058856         58.0006453581        1.26392696452
  254       11.0874262078    0.714002471353       26.1197155708        1.039437437         178.74285765        9.90884254232         6.52181295935       0.431237027075
  255       19.0014500925    0.842852791917       50.4471021053      1.14507636676        260.402204546        7.47466242073         17.4241142121       0.434230985143
  256       6.60919241343    0.696103098501        26.388496435      1.40007808748        274.607390168        12.0679625373         5.86617537846       0.489152486159
  257       14.0306843107    0.802119250713       30.8158796159      1.35964417394        346.444415338        10.9828876984         14.2341538765       0.466986837142
  258       80.6583057193     0.82729326968       178.617713063      1.27334632089        457.421496008        6.71801623294         37.6500422123       0.414504844902
  259       85.6849860796     1.99630763458       191.516327049      4.11771311689        1029.49831107        26.1190555048          19.511573615       0.614066177982
  260      -10.2967424854     1.77113940005      -22.0499474402      3.73576846118        -146.41698391        33.9146256158         1.18767863082       0.662527819719
  261       729.740906942     5.64767391335       1538.30055846      10.8416559781        4978.66626811         81.314800231         118.241108928        1.80915668893
  262       61.3412646485     1.25080797048       66.7944352338      2.25823632041        216.414054033        26.2615384375         34.8539223332       0.690596006749
  263       22.9241410783    0.689957641191        53.948760752      1.06282134792       -24.5877984873        5.87875386968         3.54487437619       0.545279938883
  264       43.1599696582    0.691561883028       47.7022926266      1.33085145804        59.9170096048        6.58476626001         37.0211370842       0.579674854305
  265       33.2140863879     0.87256118395       36.7702937902      1.62220948421        264.571456613        8.66922050833         26.6369520205       0.627963826183
  266       36.5727361653     0.78008238761       62.9746264021      1.22437874999         146.92335562        6.53386765734          4.1250857001       0.463609355753
  267       239.865533757     3.84955272872       379.443153773      5.01017697815        1228.86149257        25.1964721443         51.0396132532        1.33015493892
  268       128.116967946     1.59787342613       218.944130106      2.43711976271         694.52190955        15.3024379665         31.8990510643       0.477350003006
  269       442.202888618     1.36350443983       984.658461753      2.52349220101        2426.61820635         27.070038146         143.999007819       0.719867379732
  270       51.1103652466    0.676313857026       83.5702685482       1.1243187662        560.385065744         9.3867222344         26.4523008524       0.535318656525
  271       24.9722965995    0.848236046473        121.10838316      1.29668751041        847.385899609        9.50270480837        0.555957610313       0.488366034409
  272       26.0563892316    0.755690719204       43.9500455479      1.87064743865        270.424672922        9.49693630867         28.1796631258       0.602150521466
  273        14.869036708    0.841436330937       27.3581810182      1.65060539024        58.0639129636        5.17111959652         13.5675412989       0.497099967961
  274       17.5949451195    0.707913562772       40.5623064431      1.09715701452        35.6394858921        9.59738020231         7.33459915941       0.496086844777
  275       49.4782832059    0.791425505437        109.23241627      1.35536490152        340.997199157        10.2263901683         12.0836027577        0.56305460967
  276       146.576960982     1.83434740966        211.12518164      2.62761815429        405.808770934        8.61817240566          58.695492252        1.04127233972
  277       256.728613281     1.14159582797       552.033170816       1.8638193428        1896.33892693        21.4024225182         94.0616630229       0.966720598848
  278        145.19031324     1.31239204203       376.202478549      2.47498420725        1349.90161949        15.9784516913         58.3799841147       0.534242758542
  279       428.390368556     2.54953279227       1125.70967604      6.34558249217        3555.85469892        54.2320828212         137.646196579        1.01956823002
  280       65.8523928312    0.834475055546        90.731459542      1.40283217152        235.401869813         6.0914500793         32.4657571814       0.586538343669
  281       59.7108269201    0.757897350999       107.308781233      1.17797546314        214.007619158        5.15887258639         22.8996544023       0.514615890245
  282        27.179424094    0.831693038368       53.1794756373      1.20924133754        271.301002208        7.05091574232         22.0661143541       0.390696654016
  283       1062.43097615     6.25951655608       2412.12251137      12.6050993792        7523.84750818        103.070371146         135.868701702        1.47887907069
  284       20.7202661549    0.771477749766       45.6787285602      1.69136698277        78.0290259978        6.45323119656          12.896610031       0.497287976644
  285       48.6539618234    0.920486400123       45.5229126761      1.30940108508        91.5749491324         8.7506796264         36.8307745654       0.738244783372
  286       212.919953195      1.6855013632       413.514654583      3.18965254661        1285.79688203        16.9720063599         16.5382003327       0.702047886368
  287       69.7551403004    0.820696965028        82.733897073      1.39049753943        245.296906567         6.0758949232         48.7669448366       0.517343809941
  288       40.7621173591     0.85273450905       49.1715408008      1.46497380735        195.893142683         5.2356987632          28.837165229       0.667667874196
  289       516.383520781     3.92792548453        1038.5343181      7.08538314827        2703.29488501        43.0926919828         239.863205656        2.51311668214
  290       62.2900413424    0.834999293419       130.202059862      1.33203325137        403.879455498        6.04215030826         9.33395107835       0.580672186896
  291       147.516921782    0.864587203926       185.165838963      1.26614105524        345.336759692        6.72652443571         89.3679207488       0.678389629335
  292       26.9094946627     1.03706018251       35.6588476536       1.6494954231       -27.3652077888        8.70888311693         29.6001472983       0.541508665706
  293       130.815543558     1.00434047266        339.06654989      1.39994875552        930.983144445        9.58792168193         37.6548199883       0.659810090196
  294       72.3645604101     1.64255840551       174.427538085      3.07068965919        636.527652636        13.8876178291         16.0575014425       0.741881992601
  295       139.050691854     1.07333947712       292.779584256      1.84398580222        769.549398893        11.3448027077         24.4649746852       0.479596987218
  296        35.460358391    0.885193228034       66.3685924549      1.45747317425         302.95092937         8.1580561164         4.61487996471       0.531321880233
  297       168.524998843     1.34953736233       352.434449685      2.39615192807        895.101112995        14.5446438673         16.8079215525       0.587319462221
  298       23.3826783308    0.737569583139       48.0484909693      1.20555949496        161.016480727        7.63588294704        -1.59450471205       0.535548119752
  299       64.8426082192    0.817002031603       124.560886784      1.46168644394        363.796008826        6.62399470128         13.5623286598       0.527913153961
  300       776.530958721     3.17932448033       1791.52069122      6.46970764699        5170.51531789        65.4831405913         87.3333436053       0.803993232028
  301       142.272426339    0.882939732289       165.431595642      1.28950904327        369.855292337        5.40827138525         53.0888937692        0.61014204498
  302       74.4506095586    0.859364999849       77.7075132077      1.41886225601        241.185175085        4.24265805032           53.28389698       0.853348025225
  303       34.6879402806     1.06011754437       45.6683491398      1.70167835949        394.364170503        15.7763971461         7.85263892559       0.432558405585
  304       20.2103162174     1.18573691485        34.720696134      1.89162433464         710.65484038        16.1247438139         12.0384972461       0.410815605628
  305       18.0420318604     0.96966317283       27.6907637936      1.82643586673        350.685782475        17.7699334489         8.53521580614       0.307325809436
  306         167.9475795     1.21706917595       333.775955997      2.44854435799        1016.43231133        18.8925286422         28.7219096562       0.640914259674
  307     -0.636508777811    0.640803815395       44.3006249914      1.01602523634        247.280063446        9.89145606992        -6.62797357948       0.556430353304
  308       67.7502132701    0.732186701114       138.601796926      1.30084690809        475.321562935        8.26472360471         33.4402557338       0.703773471962
  309       33.0930037391    0.729207720094       99.8089235728      1.39929878915         276.94056884        4.37772067128         16.4660458161       0.587493311958
  310       7.60815147013    0.630242231909       33.5762623124     0.951017708031        153.466656509         7.3812474469         8.08604884598       0.399012443221
  311       11.8521075611    0.572846994633       31.1599443905      1.03233915804        322.944688566        4.86526336203         12.9331458728       0.391348118568
  312        58.759219878    0.719474175913       105.643791058      1.27014261121        318.204067206        8.99888239749         27.3971639766       0.465146784877
  313       6.30505072224    0.604215356527       25.6852013876      1.08423976125        128.528040241        7.81234973309       -0.957173759607        0.44201016265
  314       10.6393453802     1.06554327118       37.9407137236      1.76630641436        166.492076653        6.90610355855          8.8302753068       0.524266004974
  315       90.3143186709     0.75187516706        211.69743406      1.24583881665        816.736424289        14.2866354657         35.8219571721       0.687116605434
  316       37.5045531328    0.706980867218       66.7722327135      1.27658085142        36.1934875156        3.95588274192         22.8520971903       0.516847445818
  317       23.7535328093    0.716207719463       56.6888855144      1.19154138283        33.1636758934        6.96580291745         3.05843260545       0.689095948505
  318       58.9583407163    0.738832577598       176.209438759      1.25354790109        763.181015584        9.45717715968         14.7571354607        0.61933878524
  319       40.7874544298    0.708254182465       45.6398578895       1.1515625843        324.619419289        7.39362746104         14.5993342304       0.562509101126
  320       495.719279485      2.6903188171        974.84894829      5.01758000122        2803.15572472        36.1909909393         61.3861367088       0.978511443146
  321       71.0513202341    0.855331173686       82.8003306113      1.29469089604        415.681617047        5.84724649925          25.136999673       0.624166488021
  322       32.6936453577    0.840042014951       52.5457367824      1.27003335138        217.050224667        5.44622764077         17.7662967927       0.595180305838
  323       93.8117234491     2.26427132151       166.002067289      3.53321840344        464.504897454        11.9396292744          33.537967585       0.965911628195
  324       91.1801474007    0.772437294575       103.905171597      1.08615878872         173.59508619        7.56632614391         41.8852770593       0.599801255709
  325       86.4344034999    0.851066022556       120.491915272      1.33429054902        341.851586104        6.16838219517         50.9140523302       0.648971186465