# id F89 E89 F90 E90 F159 E159 F156 E156
   1       23523.9986644       235.485057012     57149.1010067    523.928401547       72406.5274154     1515.23368668      900.945973835       25.5393738457
   2       1.27643038712       1.25043707596      6.2881752446    2.57204859669       222.821873227     6.47110698461     -9.69153820838      0.422956977041
   3       1.65436616331        2.4263493209     8.88262471418     4.4209560816       62.6572331369     10.6249259476      13.3759580857      0.616445363684
   4       50.1951569825       3.09169157485     49.6249807591    4.50480539042       91.1000280324     6.67900312804     -11.3420138828       1.07409117205
   5       179.935556716       6.46803713365     250.579922375    9.17849283854        857.33962828     39.9710080124      81.6928875868        5.0343877876
   6       95.0460769887       3.76126076147     287.885654937    6.22314100683       438.018722024     15.8586085245      17.3147343906       1.39645205491
   7       122.903558527       1.20101301609     182.669842928    1.57261142674       48.9320125676     2.66449312792      15.4949403745      0.620386129757
   8       97.6356688737      0.733271981788     464.131643582    1.72753691147       458.485538924     6.95210845513     -6.67345434704      0.603902828871
   9       27.2322978075      0.828911118974     108.317929576    1.48119435635       42.4167806049     6.86547161694     -4.90602080686       0.71983607602
  10       179.092020575      0.877209543346     217.812013642    1.44228887068      -26.1949211046      4.8243656867      5.30881291838      0.757538314697
  11      -6.49449937155      0.571509007687     56.8642386476    1.14488499703       142.193584451     3.83432769968       12.457795356       1.01213540256
  12       34.8538022793      0.722235190412     24.3092799988    1.38069032656       -93.948553819     4.70676321181     -4.26006587175      0.559468652099
  13       264.621684721       0.91779119677     1247.85523777    2.19983111767        1205.5482105     15.4340449318      11.2443461524      0.616515422695
  14       19.8324950645       1.13372589965    -16.4800074095     1.6241458359       317.237874464     8.41376796616      60.1940033044       1.22006482918
  15       -31.677906957      0.800650238287    -21.2113788807    1.15283498815      -17.3040997406     2.66794383069     -9.78545886573      0.668544130064
  16      -6.65663042016      0.803792749921     3.28134202484    1.07341314818      -32.6337860718     2.49313672848     -8.25780833658      0.500820907273
  17       12.6171971343      0.675190589533     24.2791326125    1.01682512627      -105.551700812     3.14106573184      11.1978607808      0.845085318067
  18      -22.2711401598      0.567755342981    -27.3703706959    1.09196254464      -27.7630991135     2.19130161622      11.1574920445      0.508911829498
  19     0.0555166912607       1.34281509776      16.500227485     2.4884643763       95.8189294536     4.68480553069      15.0728669825      0.489343943303
  20       39.1128387148       1.41624609591      119.53395649    2.68734774513        1781.6592936     31.5719115189      26.4442567987      0.963178677335
  21        200.37620813       7.91750924199      368.10105372    14.9675628675       847.510966302     29.0568216049       2.8138866016        1.0123061556
  22       580.561671118       2.08135872859     642.823703814    2.85630050743       718.793484655     27.8797307458      39.7276489571       1.24790420996
  23       -14.100692605      0.473459571668    -22.0023362336    1.11820162902       11.0253231511     2.35914618478     -6.29738943005      0.160402099976
  24       45.9409530474       4.07184087985      82.695417934      9.324081642       287.263810653     22.6451972511      10.5549238085      0.529597685263
  25       35.2367966244       2.57267390285     93.1408237775    5.37745015585       368.329089367       13.36493767      8.64410688948      0.553620677083
  26       34.6332810209        1.9159843615      68.739300955    3.16542333683        287.28036346      7.8509071277     -2.30652140803      0.700524477668
  27       17.8812700307       1.04416896236     10.3497838256    1.56320109985      -55.5210522234     2.50154176178      -4.1965703976      0.487373851292
  28       -3.9882604483       1.47275924625    -13.3925374289     1.9703544369       29.8680522028     4.14630194664     -14.7989279103      0.544927401352
  29       42.2868702308       2.18705235493     135.742651509    4.53793026906       374.878166396     13.3971515268      9.26898810862      0.722205054432
  30      -17.2710704587      0.816929431376    -26.9124679123    1.19529867173       71.0217792159     3.41643258226     -4.48371228373      0.358245375987
  31       8.25431738188      0.806269143222     41.4362516533    1.14524123262       128.155373627     2.74644464799    -0.231025437688      0.504933420659
  32       52.7575044496       0.97646744254     49.1352688302    1.56656381818      -56.2816387527     12.6927875455      -9.5017676714      0.571676270409
  33       11.9421557836        0.9763822985    0.437564439501    1.65467112264      -81.1077623177     2.37560372863      3.25017612261      0.472054615817
  34       6.64292495989      0.941676195888     4.65161313967    1.40231795676       67.2070696845     2.39169230393     0.377100145094      0.449079700513
  35      -19.1894362605       1.22146118045    -41.5597672401    2.03392242236      -60.0645294096     1.88786604889     -4.04562869304      0.653007742528
  36       18.4521653237       1.59264715421     67.7825406509    1.75726526488       163.690499769     9.02208689615     0.532773681617      0.721571750999
  37       4.38946087304       1.68132788341    -26.3410833703    2.34898000799       278.197482901     10.4947449217       22.216709987      0.725319445917
  38       52.2180767131       2.65932722175     34.9365426909    3.73738140745       60.7533190983     8.87842011536    -0.345098320945      0.504033803421
  39       10.9885331256      0.789706133623     -10.903675393    1.19251447254      -116.089702976     4.21840914568       5.7786219081      0.462417567316
  40       6.04445849891      0.961418361789     27.1991228328    1.72688647928      -19.8157745012      3.1406348949     -9.84044007436       0.52382615472
  41       226.993451959       3.12917920512     426.942661376     5.6445443518       385.228189732     9.73171282819      12.5915208522      0.613224018509
  42       598.733638993       2.40180383613     2047.12843826    5.95814819267       2973.78201402     43.3038986827      15.1252904624      0.585102833073
  43       5.59110891634       1.80888006718      -14.28237313    1.93018143969       229.344255254     9.08827678531      15.9103596152      0.764889012444
  44       36.1873192187       1.32155429711     17.7733774094    1.48911453399      -15.5930407724     2.45384907172     -0.82754876198      0.354661246829
  45      0.454616839596      0.838234847345    -26.9675635435    1.07895484966       375.001130593     12.0405166233      44.2132627165       1.53077871312
  46       264.017482872       3.57572389177       535.5143082     6.6427363221       620.427343433     12.0836520855     -3.09687824395      0.743727904588
  47       25.1979507796      0.979663563132     19.2239682657    1.26871180281      -33.8445397477     2.56279497124     -5.84613337937      0.587158274372
  48       28.0240906833       1.22646839438     29.5699782465    1.83101666628       703.605390326     16.6890667943      50.8466844018       1.57650406379
  49       36.4698407296       1.32581183617     45.0062038218    1.90612291679       776.146372061      15.867541582      63.3795874391       1.58360821279
  50       204.959204743       3.67828950036     652.685403878    9.26720903529       775.086746741      19.204173288      14.8607698903      0.977478355268
  51      -22.2006878232      0.820550310757     -36.440918315    1.25483448121       19.5537859399     1.91534922197     -6.65689361756       0.55422690086
  52       32.3828164785       1.89304880486     -12.743290999    2.19516925354       173.846949969     8.96363835998      6.63834377794      0.841050067693
  53      -9.16879638347      0.767782001471    -45.5803502115    1.18540801857       393.489538124     11.1833147995      31.5966909694      0.973900329322
  54      -8.98243605995      0.835649419479     2.87934906378    1.47575216225       47.0354532055     1.79579333274     -2.37429733452      0.538153648704
  55       29.8779388497      0.888903758872      16.238236749    1.51294444363      -27.2245553129     2.94952015266      10.4463080415      0.616297866799
  56       149.423429353      0.816848732224     579.241800373     2.0279868439       607.013748759     7.37061868887    -0.817400452939      0.522353669577
  57         -2.57483285       0.89249935088    -29.8027700149    1.65644411401       605.568119832     14.2852474186      40.0095858712       1.06715864293
  58       43.2575004593       1.01068025769     75.7070545254     1.9522200058       23.9421843227     2.12928487312     -7.31888865176      0.416505941583
  59       246.940147897       2.24548441594     398.377134342    3.80793942598       426.662390447     6.48412596137      12.1787746655      0.649479017813
  60       4829.36732185       31.5882311282     11513.2414125    66.4688177316       11899.9251151     211.565539551      173.804040692       4.15530236424
  61       160.012747888       2.66933408727     346.963841008    4.99347975069       454.195831872     16.3080731336      14.6875393452      0.606224207301
  62      -0.29028267543        1.0022362911     118.582813893    2.96419026322       403.413218355     9.97520430958      3.26126469121      0.497810613112
  63       11.9738341476      0.888372457182     55.8744505143    1.51516350763      -26.9018059536     2.27974772007     -12.8904319049      0.597948423463
  64      -3.90810207878      0.910345959642     17.3615199683    1.55199645561      -57.2141039423     2.97669895428     -4.30725518892      0.424759745782
  65      -16.4256810953        1.1353134483    -11.6143069193    2.22237989327      -118.169501845     4.84121399191     -6.03210550452      0.549850203254
  66       90.4077854739      0.956512918095     252.656412937    1.68979121395       176.715472632      3.2613463927      28.3728748509      0.552020576582
  67       1288.24011958       15.3825762734     2833.83455284    31.6776423098       8431.00633642     127.199837396       160.65465867       2.97116625788
  68       838.280574476       12.2891183838     2346.62368589    26.7366340651       3534.77392934     73.9767565572      31.0953913596       1.33336696102
  69      -5.29069155704       0.77704062894    -38.2735216401    1.32054787624      -147.139798299     4.91815583505     -4.61282895261      0.571277329881
  70      -17.0309197173       0.69766094264    -6.44329270134    1.29180820137       -29.085466499     3.38806055492     -9.22993811352      0.549269737896
  71       16.1106974125        1.0887805834    -12.1456299884    1.09917748322      -74.0912991343     2.16068142285     -1.63419454112      0.431257398966
  72       158.983721371       1.19565874369      336.05376129    2.51746834265       324.091122397     6.81244363255      2.81582150902      0.457748541269
  73       20.6798472991      0.922596251006     -3.7168769826    1.30769015501       -72.650848722     3.07857573632    0.0726123691819      0.554886232974
  74       27.5552040152      0.950447409946      65.363254438    1.89427743712        1.8408676864     2.53609313498      8.48422228939      0.540769136034
  75       46.7483958592       1.44046499408     73.3705396098    2.17843281083       43.5654480012     2.81846609273     -11.0581505739      0.638719065722
  76       6.28814912664      0.770280714427     6.12875437353    1.44322780118      -62.6809440021     2.00824937755     -6.91572654676      0.462269277159
  77       2734.46459868       29.4387568568     6629.27319113    64.5057771196       7839.49123556     184.747718796      108.333631973       3.23878427909
  78       464.443766534       2.37701533598     1703.90077121    3.55376736792       1987.41918002     54.2048514651     -4.94642777326       3.88252902164
  79      -16.6465051043      0.847023007761    -31.2881146367    1.11452891792       265.555854057     14.0781099753      22.2039955645        1.4598671506
  80      -7.82583844258      0.938800974261    -36.3409932167     1.3767208858       389.694452333     15.0922001771      30.3079772786       1.63593837735
  81       20.6260811143       0.92879110283     95.5423744459    2.64967785303       307.009712803     6.85426853417      11.6819139778      0.580290880572
  82      -27.6309526851      0.747979206015    -37.8146550491    1.09308395975       88.2161422805     7.10148934379       26.386705602      0.806768777509
  83        21.403323931       1.80569158714      51.367191893     3.1016907384       362.036990411     9.43575214985      20.1446351328       0.69989268201
  84       15.9609222555      0.973233738611     30.8906493818    1.96452456174       93.4527328447      3.9972462854      2.73957985069      0.505531122982
  85       4.85682137806       1.19124431301     18.7187282051     2.3901545692      -71.8267268709     3.19592136952     -12.5138087437      0.503035723203
  86       1898.72603736       3.46874995309     5721.39175325     8.1179075717       5362.68749185     70.0990834491      21.5057430564       1.15249229002
  87       15653.7952968        135.76132847     37355.2481158    289.682427287       42418.9245594     894.055180749      543.049583498       16.1758454229
  88       30.7250233024       1.34375042677     73.2298663994    3.01831227222       945.033042423     26.0284469741      13.2661412281       0.61036631466
  89      -11.7990509019       2.18397990061    -11.4454442077    3.52174630052       43.5388190831     14.3442353976     -11.2915207916      0.971032306329
  90      -10.5010855874       0.95323149613    -42.1641899501    1.87541015771       -64.793312328     2.64123935553      7.40206342314      0.528491356659
  91       8.47505073143       0.93892623491     24.7544822548    1.50653524923      -78.7333429015     2.38447753871      5.13060770753      0.529524932158
  92       19.6489142621      0.800089040274     125.979751034    1.22981964224       820.461336578     15.4874118087    -0.166764731102      0.313697481578
  93         20.94768592       1.49140406412     41.7575574985      2.415715563       238.657118448     9.84855005482      7.53461711104      0.368511260443
  94      -30.7442903301       0.85738705596    -36.1516958384    1.44404096131      -117.087167532     7.72711321594     -10.0463079039        1.0621864568
  95      -8.27178165316      0.681868294954    -14.9220927997    1.15209976682      -39.0598040478     5.56038450802      7.74028044123      0.464090174202
  96       18.5020262524       1.64995534163      40.301927546     3.6757857914       731.975471165     24.1615231553       6.9566711793        0.6275532674
  97      -17.0585727274      0.869326019678    -34.3148307494    1.53202470069       172.583846191     10.1678443312      4.68006745365      0.518590049606
  98       827.675842785       18.8839951956     2414.31389901    55.5748661723        5901.5010544     147.610260479      6.44865171864       0.73128175687
  99      -15.8737343485      0.769420593217    -28.0413081697    1.80540417713      -99.1545241603     3.01942672581       3.9540963938      0.463094394087
 100      -3.37122243696      0.845227690469     -9.4498463313     1.2381956643      -3.28695088557     4.93319822356      1.14600127506      0.532995897032
 101       35.1352800518       1.06376521282     120.176515835    1.67931873511       87.0376555362     1.95784198026    -0.372090105754      0.586674826969
 102      -28.2576324395      0.788443221073    -32.8066009146     1.5000452887       -61.937937098     3.35651134119    -0.635348306131      0.550999598399
 103       24.0431938899       1.55618163201     60.5175833379    3.49539047124       99.7744885265     8.93107662743       1.7746402294      0.640726843032
 104       50.5297123224       1.12814925955     119.430478972    2.50549492589       357.374855511     7.04487608849      15.3844844887      0.485429099524
 105      -9.07296402977       1.10448756247    -39.4793179109    2.20656119681       -72.865921952     2.79579144905      -8.0000427939      0.497294077943
 106       2627.76514435        16.556239795     6182.01443563    32.3912798478        6250.5006837     114.417765243      94.2914225625       2.96873056362
 107       2631.04673885       21.9080609044     6081.87706368    43.8078445915       6624.14449766     141.717501123       119.40981581       3.59813351806
 108       40.9656449485       1.04009043721     28.9826489623    1.46908192489      -74.9474461733     1.37596464502     -9.18210866972      0.341443365618
 109       337.131148961       1.34018959354     1018.42892966    4.30716106739       950.697256682       17.45174851     -2.19232584174      0.581195411672
 110       96.5606781268       1.17349812913     193.939701976    2.26241633613       168.619520366     5.53421676069     -2.25028938765      0.524289925661
 111       99.9573712965      0.950827346591     239.860390417    1.76826421519       72.0686488947     2.72365161036    -0.966587247947      0.588667060992
 112       1180.27571786       5.11586278243     4339.93208413    13.5596196596       8550.86795619     102.935407909      24.3140069957       0.83914295083
 113      -2.86472519315      0.897177624821    -32.0357611967      1.636786143      -70.0185765085     6.12328916386       4.1084229454      0.494235199083
 114       804.183822615        3.1625358208     1717.02303633    4.21327501277        1297.9608696     20.1395628887      26.2728959433       0.98445806985
 115       137.427297494      0.996136105277     269.502586115    1.95749018314       270.829592849     13.7393646688      14.2581753876      0.717595500546
 116      -10.4295138416      0.908334802696     -5.9338890401    1.47271676911      -64.7949164443     2.87206663726     -3.98638453158      0.527777551013
 117      -3.36892471192      0.711126504986     1.40790820918    1.50595457644      -16.6107756154     2.49822410521     -8.01203331808      0.578151243276
 118       19.2047584821      0.839117352689     15.8504166961    1.30806646267       -17.482646313     3.09681034854      10.8942759602      0.613162779362
 119       702.735261398       8.27613362769     1502.92339019    16.3481422064        1700.0609623     32.6854640939      26.7822104496       1.30322656622
 120      -0.66093107195       2.58442774589     57.3924072622    5.65774366501       41.0308161536     11.7323673042     -1.98918394991      0.904370511277
 121        37.866849524       1.32163865258      241.28209798    2.46401525918       407.383255159     7.16221109102     -27.5693257117      0.543247312799
 122      -4.68321630801      0.995217894863     69.8403139622     1.4394194008        226.41333505     5.30840547515     -2.46750748865      0.515098244424
 123       33.6480271091      0.931178538492     22.0738605703    2.67771775164       67.5134358821     6.77540570028      -18.663220439      0.510944640562
 124       441.371989572       2.15660178956     1036.32199463     4.8731575926       897.951150568     12.3645520777     -6.77327677236      0.708665662747
 125       84.2990694693       1.72773056238      191.17169701     3.5966182922       125.883008391     2.77665597106      -0.3686356941       0.56443889839
 126       67.2486358861      0.786067138465     126.258724699    1.35861455813       66.5562810665     2.66820830783      17.1558890423      0.590006329191
 127      -4.13310963383       1.47636959391     40.2132292028    3.07223870173      -60.7975235857     3.35933006032      5.53424471329      0.636951982576
 128      -14.9543281541      0.920504909691    -23.2713148767    1.62127724977      -49.3398501224     3.75047290528     -5.70826279814      0.589955449911
 129      -12.2073395643       1.38036538863    -19.1905257202    2.82995288762      -177.029029313     2.72872747443     -5.79239447171      0.498826085439
 130       270.713033836       2.64968378092     617.163100678    5.15808701392       530.676018635     10.8486547177      -3.5764635474      0.752374111343
 131       60.1314596003       1.73567732291     70.4575236926    1.76595623802       36.8431887945     2.47258218107       13.735965668       0.80390351358
 132       11.6236383089      0.997542951408     109.959687051    1.58684416235       246.922531507     8.84909755923     -4.15602044111      0.711222045024
 133      -21.9531117647      0.998387684489    -3.60263426786    2.14591902561      -178.053426429     3.78086519186     -3.57735504095      0.650812514738
 134       273.746154847        1.2368085514     638.873936047    2.47104055022       340.278051535     7.13647210735      1.34890305835      0.646063670827
 135      -1.33155409337       2.20182023467     3.67891554922    2.14050348895       6.65124521464     4.94021380737     -4.23807324712      0.935943102601
 136       113.948120036       2.75488039988     93.5718885115    2.98310740655       203.529739234     6.62201098045      30.4246492608       1.13696560928
 137       96.9262026596       2.51486993009     88.2669390925    3.37554778441       200.325027706     6.99668425723      34.4420008807       1.11474503335
 138       93.6601511153       3.65804258241     115.609802555    5.27620028085       302.051034256     9.54105252004       43.029067275       1.31616477049
 139       51.1783427314       2.46862046025     142.057203769    4.10182066912       120.753430722     4.44445484104     -9.95257908056       0.54735361538
 140       17.2872125568       2.55615717166      37.535331851    4.70756920718      -71.8652267496     4.94622105505     -6.17954412893      0.521747619052
 141      -4.84994451403      0.914927019752     47.8642206139    1.42669713178       205.925028097     3.85617217974     -4.61877942336      0.463750931405
 142      -357.703013836        67.991563131    -867.330146849    165.938473224       595.572715702     154.604823924       8.0683593093       2.22829524399
 143       41.2028579858       1.71847142185     154.451770924      2.040530327       203.314663444     4.12415625314     -8.05427561974      0.732558927959
 144       166.105339528        5.8643020771     161.930839864    6.84187783523       295.729160365     12.2597089574      42.1129024429       1.83615719338
 145       45.3380389246       1.87704895793     8.91426483699     2.1375887355       52.2312378096     7.28320512135      2.48420630664      0.897846406969
 146      -12.0476881318      0.608045464134     10.4405861644    1.15164986963       23.8280839398     2.00071957649     -4.34257920442      0.415077271372
 147      -3.27512261748       1.12941507638     10.0916750397    2.60392509809      -97.1701187682     3.29640288802     -12.6757679178      0.660491914965
 148       442.400381807       10.0519663858     942.612966524    19.9785953102       1372.86697468     40.4122366926      20.2772986987       1.10445311084
 149       -8.5739959403      0.752836438143     -7.6215007418    1.44626733341     -0.422442927438      2.4195403107     -12.8110716488      0.606507892047
 150       57.1100023746       1.18878833801     98.0930455571    2.63113086113       67.9083557297     3.21095982399      3.90965116068      0.709926118733
 151      -7.45146105004         0.871210832    -1.84039216161    1.61128073601      -73.2696295995     2.23314966728     -26.6531099458      0.604707188974
 152       19.2763188502      0.811933822092     41.0846282064    1.15512458674      -1.75843661588     2.82857596083     -8.35874812824      0.648204949338
 153       -10.622587286       1.37412542818    -15.2280754862    2.62603918055      -116.906902859     2.70398284492    -0.337134989162      0.525241235581
 154        -5.721573386       1.37721509389    -3.68620375167    3.13245909481      -119.723154871     3.81852648396      -8.0661247967      0.594204840835
 155      0.595093358541       1.89523618403   -0.207629584923    3.80013286321      -60.6148337355     2.50086814033     -3.67290490602      0.492940143797
 156       59.1800437502       1.74276984464     77.6978457984    3.69951797824       13.0929317537     3.19707415754      3.20928275724      0.626918847391
 157       32.7429652789       2.18570121711     78.6772007775    4.06005903449      -26.5043567596     2.55831396886      7.24511376675      0.563164197736
 158      -18.4573415477       1.58538114025    -1.78723869286    3.22774009446       -116.99988865     3.55854018683      3.06699483951      0.668256379225
 159        40.524985802       1.19887967992     49.8871259034     2.0946119238      -64.8194739423     2.63781338905      5.51479869126      0.763345868358
 160       91.4676103047       1.47065619307     353.771599886    2.83396740804       344.268746263     5.07203767597     -2.50229781101      0.775223085078
 161       65.7589849445       1.15032242005     161.364827736    2.20239472311       121.943879416     5.04783975609    -0.979596319952      0.562577252453
 162      -37.6173481825       1.88556035006    -32.0154954578    3.60142900483      -24.5437351223     5.27147998995      1.43271091488        0.6468476712
 163      -23.6044429961       1.57832356615    -12.2429937791    3.22452177458      -129.557813313     3.67783065242      -7.8212952092      0.520078935886
 164       1773.37360215       6.54054293465     4850.41367214    13.6219943868        4158.1847017     79.8083500864      22.1539536198       1.20380732908
 165       17349.6323476       198.118942876     41715.4938284    480.343056019       53957.8884185      1239.7377451      632.413668579       19.7725453579
 166       13.3737231567        1.2024595676     25.2135063811    1.96809422186      -53.5490892307     2.57878319463     -6.29612329615       0.51106869701
 167      -7.29100477311       1.24087281817    0.441850009602    1.99254661321      -139.455985649     2.79499925538     -3.62046146963      0.582971914739
 168       20.3213574522        2.1389305044    -9.34804347726    6.53090874045      -83.0880902554      8.0061653239       2.9726409749      0.554907595514
 169       1697.43215014       10.6694231585     3482.82397764    14.0200523315       2458.19026824     35.5340838113      52.1851771145       1.37018137451
 170       431.391595652       11.0614047987     567.123716592    13.4810718118       196.052965444     13.4102138767      24.0791394396       1.27786343867
 171      -13.3587000487       1.64900390031     -1.1700672032    2.99939375482      -89.6813455827     2.80663562744      5.26431765525      0.532440433367
 172       3.71787609145      0.767633297713     28.5298034434    2.36331876154       248.475623754     7.38206689855     -2.54563364774      0.477659462826
 173       3.51848091849      0.964856307591     121.797807652    2.16022059497       486.718127555     12.0953746747     -1.06691379236      0.512675398163
 174      -20.6579113823       1.05303340661    -23.4704009098    2.64033822234       196.012037182      13.535281203     -1.35492831412       0.49658504921
 175       1233.01173678       13.3945114875     2793.55583558    27.1166051842       3197.74444611      71.824687017      56.4104592286       1.47421220441
 176      -12.7430978423       1.59419532599      14.437695132    1.96412558547      -123.910018226     1.96211313355     -19.8224884739      0.628060849598
 177       134.745779834       2.15534443035     218.931798312    3.72614764509       188.694774037     5.02935299113      10.9620909493      0.665266122678
 178       32.1036311943       1.08718503448     71.2526474996    1.78102137228       82.9981593393     3.05424536965      12.9597566249       0.81214596445
 179      -8.49345494426      0.886994521642    -6.02730808372     1.6063651938      -68.0977472281     4.74239917648     -2.44485141578      0.518972996109
 180        5.6837156543       1.38094264668       19.58212928    2.40755403249      -82.4637117444     3.04459211364      6.75566528421      0.546761079279
 181       7294.06999285       24.8775781789     18505.9506258    52.8931284218       17928.5774152     262.320708423      172.025617427       4.15303108851
 182      -19.6729979555      0.925684176604    -26.8206802336    1.34138744475      -58.3102139719     2.92784687111      2.14063458798      0.662088238734
 183       28.7713487347      0.880443796154    -9.71044537413    1.40557241831      -97.0250298479     2.50501228916      3.16790544511       0.50317616956
 184       1268.97361286       3.45154117189     2429.15695298    5.72681248504       1637.21141534     25.6736616208      23.6437494613       1.34207528551
 185        362.83107055       39.7630168126     544.475534227    111.661659699       3129.18395948     142.331876512      36.9669702196       2.28577506848
 186       9.99023061732       1.97441948547     25.2702990987    4.06825826279       -4.4009940964     3.64251139225     -18.0493763455      0.599710899976
 187       406.371542904       1.93921659175     738.567724557    3.05750702867       532.226038399     8.36657468609      18.9737347567      0.605081618552
 188       9.58502245766       1.47988036704    -22.1863550615    1.44543530916      -10.1642099829     3.74376616025      6.70235476133      0.575185434112
 189       102873.412813       200.598947373     196281.168544     293.75332395       133054.536753     1673.60668979      2583.58054071       51.3808160878
 190      -0.50381808133       2.49149024793    -25.8082727313    2.17785631582       29.6438346487     5.01921308434     -2.72270881268       1.18804857284
 191       67.1027238429       1.88821813963     17.9544296227    1.79680477244       99.9487585832     3.41710234686      12.7612546908       0.91291103427
 192       11.5197421833       1.10242760095    -8.75294685599    1.52604761514       288.259539174     9.64941133931      50.9419632471       1.06109933526
 193       3.29725271743       1.23330143126    -25.2707537128    1.78025779557       422.403180787      11.358950371      42.5300366627       1.03765935264
 194       776.156206763        21.944475991     1756.26621021    40.0005592307       1790.34342027     98.3148485361      81.0931483184       3.14874116925
 195       8870.04732097       15.8924149198     21553.3524031    29.7524179718       17038.1994956     190.487571912      128.279328896       2.87937520902
 196      -1.16668615979        2.3697939792    -10.3482053637    4.54292663846      -132.306299885     2.70367479064     -12.3650615995      0.599096111583
 197       13701.2701803       133.000577479     33482.0015017    286.294489374       40403.3279788       878.1248958      527.543520828       16.5607592262
 198       11.5866118077       1.08422608682    -6.68750295857    1.57261232168       467.795357785     12.5545698423      28.3241151564       1.27035026879
 199       46.5714793594      0.893971647738     103.010435851    1.51140554897       74.9292948635     3.05312180832      -6.4027254399      0.600035414625
 200       44.0917022162      0.809108796741     118.388940009    1.40474622464       58.9197207857     5.68283179035     -7.32914929588       0.65268541074
 201       21.2122284777       1.01761374192     54.8868836051    1.87734709178       28.8168872674     1.94771811493    -0.731723944445      0.653378776794
 202       122.960729057       1.10991724932     145.704338437    1.34083598353       122.772903815     2.16842714732      14.8083940305       0.89917796239
 203       23.6607300959      0.996996405159     49.9522277482    1.39638039981       93.0515655888     2.66722939359     -7.73709276864      0.643957736049
 204       62.7205854966       0.76787450108     212.932072277    1.16170943568       623.904319503     9.16077728025      18.9709030625      0.804827800172
 205       86.1425049449      0.812646974292     97.0468535766    1.19542593441       13.9034195744     2.54833935469       18.542746798      0.685182776738
 206       376.119102921       4.03207931927     791.770005876    7.75850929589       786.454949828     26.0468514714      16.2527965824       1.06556633833
 207    -0.0885028358449       1.22770030116    -12.8783956026    1.80825437076      -83.2860350753      3.8800735783       9.9874479744      0.549241029687
 208      -763.375426613       45.8870745993    -1630.50999881    99.2203414507      -103.134768079     25.9940334148     -52.1846477152       3.00740993597
 209        29.697198112       1.66745944542     72.0751053415    3.93547776632       16.7336075943     6.03341298706      8.37082602159      0.687398705308
 210       -17.231887742      0.725620642455    -18.0230733049    1.33528560135      -100.430212302     4.25489135494     -11.7792797193      0.600431381811
 211       34.2149391734      0.861472395031     104.866192963    1.76713253235      -97.8304087153     2.62978463869     -4.09038063163      0.631632344305
 212       699.549781971       2.92706458195     2300.59101277    6.48485872009       3463.14309963     39.8155197402      11.3679644955      0.650752286916
 213      -33.9721136996       1.10432472128    -24.0230899134    2.07336272936       -107.31731409     3.35746133851      13.8126952144      0.577874703479
 214       -29.612310373      0.831932233557    -26.5986488134    1.53233953814       -49.959337342     3.27171151065     -15.0240968302      0.552933895434
 215       90.6365129391      0.905280144984     206.494994356    1.49762719125       -9.7814340179     3.30953082252      5.83396830716      0.645312335898
 216      -5.92535471946        1.7312859715    -2.62216738969    3.54736902871       -20.265450931     3.93652126066     -7.33464131138      0.580985723315
 217       18.3472610534      0.931680026283     53.0174714992    1.43449406847      -65.2746894955     2.33688139796      6.70185441819      0.646415755218
 218       92.2032205308       1.96310087776     176.287927719    2.96559601494       378.064444539     8.33802551433      25.1403970138      0.786695738795
 219       272.787220399      0.968008067007      341.38283806     1.4288447407       194.105927475      2.6070358089      14.4562281805       0.75415698887
 220      -28.1286561672      0.705089390631    -21.9873359819    1.29161015893      -139.481620359     4.28108385456     0.936099968881      0.572813702117
 221       27032.2877957       66.5933434421     44256.2417184    86.5054212571        33134.045599     433.802384186      1397.23841411        28.742769319
 222       156.831487579       1.15483932167     559.099125976    2.39158817176       629.711539085     9.88373647597     -20.3873759144      0.605557070436
 223       156.812849326       1.04990860768     220.702566075    1.39489934711       232.234947597     5.30577770192      20.3127672868      0.835199409321
 224       10.5845272999      0.693500081609    -29.4241776369    1.59161704167       402.365704286     11.0605657593      96.6629678352       2.62644777075
 225       129.555160595       1.16083943759     273.866272092    2.22588456988       309.595952436      8.5106593571     -5.55953303039      0.719871854473
 226       466.359449763       2.84918520498     799.364827799    4.24785448981       800.361466084     11.8742192354      46.0804646451       1.57963669237
 227       26.0278814338       1.11147191493     154.783220537     1.9255664514       394.481958692     7.01468036582     -3.34445348537      0.632641900787
 228       22.2902539735       2.01142916385       52.44060264    3.89216163198       204.795789421     8.12982769082      -6.1191684441      0.491037429173
 229       196.370464539       1.35445075449     610.282181478    2.98270567842       592.953282454     11.4671494807     -4.80807474584      0.411483784907
 230      -13.5254014764      0.779256942356    -43.9774035243    1.29997502135       244.358435312     10.2984322091       69.958866918       2.31373597001
 231       1695.23315553       17.8717830077     3695.32243651    36.1917474091       4355.42037537     95.4733183343      91.7522950582       2.39343196424
 232       6691.83054167       64.3103414194     16169.1703638    138.240085949       18831.4984051     409.407583198      299.275717822       8.73648164506
 233        11060.376542       33.4369945779     19598.0564973    57.8902127894       13983.5417307     262.777709357      473.460497863       10.7636327628
 234       25.9699164393       1.00453526391     88.9898721598    2.43036055091      -12.3450831273     14.0348111383     -2.61662896325      0.563829482054
 235       31.9943307638      0.819719091052     22.9330150802     1.3660457751       13.7160358543      2.9427160285     -4.66057447573       0.65216112612
 236       70.9953488829      0.996468073521     95.8906077013    1.34523884726       104.462831245       4.224254492     -1.13221535046      0.913266445153
 237      -3.56354119087      0.866221036227     2.06062166798      1.512231865      -93.7206416662     2.60270675088     -15.5296185659      0.576707658896
 238       73.2546008319       1.66520719997     143.658369989     2.8076931444       133.653437845     7.20132552547     -1.25175347757      0.679744681782
 239       23.5708519512       1.08872086446     48.3955852434     2.2912366502       21.7820468678     4.70082543207      7.99314164375      0.695673505861
 240        100.85684676      0.876236549706     504.693518451     2.5716697694        1279.7837525     17.1631571266      7.06290592936        0.4744712618
 241       290.088989217      0.789337504151     664.410225369    1.38088431601       576.489596019     6.77080191045     -6.28194370037      0.540322337444
 242       27.1225208015      0.992334579823       37.10101791    1.38177700179      -22.2028576786     2.86157736088      22.5081623761      0.710122068566
 243      -19.5879347562      0.802520020802      -23.47475183    1.30796378199      -120.501559246     2.32218783985      5.67534576499      0.540832634901
 244       145.140143114       2.71093889798      232.45854802    4.92150207647       669.219339179     23.8024193423      48.2813342949       1.62224149587
 245       178.374312026       2.12006822136     393.893917993    4.08118916654       419.763036155     10.4958072061       26.587144958      0.626626659312
 246       86.5201245933       3.57039008659     199.344584921    7.34961466705       625.375481619     18.1524167618      17.1465571218      0.756614730669
 247       717.865862563       4.33907212302     1206.83129946    7.72418054772        950.78500368     17.8167700581      45.7530357377       1.29757354488
 248       112.524989851       1.33323721954     253.205446167    2.26078231414       177.739263556     2.91753213129     -2.96062984944        0.7016920808
 249       453.645255978       1.77045210037     1692.56068106    5.27944970835       2362.01492342       35.51743794      29.1623905528      0.517610729366
 250       93904.1400838       222.403166086     186753.652972    453.473977212       132706.117998     2036.07041414      3200.48643044       55.7055281776
 251      -36.3527950785       1.63890252977    -73.3639112829     3.5718367822      -92.2730520998     12.1100553727     -5.34470109507      0.397063643185
 252       82.9579386306       1.70251626577     332.535508542    3.29097846535       625.989316868     11.6831025187      16.2917019885      0.599938601832
 253       4.74751424133       1.24423338553     13.1465979337    1.73164926045      -26.6408958752     3.44377840231     -10.3364995545      0.370869370011
 254       64.6452930547       3.50017110721      165.23773422    9.31828828966       428.394399083     18.5120617941     -6.16567980449      0.911912486234
 255       67.4913391154       2.49756000491      67.866240412    4.10609719699       132.393355545     8.10531693218      12.4952608185      0.581361736746
 256       60.7231085341      0.988168198091     221.429083867    1.66937223496       591.508455941     9.71945070124      23.1914335615      0.865681307728
 257       62.5431364675       3.45562734688     81.0043899568    5.36390195503       137.387075325     9.24101316385      10.3229969027      0.853539132512
 258       360.047881487       1.59224869067     1061.87494978    3.03439170603       751.026815255     10.1906448126      1.10588540254      0.623987848321
 259      -12.4714328346       6.07732356699    -30.9286422215    18.0270139286       -25.759228775     14.1926345549     -4.18612090741      0.647392102199
 260       1.28348298103      0.718247042256     53.1338506779    1.34237108325       288.488208036     8.36162988796      2.51924873539      0.774626594567
 261       54.9799112157         1.223897524     75.0111579416    1.69027339834       1792.11431474     31.5584608675      36.4429262667       1.62334436557
 262       1.45125893612      0.946426861903      13.713266724    3.18198457827       -93.225937668     4.10232525559      7.28837589662      0.536197526389
 263       29.8518164026      0.828499071949     56.1451889149    1.38088449857      -21.8203013007     3.96316054516      8.76279456831      0.761133382346
 264        2.7724322721      0.750279676566    -17.7303384023    1.31384065705       167.351338612      7.5865070591      6.88746895898      0.735691783681
 265       97.8702790133      0.904976656487     200.854993723    1.60716120976       68.9430190853     3.14230056492      11.6981446711      0.604199407759
 266        30.430750251      0.912155132985     36.3316788149      1.212013834      -11.5637592319     3.27704798725     -3.21340408496      0.692954857315
 267        2.3963555985      0.899032367201    -12.0174506573    1.74756825314      -65.6705390835      28.627634653      2.94628698403      0.577317291612
 268       42.0429216516      0.849676887348     36.9814381178    1.39534925469      -88.6584040873     5.63726605427     -3.12453108037      0.733146049397
 269       36.9313894995       1.94927809983     28.2886431118    2.86352867688      -26.6263343469     2.41573018863     -3.47119122321      0.742355653723
 270      -15.5324545184       0.69780840458    -33.0330502875    1.17313513359       200.405731482     8.16172690031      13.1853842582        1.1688381013
 271       835.607710569       2.71558310171     2168.82219205    5.01813183494       1844.79911316     24.1010505386      5.92129394288      0.693537786052
 272       13.4428701673       5.55532736105    -51.6004416888    17.9424228099       32.5217733889     80.1615625238      -1.6112363844      0.743536258288
 273      -22.8993650823      0.614912212637     -19.999066306    1.42665009985       1082.08400845     18.2687766654       1.1518816597      0.702320518645
 274      -25.5891080527      0.900555079335    -29.6111434465    1.62320174828       770.703023848     19.2905257106         6.94598058      0.604898772692
 275       7.55100997989       0.80573264685    -13.0376069149    1.70741577659       5.07165893781     3.08120805726     -12.2422023287      0.706532435958
 276       17.2405236924       0.82893447116     9.70130810161    1.42346256794      -15.2679085026     2.49014179135      8.36724997485      0.649351039863
 277      0.397807884953       1.64219052602     5.07133521859    3.24697305414       403.582861923     18.5179821561      3.15664905669      0.777578026248
 278       93.1560366265       1.09496516779     247.286520075    1.72834155883       137.993950668     2.83618727736      17.7034824662      0.722120117958
 279      -15.5994154189      0.682894282921    -33.3327526629   0.850887479098       596.029397664     11.0645461274      12.1886932497      0.630458400524
 280      -22.7916133952      0.751321561987    -53.2351505396    1.31484427573       270.678717208     11.9859391825      16.2258755949      0.752343695889
 281       9.62743908152      0.708933385297     17.4217957181    1.40450767048      -24.1710034205     3.03884745275     -8.23281831336       0.64035403746
 282      -21.3678974094       1.47129359653    -39.4894336253    2.30188734617      -74.2915001717     3.33756830488     -2.99906472274      0.591238550991
 283        10.879508659       1.04025132311    -15.4460041586    1.30688557235      -99.0732871149      2.8229290365      3.74013963264      0.487225326483
 284       225.305616686       2.73124253435     721.653991552     7.1534113243       799.664045048     16.4596544616      15.1382780676      0.917205261446
 285      -16.6065842814      0.794314029507    -18.3928333194    1.59516249316      -69.1860506071     2.16721147012      7.11465912567      0.499788828806
 286       77.5946183377       1.07510079182     123.169482421    1.56790426369       2.42775730211     4.14082521216    0.0159032827439      0.720423557892
 287      0.166283200246      0.767753062904     10.2979568309      1.242858734       -78.941924017     4.89275012351     -7.27694561137      0.564111172374
 288      -2.90647629915       0.78428609371    -13.1832353914     1.4479532884      -47.3626122015     3.15968571082      10.0882477083      0.567852939112
 289       -7.5351844939       1.09589887697    -20.3771044175    1.96317112271      -38.8211847406     2.05893446171     -13.6171682264      0.586432378006
 290       85.1272225714      0.940024486937     173.796836615    1.54130903205       201.742613881     4.29847252472      13.8884944931      0.656610182889
 291      -0.12807999398        1.0570429228    -18.9091282842    1.81845618173       -88.327274171     2.07251688386     -6.67635423818      0.657064411917
 292       7.24940772277      0.909956610371     67.0467989093    1.70327560501       169.902832379     3.15100458173      4.19346481396      0.604728054939
 293       53.5717767807      0.678968903609       227.7009811    1.25731467204       608.884583471     11.6091742467        29.62075301      0.920093507306
 294      -5.94544834167      0.788514356225     7.73718856509    1.29193810948      -101.906358473     3.92253158534      13.1893916336      0.612477722202
 295      -16.9785398396      0.756273321125    -47.7826291873    1.29314094629       335.861272039     10.8832751105      27.1088198891       1.13996616058
 296       341.754864455      0.940041629772     1273.37428574     2.3225951006       2474.38144179     30.2693285557     -2.49355641392      0.713093310215
 297      0.720368498237      0.753163011763    -5.12523517119    1.28435742651       -41.851054709       1.882416262     -9.13183984642      0.605063813752
 298       68.5669366972      0.841543725006     90.4548464381    1.22636390205      -48.3125703305     1.76356086187      20.0609020676      0.592245619475
 299      -1.53239748993       1.17821041055    -8.42004408748    1.83230984827       -72.073851013     2.59034057257     -6.17478749771      0.524982249547
 300       41.8611895742       1.25399814489     42.9376950359    1.69500741683       61.7319235535     2.79386572542    0.0927398908644      0.406305804195
 301       11.4825335941       1.62238156413     14.0039756938     2.3222097826      -32.1355346813     3.01891020114    -0.579045618516      0.571767101858
 302       1.59807678606       1.06119786918    -2.53163215933    1.71310315868      -71.1636060744     1.93457048227     -21.2034855293      0.593353555393
 303       6.52723300862      0.643854365625     2.69927586751    0.85711216277       144.793037576     3.57895046015     0.637478447953      0.298102817946
 304       28.3410114172       0.93016098084      26.902097138    1.41330793217       17.8357041479     2.97525099984      5.80708342692      0.677997460715
 305      -19.6775360823       1.08234043717    -32.1698971439    1.74253182811       129.388919239     6.33672190941     -9.47261687855       0.40324107751
 306      -16.7904084523      0.852169581886    -30.4518888217    1.71516352865       50.6094546692     5.54627977375     -5.58655101313      0.476744399997
 307      -3.99682549809      0.991922056989    -9.35807067972    1.90309203314       198.572466465     6.59599010198      7.94545171783      0.410772361102
 308      -3.77158143077       1.05272042152    -1.08756260975    1.88571184202       167.470728973     6.63634554243     -4.09580562116      0.469496290864
 309       2.21802722657       1.06385972179     4.25408647833    1.81156514942       147.533291774     6.68782501796     0.544637511294      0.492553842774