# id F89 E89 F90 E90 F159 E159 F156 E156
   1      139.596523551     2.44883341863        384.238634104     6.18109026149       775.500715579     17.418602665      27.8746406336         0.955086340795
   2      449.365214735     1.41766914727         738.79937459     2.27200046293       673.679833033    9.11320922736      48.3975310806         0.851611190608
   3      38.7790507529     1.16191662731        143.375902343     2.12727896775       181.663994287    3.90334460083      5.38429969711         0.914439493436
   4      50.4755210719     1.21794124405         71.398644849     2.06249224403         68.72873022    4.48196137058       5.3394509374         0.839109367076
   5      11.8866837444    0.814319747781        41.4484355251     1.56886215201       110.538502411    3.58708597336     -3.33827431594         0.603506364005
   6      1091.93576954     12.3654015124        2416.80909061     26.3016875883       4587.90532476    73.6584599209      93.0682867696          1.69805087478
   7      22.9165499276    0.992551286492        61.9959880525     1.65863546767       134.123503918    5.06365778114      7.05759397492         0.562389605904
   8       70.937296171    0.705959087953        147.955248607     1.69130179045       195.122456428    3.04975534641      3.07269527631         0.596811949901
   9      14.1165791843    0.873005914392        46.9351741917     1.54059954741       51.4566983243    2.24307199729      1.04003787756         0.627583412417
  10      15.0706115046    0.962836748131        30.4454906317     1.90267431538       35.2194638842    4.19640769832     0.788493534526         0.601495405501
  11      41.2241362084    0.634980714893        59.7066166681     1.52609911798      -11.3260100745    2.45654128659      1.43165260422         0.573377455972
  12      37.9391589763    0.906561752013        63.8210882701     1.63096285088       138.059964535    3.47815686381      3.82920823949         0.572632532105
  13      338.436808004     2.83091582863        912.788747341     5.33823884048       1281.24188902    15.4988242211      49.6015905961          1.16299978432
  14      54.6540045144      1.5991149543        99.4668661058     3.46687125962       179.467859139    10.5179530319      14.5401999732         0.848145013915
  15      183.489719184    0.987491360753        404.541433766     1.69671908769       543.374531425    5.20583116959      40.6234492103         0.839026910316
  16      194.631177852     1.26656754553        674.961706306     2.96807356371       1060.83441962     12.886221835      13.8611649011          0.68685759442
  17      83.2460384277     1.46619273922        168.278734853     3.67915082044       159.801433613    13.0733169618      26.8302316015          0.77648772515
  18      219.128950765     1.61718310809        1067.22562455      5.6001026179        1962.4592492     29.074540645     -2.03521100928          0.74322665659
  19      90.6738852076    0.871600555232        156.549196931     1.99339548703       144.051694018    3.54743926228     -7.89682100503         0.722892761474
  20       42.323907955     1.54100070056        97.0747381397     3.20543782107       178.287379038    9.63240444737      -0.2257485162         0.971629362778
  21      94.4165187926    0.875520370963        184.660762079     1.65234973217       215.509408685    3.35358282851      15.8316301279         0.627128060907
  22      89.6245611569    0.884928886546        157.116527753      1.6556234302        203.77851303    4.01192741226      28.0329388164         0.736884711556
  23      18.8838990909    0.814123504238        75.5842251182     1.86177571414       168.246186968    5.88183311302      17.2989416336         0.816937908525
  24      68.2459746399     1.10711446841        200.283948461     2.37443875852       327.788046827    7.26131924475      9.24268543352          0.68944181888
  25       137.85835503    0.878493637062        236.630588324     1.80965293752       158.233580163    3.21759238096      19.9309743498         0.727847117439
  26      15.4823243716     1.31972914508        81.4361797694     2.39191636625       199.716840977    6.16605313867      4.89444415027          0.58920035282
  27      5.71774175606     0.64396128119        53.1678609795     1.43053629246       156.412344634    3.50569197053       2.4292197374          0.57804698768
  28      28.3703963694      1.6963181947        69.7778067666     3.47664591178       290.838371075    9.91967693826      8.18360263386         0.715237308636
  29      28.2324496276     1.23752340074         48.437488265     2.89168817301       174.622658132    8.56049970046      1.18732916689         0.786785933394
  30       42.140568142     1.77635284149        70.7127447971     4.12105735154       287.422513264    12.4941202463      17.9858188739         0.672749286096
  31      33.0018201392     1.84788413864        93.0644564258     3.92915018394       203.744673236    11.9491043133      5.72716672368         0.809424671627
  32      69.9965353736    0.944246932911        79.3909239166     1.50033112577       170.596211128    3.26924879298      7.65018288829          0.63339407605
  33      131.033939181    0.915679586237        198.070376674     1.56584744129       169.069388632    3.20361913485     -8.03411274861         0.709899560924
  34      407.825045244     3.82696754749        883.691065272     6.93863322651       1247.52088721    22.1924121455      37.0622541474          1.19823089014
  35      40.5813279138     1.75862095919        69.0827858121     4.01181358149       264.017761645    12.3799004349     -7.59616362319         0.680537095007
  36      17.5392249397     1.14981552503        81.7950447261     2.07071032399       158.317630186    6.48175798916      8.10704507695         0.576067016048
  37      32.8447625223    0.883376171694        65.2885113307     1.65600885357       86.5909713666    3.09660482769     -6.26886350308         0.668319447659
  38      56.5616126944    0.998774254617        143.634236143     1.81111639453       250.331865966    4.76656953978      24.0565673772         0.697250289827
  39      75.0478430495    0.875515163164        91.3207595787     1.98633816982       172.639171478     5.9592219036      3.79921512889         0.760175684357
  40      130.570040741     2.20497399781        271.892148423     3.91417564153       340.298966791     7.7223918281      16.0379361661         0.596507796044
  41      14.2832686093     1.10471250704         68.556290838     2.09144108565       142.417174632    6.09406539605    -0.654622899312         0.670649316011
  42      55.1554118404     0.95612282579        76.1128902128     1.72511319268       126.965231893    3.54213088065      13.3660022867         0.523508680792
  43      28.8738602415     1.17950265341        61.4345122965     2.00384896967       160.110588328    6.00152945907      15.9994116699         0.589962636888
  44       16.151181594     1.03157597907        63.4622387253     2.09021671471       135.468162966    6.40681890325     -1.04900665809         0.482895029922
  45      49.7907434482    0.926904856192        52.4323245076     1.66312065539      -12.6461057776     3.3234402268         35.2335043         0.643605001572
  46      66.2182732191    0.799740642093        159.868640801     1.48079591361       150.090587503    2.78123914626      33.3677930434          0.64190076337
  47      286.789294612     1.49841950782        452.009945392     2.58965188789       529.109342676    10.1163692965      66.5855326691          1.08639363724
  48      35.7913516167     2.15709550111        97.3167813405     4.44198970373       276.543895819     14.669159519     -6.59429415925         0.810732990414
  49      107.413544354     1.40330094816        246.881694204     3.05421970025       522.185079286    11.5050432036      28.8370757345         0.881529326688
  50      50.3671576864    0.888623130402        86.7444095061     1.91203445728           80.984466    3.07109113526      10.6637919341         0.707556645595
  51      738.065745556     1.68034191078        1582.62002258     2.86421611969        1596.2807026    14.5438142231      51.5562017474         0.755727561825
  52      68.0983509101     1.38002472613        178.711362583     2.84074707837       244.577848101    9.23096023779      12.0744214552         0.754153741617
  53      21.4374843772     1.23050215655        63.2285216675     2.66680814265       182.817004198    8.64652895139      1.61052848553         0.471061432276
  54      316.365017939     1.33470564042        494.998286168     2.05470941153       825.346821347     9.8389128448       81.089665853          1.07209165217
  55      21.0527958649    0.826478363479        53.2729596469     1.59524757045       185.563367245    5.03071163777    -0.350871556409         0.354829852345
  56      53.8313001572     1.34209960805        59.6879760397     2.07434199468     -0.760928962973    3.97832156496      25.8019950777         0.677428571281
  57       62.427810784    0.987250722714        104.978694861     1.50067641997       105.216860943    3.11397351249      8.62015235648         0.728213543049
  58      24.7652718891     1.52902458971        94.1970285755     3.29689658753        168.70171364    11.8751988936       8.3730217013         0.577821816122
  59      60.4815010726     1.46535114449        109.646025246     3.32408725177       270.618817845    11.1073419824      16.6657198173         0.679006056071
  60      73.8813896079     1.75179655584        236.006392383     4.52595171716       734.137156124    16.8828930164      16.6122692358         0.639363102298
  61      25.8954247538     1.40424623826        112.483524174     3.29101594639       244.370264946    11.1340340118      7.73889075896         0.558834170654
  62      45.5486682945      1.8418662746         118.18655696     4.54359205207       342.948672436    14.3204418448      4.95420210916         0.471990705997
  63      217.516489121    0.880742106968        311.590184829     2.04496129388       294.381641365     3.1056700424      45.5010523577         0.703290352816
  64      53.7396668623     1.44503901674        129.877671858     2.28925526977       421.996538002    6.34318347777      24.3422156355           0.7046636421
  65      62.3095025457     1.21356218323        88.6335806597     2.32841937323       204.516237964    6.86443473151      6.46417677436         0.721295066754
  66      103.945571583     1.51677773481        227.859288166     2.57127643121        393.30141587    9.21102896977      14.7755046447         0.660913616562
  67       18.215850739    0.836622145769        59.6264015019      1.6627290377         161.7680489    4.75257325781      19.7990370583         0.543035015433
  68       90.558955467     1.04439337821        158.682734083     1.68591439743       290.118535663    5.34650544759      24.4051164861         0.633348672414
  69      73.3389801284    0.937273384857        94.7599552352     1.64311154513       98.3676474345    4.49391607017      16.0356391833         0.637583772876
  70      41.7347105186     1.99228299599        101.660401006     4.27537521884       312.146580266    14.0240851056      1.71007749446         0.587135252799
  71      209.134719548     1.53553889521        459.906558632     2.63782720268       643.039008477    5.70197532065      12.5640706973         0.686382801848
  72       94.276992859    0.884885438673        492.040637207     2.63791213419       1430.19545234    18.3335670382      13.5882719662         0.666542773633
  73      94.7649572203    0.818502822903        215.174186234     1.59796805511       210.994216819      3.704600917       13.995855442         0.716358068004
  74      194.857957425     1.84420729782        234.732709302     2.00369347891       311.624228415    4.25137028684      58.0389531761          1.15297756598
  75      49.2562021153    0.885590007849        61.1350342465     1.54145941416      -87.2547213467     3.9143409808      12.1584718918         0.679788989524
  76      60.4625995131    0.858122921921        125.951020761      2.0653832211       272.422051334     3.0803270792      27.0188266209         0.708226823264
  77      203.766087592     2.67632876832        402.926576413      5.5289650227       998.554741511    19.5793761069      48.7021204182         0.958355995731
  78       91.934510901    0.943155287494        484.918982222     1.89207530854       991.775252435    11.5046366048      2.65618771277         0.563417161374
  79      146.850359076    0.816162382356        179.386718478     1.61923250077       172.076382856    3.50716392487      11.9898248356         0.683065444709
  80      400.532154901      3.0981945011        912.417859875     5.62631031996       1233.39249779    15.0995642037       33.632776655          0.70106522861
  81      220.245759832     1.54242152116        473.999822672     2.94526212087       557.628889777    7.82986250943      14.6323860412         0.563229360194
  82       38.900642567     1.40740535122         90.139132222     2.64267906147       193.979486601    9.16441819558      6.09933389472         0.646626084378
  83      72.2556096648     1.28931664479        180.772875916     2.93277116068       293.093367146    7.62785875449      6.10079695791         0.568822692894
  84      18.4731154712    0.863556954509        61.9531738919     1.87292097225       6.96356327271    3.88969834765      13.3841498644           0.5529365511
  85      546.431655847      4.5819435051        1332.88652849      9.7635590685       1810.08101636     35.440673414      33.1396201206         0.785886764713
  86      10.6791922825    0.951803472024        45.0644299979     1.47237381181       69.4709550892    2.80392760192      13.3880765044         0.659768648862
  87      70.1994075828    0.923803913852        186.229675902     1.75478457562        216.24027184    3.48186252297     -5.03745305807         0.740266045291
  88      87.5758372014     1.20869748114        176.443687068     2.14590740734       259.027944764     6.0286109442      6.15533659109         0.661455002621
  89      51.5487070588    0.899326858854        129.174180658     1.47741729287       214.143701701    3.86382194861      1.56076794563         0.565481474539
  90      103.140212702     1.44902804546         237.59485052     2.71326716439        374.84324252    6.65401548572      37.7062839779         0.569638009684
  91      24.7618030202     1.61528909637        89.9870321531      3.5163005126       231.433153388       9.34210822     -16.4231239752         0.784323486885
  92      13.9489550127    0.744967418669        131.927487464     1.41203996203       269.738816511     3.3975372576     -8.91055391655         0.719923412272
  93      62.9824196179     1.71666720781        204.649356451     3.67213404439       512.918415098    12.0420173622      2.06365703947         0.746746196494
  94      27.5834043594    0.813772616969        113.046594108     1.69610106416       290.027374548    3.80305547098     -3.94469797159         0.639671327769
  95      24.3482759588     1.03517852274        64.7402294798      1.5697227762       132.663533343    3.87644655801      2.22782924875         0.781218643369
  96      33.6536713035     1.18702133474        78.6307131825     2.50716421589       156.769632013    7.84652242384      -4.9894690575         0.659076674916
  97      108.058151336     1.24717654787        695.734624333     5.29555373383       2095.36405086    32.2829835574     -13.3471232981         0.521311980924
  98      62.9736170865     1.62528253623        185.233321444     3.44847929032       437.728343878    10.9758819558      8.08430026179         0.534036457121
  99      58.3886142996      1.6169851669        128.602316153     3.78190825302       214.663690104    7.13610574625      3.90540546729         0.628069691852
 100      96.3815140086    0.976258544315        130.799041056     1.77066040492       179.551736692    2.98164223729      27.3933274975         0.852427702994
 101      121.112420817     1.85550600481        182.265079014     3.96918555237       218.102458715    8.13265686884      16.9304201532         0.710643135861
 102      28.4437213937     1.70426607625        78.0501065523     3.41436505841       96.4866839468    5.85763182048      2.89389936142         0.540969277414
 103      21.3817182063     1.41632111285        71.5750674856     3.06061788082       121.874680279    7.16077501272    -0.491725646336         0.593769983733
 104      57.6598611722     1.80079516637        136.781126607     3.76889149191       190.363505323    6.50804608134      8.32400037686         0.683374052669
 105      27.2425699762     1.94188634004        73.8721926657      4.0531830659       136.870537033    8.01955318282      6.93234563323         0.572595910004
 106      76.8367251054    0.911916860814        118.529113277     2.00782820845       109.114823168    4.74478222125      13.6668886309         0.557639949937
 107      808.966802645     4.71367464286        1783.21700763     9.06719433487       2266.59971983    28.0809373494       61.624926662          0.92802314702
 108      13.1226797772     0.91413675227        49.7517778496     1.61498946842       79.9183625997    3.38631068578      9.56962654812         0.709801273961
 109      32.2333440576    0.753345737335        62.2772800295     1.59000546588       126.299194313    2.92983743314      4.20646489294         0.657233304346
 110      35.5863796012     1.78255254029        107.636683642     3.03731405074       137.224274154    4.23920043563      7.61127051399         0.580923897453
 111      419.967036995      3.3282515423        922.419448746     6.19802909249        1296.1197064    18.3114451362      42.4686380205         0.772972316068
 112      20.8157038525    0.828967972496        49.6909749491     1.77021992647       152.725286007    5.33134000898      -4.3276659413         0.554035742477
 113      28.7455568646     1.47390390154        72.4777304599     3.54059404257       60.4144428479    8.11788989213     -1.03803772646          0.59831048985
 114      40.4508244388    0.896506996783        71.1567468583     1.65287061193       83.0167178567    4.90650472678    -0.953859558963         0.657349353559
 115      377.070864902     2.66333440683        805.173895323     4.79522633079       1081.67485085    15.4486671451       19.694038014         0.712708383921
 116      482.886712197     3.96716101191        961.859996671     7.41595887346       1335.15285468    22.2554847368      59.2642063652         0.988944950129
 117      99.9850914906     0.94268596996        385.274972323     1.70531867101       711.524283254     8.0151019277     -5.42644995343         0.646258714351
 118      95.8318322155    0.895847614669        161.488645048     1.87340952097       165.101218161    3.05940103958      16.3429100159         0.692755335796
 119      365.363305879     2.83273768048        784.045897548     5.56649339603       1190.57162547    14.3319037023      35.6792911466         0.819058060209
 120       192.90355845     11.2873983538        463.597685762      26.626788844        1626.0304895    91.5917750655       38.851496112          2.56832773405
 121      116.839674812     1.17433245413        202.528303714     2.42004956794       305.744774913    3.09995941863     -0.88260450963         0.712579408087
 122      248.545908127     2.63496237325        550.469877526     5.00281695316       701.869907695    12.7417134308      19.5104045229         0.799614913927
 123      150.027240858     1.10892677982          350.0446267     1.95052539604       431.093792906     7.1995797523      13.1351592966         0.551008022261
 124      407.258887942     9.29265755453         896.44466034     20.3275389354       4461.54577309    100.532539142      58.0589865408            1.936671453
 125      92.9836690551     1.89436770085        157.430951888     2.72995025491       253.857899955    7.73538149024      34.9042364604          0.84463210762
 126      47.3366333828    0.876194513529        95.6147429041       1.541630302       90.7814505041     2.6736755406     -7.73652320132         0.584302629375
 127       61.890375607    0.825942147447        98.7560529482     1.69254755725      -39.8211577192      2.687707542      3.87947757542         0.612317525596
 128      18.2294436065    0.557562792047        46.4346293661     1.28789119042       169.549558114    3.42880126957      21.4050624313         0.286343948601
 129      71.2974930673    0.982139655282         57.017907029     2.06930062693       44.6606192489    3.29185244564      14.8190219426         0.785552100387
 130      50.6661752422    0.974849521102        295.055995155     1.82491766598       899.484275065    9.34957550538     -2.91674342746         0.630602604732
 131      115.375672703    0.969294280158        155.791192688     1.65138459689       148.108960661    3.66461564491      32.9040132674         0.777035680499
 132      29.0505623502    0.746144727699        53.9562371765      1.5580332012        78.694434533    2.30650374011     -1.09516099387         0.711152112961
 133      36.8151159984    0.916763597013        107.096500243     1.65424331213       100.574440398    2.90952293973      4.70777029227         0.575635051061
 134      299.341750526     2.58881745124        649.628597447     5.37183719955       940.056554138    13.6282058209      45.5713938122         0.788304928383
 135       37.638295245    0.781352764474        67.0818199442     1.64886763716        21.581945276    3.02264963854      9.91254791458         0.629569426621
 136      106.745558826    0.929784802828        200.956183296     1.70747093984       342.569183467    3.27531609189       10.415068269         0.571752235953
 137      85.5735537082     1.05001361139        129.483851282     2.04593025069       187.428222255    2.52252549369     -2.02901590971         0.681608749133
 138      187.456453373    0.906896774234        384.525937237     1.77048871117       673.605428249    9.22642915221      41.4636050881         0.742545497844
 139      32.4878995863    0.931176737115         70.582582141     1.80776092276       11.8286695872    2.64941321859     -6.39360951609         0.643026981453
 140      14.9173471423     1.56002882973        56.2605289056     2.87289206048      -47.2158503615    4.34010965191     -3.83389188403          0.55221651765
 141      1240.39015072      8.0128686487        2885.68124257     16.1260984071       3991.67087569    55.0766639498      68.2746482229          1.47244303751
 142      3601.56313647     29.7598541304        8832.64415684     62.9454503845       12416.6945383    202.639847951      248.386294052          3.62413569377
 143      75.7647489959     1.07805551955        244.621608925     1.99820368438       637.576450183    10.8435091479      20.9905208712         0.615559570079
 144       63.613344188    0.780967058901        79.1719809509     1.69496939171         46.03424924    4.01126561851      17.7899059473         0.614481639647
 145      19.2876830478    0.875911436419        63.2615793023     1.70022707348       -6.8567035619    3.90235566988       12.803673935         0.650283318057
 146      87.4866190678     1.09068927961        137.641247464     1.70879630901       92.0588635796    3.02349114926       10.062016254         0.562402609677
 147      275.200975041      3.4927706664         590.71498346     7.45969069015       917.730416983    18.0137327416      32.8877346223         0.746789033511
 148      23.9816448367    0.837828938799         238.64200462     1.52940935848       655.917330988     10.887775171     -1.41966689513         0.705752591416
 149      13.5226623744    0.692680903473        40.1928721084     1.23202249477        39.659778754    1.60847162743      9.27178323143         0.516866783216
 150      44.6887272361     1.18759821182        85.8835827922     2.41699551127       62.9946114475    3.33732625567     0.329013051109         0.470081110064
 151       223.06490736     4.70199200999        374.244182309     10.0066012756       355.070732512    18.1038865068      22.9541753017         0.826220253576
 152      19.1641419114     1.29985813408        59.8208011341     2.57016374858       3.58175967431    2.92455265668      3.46281975673         0.622146206373
 153       328.52455103      2.7021403344        997.718246281     7.53230880281       1635.99856743     22.744778162      51.1122255715          1.09019932888
 154      115.371067294     1.07212748633        165.728323146     2.05912834407       149.727313051     3.7956830009      27.5307010136           0.6054522379
 155      55.9926312308    0.958260167776        92.5166269815     1.90350376005         204.1398709    3.52571386454      7.24565240342         0.505576870274
 156      41.7469018067     1.07184635005        84.8371636158     2.16168740036       128.759910309    4.54546343772      30.6436874121         0.607603996616
 157      382.251126756     4.32312012053        820.641660681     8.52029366936       1136.74727302    24.6802157732      24.6542219937         0.883689177486
 158      219.962830774     1.36779781045        514.435118115     2.49972037278       725.982579722     7.2345682952      6.57055105266         0.609855869936
 159      374.245960879     5.97116549005        840.602488806     11.9819881748        1180.7751786    24.7306092862       36.368545356          1.00350921276
 160      1509.93057772     2.89337218771        5170.23005445     6.69029602327       12765.3876594     108.45897568      43.8717037965         0.777759447323
 161      27.7687997829     1.05869339924        61.2888005909     2.06243041677       83.7655366701    4.26104294099      7.42820360847         0.855706344086
 162      20.4232070036     1.14605831075        59.0016559028     2.35577580102        122.37465955     4.4194098865      5.29200787474         0.626925893452
 163      27.3643242859     1.11216266535        57.9796619931     2.18010218249       209.308947865    3.81005171828     -2.50888852101         0.457746408665
 164      19.7538024992     1.24263925706        62.0131617475     2.39584071669       126.116246308    5.31392798962     0.287083047582         0.609749807394
 165      36.4865865386     1.05732330724        72.0910246185     2.23232768221        177.88047226    4.96430586958      4.54836106183         0.525872528243
 166      14.7425182937     1.02933342515        74.7977459738       2.113364787       106.713418667    3.76544978006      7.25148510375         0.467428016957
 167       2.7016506635    0.683072560811        24.8860966366     1.15847946277       7.01796672193    2.00713558306      -2.4922830308          0.55216153718
 168      23.4359577949     1.13874236321        61.0308809939     2.00133489535       134.393018314    3.33031592095      1.00859079459         0.567681487514
 169      85.3823329344    0.788196075919        167.782327707      1.7741380982       137.687592645    3.34270781971      15.4961191535         0.447014325435
 170      124.763862871     1.11167986409        203.028099247     1.73648579852       154.061253138    7.71261774886      11.5962439913         0.610272208786
 171      55.9704970187      1.0995138555        115.669399542     1.99871705536       60.3634039328     3.9481481259      29.9886756108         0.672191124787
 172      22.7815832948     0.97878373512        55.5896694712     2.05222312034       40.1296808121    2.34111911189     -8.32391634506         0.729770054055
 173      41.4703308175     1.05051167285        74.7193562904     1.82634428045       92.1385979299    5.78823074209      11.0952821479         0.671634774241
 174       99.485399677     0.85165112662         210.71829974     1.44720636463       355.132911654    2.77687633298      10.3044222282         0.724898258456
 175      57.3091814806     1.14911793468        77.0045231991     1.93713310324       99.5166854376    7.06680295958      3.40598140968         0.718780131398
 176      223.851277793     4.36950341081        472.886697168     8.48514574307       858.385717449     25.193316486      60.6311834888          1.26334541698
 177      186.662088272     3.87281458445        305.263793713     7.44551449111       356.957742005    23.5187446086      12.4308995825           1.0755357994
 178      20.1504928984     0.93645860314        70.1248915278     2.01612726268       245.685675557    4.85237611951      6.38753709215         0.600031938015
 179      40.8583064762     1.00582708063        63.4908191725     2.18442679172       75.7910747579     4.3776006078      13.9744063485         0.651632962582
 180      37.5937842154      1.1139646328        60.7656040581     2.53687602929       200.542901871    5.96439741392      1.34310488663          0.52078887808
 181      248.480618945     1.01797831102        317.517421868     1.64438980423       310.585892578    3.23930679977      58.0596899651          1.10380559766
 182      46.1274163026     1.10242066838        89.1149347037     1.94552692326       142.834795333    5.23260499684      11.7341850672         0.878378888592
 183      94.5298534069    0.730134558746          173.4784742     1.24704043378       315.407074934    2.68137683561      42.0965232831         0.631346637121
 184      7.13448087721    0.991704910528        54.7523508754     2.11707890002       69.8365094028    4.43660020269     -4.24015190114         0.647971813509
 185      57.5299170453    0.990200085902        67.1304659508     1.75087898252       92.0672276342    3.59194211821      14.6070892395         0.564955114614
 186      267.687478473     1.33374047731        696.942446636     2.74762349099       778.484289271    10.3182717268      31.9195040172         0.660386294732
 187      13.1360679238     1.39932798504        62.2389428698     2.79047938717       58.2365772702    6.65204875001     -7.93033067539          0.65232522204
 188      39.4605815557    0.965778694681        60.8632174605     1.69782908369       93.9306070758    3.23671882351      3.28821065021         0.832836840308
 189      124.270355176     1.26620813402        272.529497378     2.37209897586       623.076697545    11.0624780579      31.9827452546         0.722466029847
 190      28.3283540003    0.858394184735         67.505437401     2.04929044355       146.578516603    5.49395460697     -3.39000663949         0.479030276515
 191      102.895291617    0.971323258334         176.58571339     2.13946064768       321.101200343    7.32576271596       24.375432484         0.876524726502
 192      74.6248387822     1.10754729099         140.30103734     2.04880135129       133.197115412      4.085450385      3.15139072747         0.642445267928
 193        11.87660371    0.770477099682        39.5624114291     1.41520106711       46.2693790605    2.56158754372      7.04838691675         0.471609245189
 194      161.469327447    0.805214466809        231.985340648     1.60015811562       254.811605881    3.23489018927      32.8738435056         0.845450597335
 195      187.068682658     1.05647036191        411.328753753     1.90736148688       302.767414077     4.2822145942      33.2769153918         0.616366971118
 196      54.9316210638     1.01886472135        90.6286221458     2.22205194903       149.826972682    5.79976928031      9.10860268611         0.471715893127
 197      19.8610872985     1.10891018381        65.3065249608     2.02029512271       135.564079723    5.81780231621     -1.20976313876         0.411601407616
 198      23.1390347857    0.826736078412        92.3959476157     2.12719375323      -5.02808095324    3.73270488476     -7.55991243144         0.507581581239
 199      159.042145981     1.68987650413        233.667714786     2.31579894496       263.840672119    4.37664459979      37.6764964941         0.863757976697
 200      28.1323994426     1.23553454096         73.186659791     2.57143075702       110.164224092    6.66715085466      1.10415306476         0.599119591297
 201      20.4389265017    0.989446951028        52.2019399837     2.58600857412       85.7467302053    6.65600218541     -2.00125102994         0.479965154947
 202      19.0382991816    0.871709445766        61.9311098515     2.15928640419       140.242628382    4.21057499997      6.73471485519         0.412246850382
 203      36.9291609124     1.18610472789         79.756488186     2.19800062075       222.317635174    5.24737990939     -7.70784131095         0.511126439284
 204       27.563416806    0.772438751221        46.8849912689     1.66545869843        109.48325394    2.76301478228     -1.27858111902         0.587810930647
 205      83.0434115124      1.6451593941        221.827614018     2.88892577715       555.213214839    11.9309989095      25.3922403918         0.745436086896
 206      12.3828192703    0.855350165175        72.4054176989      1.6808851473       229.095488647    5.55658380598        7.599798626         0.478099879986
 207      13.7702278123    0.816507568242        50.1198003518     1.79062674547       129.458532046    4.99090706372     -4.65797879438         0.530076426893
 208       17.100835356      0.8023231329        52.8454159933     1.71625339904       135.838854609     4.3742755866      9.82823102581         0.463725625551
 209      88.7536175834     1.27410689287        201.741992046     2.83322117767       560.615761086    8.93490300144      15.1830455146         0.653514072764
 210      21.4705448967    0.870979729359        57.0644301591     1.66487204145       172.623171455    4.39724158872      3.81671040515         0.495274454693
 211       25.786689593     1.01414005586        65.0148341132     1.92984456715      -3.46752681007    4.53820191197      11.5833124392         0.733345990529
 212      215.025715129     1.56944972813        445.125481598     2.84271184219       537.257320704    6.01654881396      20.2047528357         0.500750769452
 213      44.9140633725    0.887132961282        140.122409835     1.85229053541        519.00316818    8.86961163424      6.12993685093          0.67010633303
 214      55.3067279055    0.854620137107        66.6525577717     1.64582225815       109.294015693    2.73734538785       22.454092576         0.483229635912
 215      17.5425679227     1.14596164593        58.8226532999     2.19346891446       107.101273408     6.0836707018     -16.0303999452         0.596825014743
 216      24.7098214461     1.00858534227        52.7078666009     2.14459545555       99.3063907474     5.1060004052     -5.67588751311          0.59737521143
 217      33.2652524221     1.00524705088        61.7148980653     1.97480908861       228.244997593    4.96200053603     0.920279526279         0.622585953443
 218        28.53520622     1.03107280952        68.0363009411     1.85351368896       223.643031671    5.67485600664     -5.64278949598         0.520009641663
 219      75.7221106468    0.811071227649        175.185775525     1.55150508374        183.53644724    2.79027415347      23.6660543813         0.619350248861
 220      31.9816741005    0.964025389277         64.603309909     1.53467108509       151.799109419    5.18142892671      6.52790877563         0.388202822237
 221      14.9203848079     1.06538652768        60.0996381618     2.38233738458       200.678987009    6.32582918723        4.550473799         0.630804330782
 222      32.8020913352    0.948166234208        71.4331907719     2.11814781154       179.454842403    5.35253183203        5.411104719         0.637596957151
 223      32.0723480719    0.891332738342        55.3906654924     1.70467613291       59.5379893856    4.41269981562      3.52582168952         0.702730034177
 224      83.3165541076    0.980173486549        126.093083983     1.84479984197       120.058113288     4.7053401094      22.2881565385         0.724071126234
 225      10.0386279763     1.17746462732        51.1865615785     2.11261509599       141.028012149    5.53600108166       7.5837661138          0.70602923385
 226      544.964170339     4.55528128707        1210.61448138      8.6842716476       1701.19139011    28.7066467606      33.5798144262          1.16465719673
 227      126.281129133     1.66655385594        260.916985654     3.14951605192       376.800023516    7.93909730081      13.4693050977         0.607476318262
 228      79.2708418073     1.42680352187        250.818583246     3.37832493151       456.138886204    8.44809756449      17.8061761099         0.598633809861
 229      72.4049392679     1.10233544733         112.06104417     1.56226991888       101.587218865    4.15801066749      2.37088025939         0.825878829391
 230      38.6803841261     1.08269406578        88.0130331507     1.41233097121       78.2245305407    3.05157348988      7.05516527281         0.737010887186
 231      12.9262669678    0.757136465091        70.1119519623     1.70974768818      -12.3898157102    3.97063604632      2.22162647114         0.638671202184
 232      12.9790590424       0.760292379        51.9574252964     1.85831945957       125.326061855    4.65014269776     -2.08554854481         0.557689110441
 233      25.1911535144    0.919990862901        65.4171190864     1.70953562373       25.7484748138    3.12171765962     -10.7190901371         0.657937407705
 234       234.59651095     1.11988165033        881.911214663      2.9663600013       1379.53229672    15.1899289477      17.1357071055          0.76051592703
 235      33.9786736102     0.82959296829         51.588035755     1.53435595478      -20.6502009075    3.93941202755      20.2545586631         0.522095336415
 236      42.7047979738    0.978708887369        94.6382276732     1.89479560133      -7.30248535136    4.03535080788      16.5511229126          0.53556211114
 237       36.777945814    0.890231308829        73.1074803068     2.02198972294       141.812912826    3.31092086088      17.0034839188         0.673936273708
 238      14.0469497132    0.823026456904        47.9702467132      1.4288221854       131.818377228    5.13032175808      4.07041644628         0.360491816955
 239      57.0308756981     0.79537545324        255.421591387      1.5705210549       358.481840137    3.35963794673      18.4185321964         0.573004723788
 240       10.897855017     0.84249397985        44.0102597787     1.67685593562       94.8623774178    4.60488949604     -5.53664110977         0.559294709548
 241      39.9273709116     1.14352425335        82.0612868832     2.39393969071       141.131278827    6.13292868559      8.55943058996         0.876672779319
 242      27.3577665887     1.26687792062        48.5701884031     1.62371076963       139.222421724      5.453020846      21.3288750826          0.58077242042
 243      87.5551015481     0.88433229046        140.195666893     1.45632709053       90.6475236879    2.74630570852      17.9851459742         0.627768901291
 244      268.720804016     2.85554942219        575.205159714     5.26528599427       765.368363248    11.3588545873      36.3044054329         0.560810793917
 245      220.810310559     2.28180380932        397.862899252     3.71098089715       504.450474456    6.74017373489      27.4893844898         0.743789556046
 246       49.887645788    0.765024496288        84.7698134774     1.72053321996       90.3539381858    3.08778360517      7.01385919047         0.594767468213
 247      17.7640517385    0.731390088195        44.4343800565     1.54764380091       188.553718448    4.34230223465     -2.17850066391         0.653967654152
 248      16.5271725398     1.02512541819        45.6029713066     1.84377388157       154.810102408    6.84607765994      10.6446907548         0.456266203237
 249      16.1430135653    0.736467910372         59.797442637     1.43463510046       182.331973999    2.85616258848      10.7203398847         0.621562951775
 250      41.0348048097    0.930670297066        62.7172654449     1.51123149823       28.4323636697    3.05078188296      12.2712258709         0.701714203652
 251      29.2343223758    0.874852400959        58.1706622489     1.65394270785       19.4491410433    3.62933127855     -8.04899686132         0.661936872824
 252       23.361040822    0.996248692667        64.8061690559     1.79583126844       49.2698014518    3.06662491628     -8.17742405525         0.537703866839
 253      67.1567820553    0.975345560582        92.0779390149     1.73602379282       184.672617853    2.70565622585      23.2260763792         0.710382678697
 254       25.609498133    0.882226173007        46.6997855024     1.71108555971       19.5180785234    2.79292628573      4.26104214566         0.527861692921
 255      75.4239359565     1.06480764006        154.792663901     2.36336470009       244.307842957    4.96532586789      -5.5943039614         0.537503891451
 256      38.3565101827    0.801788211329        57.3118385953     1.72037177638       89.1189374312    2.51790875131      19.5731083019         0.826885243447
 257      99.0173229276      1.0230339594         387.93852442     1.75291751905       1352.12477311    12.5571898622     -5.89582666131         0.664679889165
 258      16.9747586479    0.820136494684        53.3124503352     1.32763838793       76.9162576193    4.45815378044    -0.209744028729         0.632651919703
 259      52.4227181821    0.886127906321        60.8783368263     1.66413032493       61.3695360829    2.69081194579      9.59040910159         0.687225219129
 260      63.3235298006     1.06932543174        154.224643692       1.870997103       209.810198102    3.49331052533      14.3790114504         0.530920608182
 261      71.0561778836    0.913794113273        126.339986565     1.57602329677       176.238117368    2.40602772949       17.347572947         0.488513387723
 262      33.7112664702    0.749425154009        173.559261586     1.57985629182       468.570383352    4.18605320797      12.6287327212         0.599349930091
 263      68.6241082164     1.00826914789        90.3116409199     1.85880216321       88.0238111917    4.75469528271      22.6373833494         0.756414672269
 264       57.447553611    0.870793441369        89.8154850533     1.62586028411       172.711005677    3.09597674139      16.1478320438         0.660974173858
 265      25.3907521092    0.793181125061        42.1552783283     1.57103701331        141.66440793    6.33566414339      2.10885720475         0.481338162948
 266      198.897406265     3.66386621214        425.568568553     7.52148725862       786.452950902     20.487215264      27.0620121239         0.753147245856
 267      319.601566464      2.1087580685        602.394707987     3.84992722156       743.538076591    10.3113462909      72.9063051516          1.18534894236
 268      67.2727977631    0.819652865354        84.8901268304     1.57310465901       104.280024186    3.40309878538      26.5206273456         0.705776708096
 269      345.397526216     2.98806286807        716.508340548     5.83121121952       920.014362991    13.2860809163      77.7711437322           1.3171190998
 270      95.2301979896     1.28702496014         192.24499867     2.49025434314       282.083262188    5.88040589077      16.2815806207          0.92155305156
 271      147.172798443    0.885261807914        224.907291571     1.48585649834       206.959691785    2.81873220973      45.2246981181         0.734986509664
 272      70.6613179889     1.23350203594        157.546779573     2.69141945058        280.14009528    6.30527565273      7.19513377331         0.616801948861
 273      50.6049480113      1.4724943792        81.5894807142     3.37175525875       240.186073581    9.83635304187      5.75848233281          0.80678144405
 274       205.38438464     1.59369461158        257.442350994     2.12326616421       312.501298071    3.81404162733      51.8898204114          0.72813330556