# id F89 E89 F90 E90 F159 E159 F156 E156
   1       24.6571632737      1.51352462701       58.9307368764       3.4626203173        232.354578779         8.31045111227           -14.4003398107             0.576360346835
   2       130.851396186      1.70456267736       303.199091373      3.97791516211        340.592546403         4.93216549395            1.60488296617             0.550697844664
   3       46.0201060351     0.919332264803       98.2986437292      1.89814227725        77.0217122506         3.78567392459             12.741566989             0.433605029604
   4        102.46178039     0.899873583703       132.445118184      1.94059957839        74.2542430747         3.45422518819             20.085633489             0.532989095587
   5        65.647591522     0.773059948061       122.693961382      1.57260898261        138.136570091         2.99384168283           -6.56430759014             0.510804481077
   6       23.4629383209     0.803902511699       84.0682952835      1.10317042692        62.6297868724         2.52491256154            4.63747912984              0.42250337829
   7       113.700635268      2.37028622921       146.087162273      4.42089528947         193.42282554         6.47458837679            15.0161723198             0.645179333704
   8       137.195861175      1.96947269772       234.285292778      3.68234512435        677.617209913         10.4896827106            11.2055850395             0.484934792705
   9       133.751604702     0.793213449798       210.111324685      1.64476906113        171.734671474         3.61867147857            1.70087154485             0.554523286176
  10       173.477156687      1.00744907747       215.307700063      1.52366937157        148.659092683         3.35699658516            27.5020352176             0.530696771923
  11       72.9284677748     0.662901763516       144.755644484       1.0050843374        249.981250129         3.86829544317            1.34713043059             0.365410353232
  12       19.4882340675     0.740776226847       61.3488689599      1.49804038547        203.691560388         3.56346295265            9.20535377125              0.29127499317
  13       23.6459582269     0.984558021089        54.601856601      1.67541190978        42.6974300296         5.08344825711           -14.4658727454             0.433344291261
  14       50.7766672351     0.968631072702       70.8929727118      1.38169980412       -58.9896197226         3.01213550022            16.4991291443             0.474731587466
  15       23.2917220085     0.734150110265        55.356319521      1.33037384669        177.316813522         4.92041167343            3.53211326201             0.368111822531
  16       69.2914271855      1.07257181524       70.3378625349      1.83310927095        37.6223507756         3.38229414387             20.128177046              0.56108186176
  17       33.1407445054      1.02269146597       78.2694089018      1.83173675522        46.6879155875           4.841329662           -1.30303180574             0.505624728101
  18       39.4435118755      0.77886217914       54.5569931696      1.54877371123        48.4994205074         2.92848016836            3.29474775399             0.562893626335
  19       93.8014024145     0.899555491911       119.211383705      1.54397165187        102.850922635         3.89573351833            17.3390045502             0.519647891713
  20       62.3658769634     0.865399661187       78.0926899114      1.63376595513        125.241198989         3.31234181179             6.0435497917             0.522122936362
  21        6.4203076473     0.985651443883       32.4416007585      1.79741785099        123.900334663         4.18099402299          -0.910080568481             0.434668930277
  22       30.3164065393      1.00958837048        78.474825182      1.36288287381         131.50092711         3.18483424748            2.21738527946             0.497978789129
  23       79.7433311624     0.767634052873       105.691481807      1.69761829018        77.5945841593           3.924130377            12.1806846286              0.53056750685
  24       38.6532344063     0.981114028683       79.9069640527      1.71959135596        121.950222634         4.99894050257            13.3433479152              0.47789078792
  25        40.394922612      1.09999133672        89.570355442      2.12762631478        151.820849126         5.50615031479           0.778524554291              0.48334375167
  26       77.2674329752      1.96362266164       117.829266431      2.89581421337        158.177253898         6.63357025299           -2.62134181334             0.486711456473
  27       121.848840878     0.937386361957       454.271934598      1.64522812764        1172.18737292         11.3879641968            9.09203636712             0.510057606592
  28       55.1495661311     0.860788086555        90.456191744       1.4604607119        144.315469731         3.47931978406           -1.95499265525             0.522330754713
  29       119.655752719      1.02451231226       176.260054571      1.61236003167        106.342814947         4.06990215645            22.1911417107             0.534346759797
  30       29.9244256686     0.955433234597         65.16990281      2.06532270017        70.1836955871         3.42963630118            5.98984815751             0.498786644533
  31       70.8754551139     0.857861681314       126.870786662      1.58915692861         101.59460864         3.00855606424           -10.2775705681             0.586590141942
  32       24.5241471259     0.838765168845       45.7034531115      1.43757543833        70.5439331548         4.11106873266            5.09568680235             0.464750731944
  33       1289.82317391       9.9487653254         3134.297502       19.475946553        3673.61687016         56.2583394943            50.4063073161             0.992620652159
  34       71.8785703718      1.11861169553       301.706448825      2.66605520661        461.826490752         7.87286775456            10.4523680694              0.47460930881
  35       235.949405971      1.42123064907       1155.92125322        5.137317313        1479.96497115         19.2325465169            4.07977189239             0.541475488318
  36       33.3267477564     0.809708149651        69.603770924      1.82008344171        83.8352071392         4.50105784731            3.27021455076             0.403513883806
  37       42.1132839635     0.961973418595       71.4223617016      1.63848077031        108.218764378         3.20870020824            13.6426101252             0.557586140728
  38       49.5151064229     0.955377136492       71.6658280941      1.66407330968        39.4335854519         4.06809612704            6.29296177689              0.56487660351
  39       73.8889126496     0.966846348288       114.349400297      1.55505130769        119.527655313         2.79879525886            7.81467918287             0.480006458925
  40       62.8618017008      1.08738663728       92.9706601555      1.70745564716        146.599531549         2.72041042277          -0.667770890286             0.534638260074
  41        49.831849854      1.09249788647       178.747641415      1.59842801579        171.489637914         4.61912956315            12.5470592885             0.602570040676
  42       538.486002934      3.61111063242       1192.42238832      6.48856461917        1182.69733396         34.7154788852            15.2251564297             0.905294980127
  43       26.0112781278      1.06804673412       63.0512150558      1.77660701541       -19.1077671042         4.77441847285            5.96777927709             0.469638833291
  44       90.8898177017      1.12379039887       126.318046765      1.99179263322        112.437401012          3.4725211168            13.9124688035             0.648315013562
  45       67.5156941551       1.0153032304       121.559367824      1.84386726808        62.9936729134         4.55248484474            -3.8771500177             0.477782080685
  46       52.1192992853     0.990949453443       82.4477131492       1.6778446393        26.2463958821         3.07907985991            7.77173099003             0.493018204658
  47       81.4556735645     0.893818935959        178.52735508      1.39912608359         120.83637668         4.64963835715             16.950276033             0.497132271834
  48       256.766063747      3.69381011114        522.56887322      6.96920347729        613.492863245          15.522916079            7.38106579368             0.757972782243
  49       46.7182339018     0.920547829213       83.8280232502      1.43240689221        125.474993884         3.61333743719            8.89023993993             0.543320286293
  50        415.32967509      2.11049335855       983.287550626      3.79356616936        1152.35662868          11.384255124            12.3479077857             0.566190226388
  51       61.3226060931     0.951209939689       83.7931234545      1.69561792048        127.850319444         3.99801959588            17.1123288608             0.434337918776
  52       92.8281324208     0.991706929814       181.295050635      2.03348718598        182.664020453          3.6332732511            4.63101898744             0.563424951389
  53        313.72144022      3.53395514071       670.471678869      6.94836798425        954.945807995         15.2832301389            14.7384308987             0.664760164579
  54       63.9741379542     0.780841269909       74.2331107882      1.37185237649        148.021934339         4.34372971515           -5.95020846539             0.652395967192
  55       51.6969292977      1.00436943864       181.479048576      1.44104295575        395.872392462         4.06823973571           -2.58294111042             0.491170089542
  56       263.944109001      3.59765901606       717.254283006       8.9916178277        1048.83609237         19.5598422812            28.6067495696             0.851591903054
  57       39.7518048512      0.83136634054       64.1710984667      1.51025077074        106.005850013          3.1922534416           -3.91036050571             0.500464473793
  58       89.7993187389      1.06984841836       112.664469214      1.67215523686        191.972217316         3.82011466854           -0.37169424471             0.544584511576
  59       758.369281052      6.73701836892       1776.63482313      12.3141610989        2069.77733631         34.1496314692            22.3322269638             0.972692632438
  60       102.604256107      1.19155649627       251.192163984      1.91458354066        131.790237037           3.640899551            12.8249050729             0.634852758812
  61       120.605979107      1.21919531242       169.056799663      1.62634758529        164.978102531         4.01899964367            20.3912437072             0.624421218845
  62       41.1083883582     0.819746974426       73.4989102561      1.39758387827        118.745504516         2.88932002424            4.10066623551             0.524091258614
  63       6.28977749759      1.03488671731       71.4002250297      1.92227688757        118.812629946         4.89856017394            6.07415947831             0.644961076859
  64        90.207014302      1.15107539926       189.082800621      2.12935328109        190.670012427         3.68187922989            14.5759055041             0.548543229566
  65       122.012799532       1.1352687288       183.048388632       1.6605281258        221.429819906         5.52625261886            26.3741768748             0.466236085419
  66       261.000887781      1.09438129602       374.597997828      1.77430959749        349.695514191         5.56780044505             23.176798539              0.80538925838
  67       86.2990505727     0.808492098345       113.211400937      1.25902702746        134.751659751         3.28205573446           -5.38722050972             0.464029463469
  68       108.887853488      1.00863800244       348.354893824      2.05905792049        729.100651177         12.1240163148          -0.307064805477             0.548620858148
  69       612.600132935      2.14489179464       1543.70387182       3.6287176276        1579.62282351         18.1321371737            25.1490917529             0.533675310579
  70       50.8352935551      1.18204712984       75.6420176624      2.25641800168        111.035792599         6.12375972639            3.45783645699             0.532847354568
  71       39.6990292127     0.872680835606       62.0865775791       1.3982420471       -13.6866266705         4.15806732863           -11.4063867542             0.411151640165
  72       20.6182029701      1.40476792303       47.7125148131       2.2322896631        42.4853575079         5.59161082571            15.8553391738              0.63043965127
  73       49.0307067687     0.955952671627       84.3437544606      1.49433617573        185.464706976         2.96930142894            12.5905040031             0.585378643284
  74        253.50765594      1.75645601633       663.572910523      3.64101344258        648.027991151         8.08599591459            19.1581061351              0.66108957019
  75       39.4382846194     0.888076136099       67.3014931415      1.53404945772        94.9698513869         3.97894319174            5.27199532636             0.466458290411
  76       31.2266439616      1.01526023922       134.614184489      2.58181585541        240.843579981         6.73617330886           -7.30730096816             0.450579234076
  77        47.696557819      1.00990218775       150.058230694      2.75014639954        340.893546771         5.88594978632            6.08339262872             0.514927463623
  78        512.71924161      3.68119802498       1145.36476873      6.85206112843        1243.84121729         18.7727920219            19.7484323433              0.80727795247
  79       13.6256251023     0.986018441286        66.325827429       1.4608791154        109.600301999         3.38676270996           -2.16945765613             0.502794605286
  80       36.9242168024     0.944767474794       57.6996152786      1.80804074436        44.3010131679         3.96769944746           0.919033784586             0.500634916935
  81       64.2802701491     0.899642515119       76.8848477856      1.25734662365       -34.0672641629         3.33839154524            7.78407664162             0.686449067916
  82       58.7370753517      1.13696059511       155.615376666      1.74943663876        128.177848811         5.95308109847            12.5369824666               0.5939892053
  83       38.0653660038      1.44754679703       78.7774266706       2.9242089793        8.52434064487         4.46286232382           -7.24400954182             0.614657045005
  84       171.276767889      2.10114186404        270.24801423      3.37161109499        320.938444161         8.46811289082            12.4467448787             0.531101832219
  85       115.171164225      1.60809454628       254.802915369      3.01319004776        290.005980952         5.66455043398            5.16182926877             0.606298556903
  86       83.8590253555     0.909985037847       84.4106259019      1.66550512951        8.11927799104         3.86348224364            7.69864984801             0.480380257144
  87       114.243741701      1.24892535691       241.802650923      2.32735745342        489.483698692         8.13072069078            17.4185462521             0.596269370647
  88       34.4610462986       1.6093619822       68.8993662818      2.50591819338        84.1981875255         5.73172025166            11.9019063815             0.589461622838
  89       74.7331972497     0.941699963605       255.843822657      1.54753749267        311.563268117         4.93760071628           -7.75496594731             0.456808433879
  90        59.387679843      1.29230620876       74.2808378726      1.89876222161        113.934563928         4.18336903915            5.75133507942             0.628126524183
  91       45.4805475805       1.0963129176       113.415037433      1.61463772851        176.770727439         3.42739246574            12.8495651548             0.416277898188
  92       346.377546901      1.03154453446       831.886621551      2.28076378647        898.713276801          9.6784738368            34.9686718968             0.626791860208
  93       454.063915015      1.72365546785       839.208793396      2.42058124973        835.680380936         7.83375159528            22.6156528372             0.726832968869
  94       111.577752183     0.939773037326       197.486897957       1.5381147379        208.999089069         4.50602246361            20.0164876397              0.55633121183
  95       18.1061175855      1.09619301754       64.4717065528      1.83804241227        53.9122735218         3.87676911865            9.33647051592             0.482189338311
  96       20.3897240344     0.949887978177       56.0361872327      1.55546962684        48.1663083306         5.46409503766            17.4432322044              0.56966402598
  97       108.779082017     0.861695258667       158.770651211      1.32339200712        222.921529292         3.24636606992            17.9935461314             0.518215880064
  98      -1.98499514993     0.924066891536       59.0135411751      1.82870367819         52.992727748         3.75027469123           0.249899067116             0.596758945033
  99       203.081536825      1.87236115602        448.85631377      2.70539661027        570.700390582         9.60407936124            17.8293036133             0.532535725747
 100       139.743095556      1.08735385168       305.419134156      2.15515159432         337.21772902         5.45554203641            12.6585103758             0.609138769539
 101       48.2240557569     0.729113491436       104.307871984      1.23173225084        131.602642023         2.34476744342            7.00541520052             0.465729699757
 102       39.0846843915     0.944454490582        96.189968553      1.79789948982        110.976355491         4.67988944233            8.11914181731             0.606576841234
 103       47.1800965989     0.914648887388       117.278876821      1.51867283649        100.683081694         2.67947912987          0.0372600128594             0.450260448363
 104       27.5720256706     0.927425665018        64.251742807       1.5893376471        103.768198212         3.45306918476            2.97715502746             0.532119823604
 105       183.074032514      2.36496323054       375.368678014      4.69344953679        454.642294737         9.59653355115           -4.72549788725             0.552119429115
 106       103.081287442      1.65301816442       149.174319933      2.30899359408        209.386203702          4.9475215835            22.9887689748              0.71376992235
 107       25.0485718955     0.920049968253        51.768499299      1.62161665464          57.47720873         2.90410566511             5.5135886503             0.470149852777
 108       154.307164168      1.25943593221       348.403201148      2.21375489807        352.926725163         3.75840842208            21.2232508891             0.684006212435
 109       22.9075387302     0.949031946856        65.003536915      1.47131905166        88.5519119321         3.66536814841            10.3748461774             0.564102895745
 110       35.8402125581     0.859476963972        91.260971007       1.6396199049        80.6790376656         3.11586389317            12.1620749853             0.547063697795
 111        130.70118059     0.925860198926        167.53608479       1.6336289693         40.476544522         3.17085674295            31.2693986884             0.484320801373
 112       27.6345615072     0.850884180429       64.9563136845      1.62825477647        54.5198211864          2.6908214421           0.480205159003             0.564011360986
 113       54.1804585529     0.818469097827       89.4134924389      1.76673973719        38.9132405034         3.24919386472           0.804865325233             0.606437476854
 114       9.74925753493      1.20576553637       54.3227396085      3.14595395797        77.3371370807         4.88150149219           -3.50863586424              0.59573085144
 115       34.8194094778      1.29370787423       69.5466785817      1.72079201094        12.8363809582         4.17843631342           -5.59932876787             0.567349466942
 116       35.4189737894      1.45341646995       82.6988086025      2.06595092068        157.949614349         3.62925057469            19.3836713661             0.426320922045
 117       39.1706821706     0.894351820046       95.2944626174      1.63603295258        60.2459456528         2.85745280585           0.640516682474             0.634281458759
 118       102.443566989      1.60494969964       188.140627176      2.29866534457        185.228165884         5.93293056191            14.1625185518             0.670461044134
 119       62.4171692556     0.799281333167       123.700336289       1.3590747777        83.1049979311         3.08789167667            17.9062459203             0.406526727295
 120       214.060165728      1.05601348657       994.259352758      2.72773436198        1353.03004406         14.4765544468           -10.8907502043             0.502391481321
 121       35.6897861858     0.825366570809       62.8288049817      1.40328392522       -9.33041921002         3.29447726208            8.65395194445              0.50118294714
 122       143.241626365     0.973971139844       170.186312307       1.3695961504        91.3342482417         2.67304331188            21.8647490321              0.59079756754
 123       92.6441170162      1.09748443641       169.686458754      1.90628108332        48.8253007382         3.25687613751             1.4691692069             0.514869239065
 124        23.652697455       1.0929691746        32.804657231      1.68033082813        40.7021524666          7.8884821292            1.58243424471             0.495558195384
 125        22.692722996      1.28377442764       74.4033190511      2.23534709762        116.044082786         4.94082791474           -2.85921803313              0.47439787224
 126       32.1530909289     0.861594279944       44.2016164406      1.41546594303        43.4125616418         2.93622495465            1.12448017434             0.553506344829
 127       53.4511293988      1.17481910182       60.8786083226      1.73669185592        106.384587814         3.60983462477            0.38690689479             0.522485145005
 128        58.866593498      1.22960509599       105.115058502      2.01668883604        143.634804116         4.39967653804            5.59489931686              0.52520840721
 129       96.8111345248      0.87573350372        133.63746335      1.53448456009        116.203164318          3.1077059887           0.291093115746             0.628720633307
 130       24.3466830391     0.812279684006       78.2648661908      1.58515882871        134.876635038         3.47270510538           -1.96289130638             0.494986013372
 131       29.8018072374     0.748909628914       67.5816810146      1.48856054237        109.989935459         3.15539525057            7.06070213991             0.461143877938
 132       179.127403406      1.10591635086       256.236828869      1.75057066633        207.339770005         3.86881850335            24.4967191976             0.669354690595
 133       76.8138187087     0.964216952397       120.499047484      1.90592852569         133.25640566         3.54437155779            9.90676316344             0.598027765675
 134       84.7999485249      1.17840074114       284.456926551      1.75446782461        302.745178505         5.07667629841           -3.59214142097             0.472741356732
 135       51.3485225417      1.38017546025       94.1585275459      2.27422050276        103.579988026         6.31286050703           -3.78472223109             0.415437197201
 136        16.124214372     0.802989916377       51.8608418905      1.70319269598        65.6151495912         3.25965699862           -8.63950208078             0.475030552285
 137       41.9398563451     0.881373119503       68.3445428809      1.53831665015        58.3059724343         3.34921713278            2.87458134555             0.482061151262
 138       98.8465287444      0.83339582037       268.316723369      1.45498535929         236.60123076         4.30537994121            12.2042390024             0.406122253813
 139       61.2994733183     0.847648628182        161.69351289      1.76792840678        93.7302049438         3.58310962458           -1.88921809669             0.524690604301
 140       293.995964397      1.28134338693       556.542983888       2.1592074147        439.797342601         5.50348926192            21.3029805605             0.646254431382
 141       31.7543097829      1.01563580942       64.0159425127      1.73179490879        113.333205934          3.8385241742            2.55025633768             0.523718638307
 142        410.94383309       2.3848820906       2050.42259747      8.91511136714        3461.72386641         46.7798978601            16.0617117484             0.560796439117
 143       36.5614434527      1.01180998378       68.1086190719      1.67145059015        115.185104434          5.5764138484            4.74125500547              0.59938501782
 144       51.8341207191     0.843203723069       62.2344505004      1.60843650965        27.8473573984         3.68467217758            5.66657164651             0.522549702327
 145       91.1192744399      0.83353569679       133.059247502      1.52701679222        79.3174862131         2.74952742193            7.32845029834              0.41247074466
 146       219.274019972     0.915593763472        297.30369213      1.73986962978        304.955878939           5.113177039             17.259752291             0.632723052436
 147       54.0596354858     0.861507317251       97.2631911654      1.77447735996        136.913815728           4.594923561            8.43044134738              0.52653984856
 148       194.378558735     0.883770786483       279.925071409      1.46555297961        317.833327135          4.4724803267            31.5478637036             0.456459177345
 149       527.258268678      2.99925238313       1205.79794076      5.31812371288        1218.84145998         15.6845748932            25.8158021609             0.612579804336
 150       26.7807422011     0.914155474515       62.7303451827      1.83001865794        67.0138054976         3.99428456582            4.86131396889             0.375584172652
 151       81.9197508642      1.09886851153       141.009986906       1.9849260724        143.588377206         4.05681621023            21.8636563345             0.466743752027
 152         64.75665682     0.937068140799        104.62783707      1.73997762507        147.562147693         3.97023317357            22.5480562966             0.619174543503
 153       171.517963378      0.88447737563       285.158968238      1.28224844277        255.828362248         4.08057103686            24.8694148158             0.635027666104
 154       16.6580971928     0.734830110033       56.1324394331      1.39482172283        223.935881994         6.32753145701           -6.23548665393             0.392531934389
 155       100.453602547      1.16315823642        133.75986111       1.8429348048        179.540299179          4.2845779958            12.2893901429             0.478577356105
 156       36.1880380629     0.873070927163       78.2180302666      1.67098221148        121.064567684         4.17239829136           -1.28723807579              0.56281403273
 157       201.018882935      2.76072542649       445.373519263      5.00420015925        526.236035351         9.85703640071            31.8333804645             0.875312098457
 158       55.8435395119     0.903823246061       76.7834756521      1.57155756709         43.152879185         3.12984414551          -0.213660345641             0.513153627438
 159       39.3931924515     0.747064542669       171.640756546      1.62321586147        353.688139893         3.95888644241            7.55018294922             0.368131813594
 160       72.1064768749      1.10952844329       217.775195564      1.99082334406        286.330407354         3.81957049598            6.97177087221             0.588714782471
 161       93.2995125275      1.23004379503       220.003823058      2.34714054864         218.47910701         5.21312238722            7.02614477778             0.426832312259
 162       74.6245086051       1.0146899681       173.893675626      1.79551386378        216.572034567         5.00633386294            9.23615996542             0.421000949753
 163       55.0913896769      1.03630354095       68.6582905991      1.86864425769        18.7647861062          2.7517428878            14.9980237157             0.412479252017
 164       37.7562769063     0.910257116764       68.6036989325      1.68698963285          73.87463964          2.7536916953            7.48669587531             0.426902056848
 165       83.7647224055      0.84825792202       133.905777215      1.42093089856        156.843888604         3.61903181757             19.627017997              0.52718358444
 166       96.0112095237     0.883012029981       127.715590116      1.50457802395        88.3751480512         3.45436899178            12.8445560648             0.521495297979
 167       23.2199205095     0.941718929915       64.4045912147       1.5810289907        138.170315237         4.41656139237          -0.607321249232             0.444974393287
 168       45.2871405106     0.950956593671       88.8352043096      1.54882642398        72.0679040461         3.22921595764            5.91570057186             0.424375324299
 169       76.3339360575      1.09976952532       155.345991655      2.00408636962        183.346894207          4.7189930861            4.54032947772             0.490864893287
 170       61.4928022647      1.18006121495        91.856040267      1.73589666774        19.5511626785         3.06331269748          0.0501260381174             0.507613566432
 171       138.084816838      2.30996315827       261.279407026      4.24249173436        430.751593415          8.8998971889            14.0459904979              0.63151121446
 172       37.0769563185      1.01164291184       72.8121709485      1.87411740147        63.3904108175         3.52881323403            1.14417377124              0.49242074102
 173       15.5698025262     0.772849084611       103.779100309      1.40304655177         277.65246233         5.36950249253           -6.78621790481             0.412552646512
 174       102.372563572       0.8774326981       128.369038626      1.63089959942       0.125295624344         3.67329811146            8.29194087067             0.598039946433
 175       55.9967984324      1.03998327569       101.257032943      1.84497613054        198.531737158          4.4483749798           -1.65822499918             0.596220619716
 176        95.577082039       1.0278608052       109.312379488      1.85888955849        67.7766332296         3.87756610895            17.0252101537             0.491455026812
 177       121.656438736     0.978448388338       291.976706973      1.68549144934        335.733140176          5.7301298413            16.8881368425             0.447910173472
 178       465.163431264      3.66328150037       1251.00385313      8.38486790183        1371.38718397         21.1516192326            53.7026805974             0.954007905069
 179       489.724582609      3.58578898111       1095.93378039      6.66142803694        1220.21648808         18.4119592092            20.8333804582              0.71098949799
 180       363.615443185      2.79424736007        845.39954563      5.14713729945        924.262558221         14.5279010041            20.5349292923             0.595296679361
 181       53.2022631338     0.928433809273       55.9739068725      1.56042024485        42.3413734381         3.11430540075           -4.98822418895             0.571703445368
 182       16.3177638161      0.82743264319        50.366815854      1.55844375047       -13.0277828081         2.78166876192           -4.09271756442               0.4413858446
 183       139.393186866      1.45304591735       290.982326231      2.32316441447        257.365887555         5.38720217279            26.8419452431             0.534087964136
 184       356.922364986      1.65218576253       859.182002439      2.54921479874        823.298452898         9.46554209296            29.5507361529             0.605706478423
 185       68.3732822151     0.866274396923       91.8046247873      1.43866343059        124.921926253         3.14535505296             16.197808943             0.454817475842
 186       32.1900052301     0.860385290119       65.0081063883      1.65027412932        67.0547725103         3.27434938161            3.12245120041             0.506980733904
 187       64.2175230053     0.886194623416       127.739539877      1.53098999333        118.570849655         2.66553178995           -4.11491888971             0.537170481425
 188       56.3052635138     0.844193463628       277.147684694      1.70308584532        498.935893622         6.22721088815          -0.213880502494             0.494416551977
 189       24.8745807755     0.830440728545       69.7915152233      1.51944592733        51.4622459701         2.41273349828            11.0812378047             0.575666521407
 190       46.3236864728      1.03612179344       111.750558661      1.73052530862        156.033973864         2.83939463367            7.64793435585             0.411896061761
 191       738.726699995      3.31771784478       1725.82347632        5.368351656        1586.96706123          21.401789133            25.5914066689             0.822255735833
 192       49.0806676829      1.91768210978         214.5696594      2.93534694822        419.564594392         9.78773977345            6.99680239178              0.41078302239
 193       30.4848043425      1.28335303757       49.9777525401      3.89484974572        203.139638246         8.55708891746            7.02180567164             0.485224270435
 194       70.3855507324     0.974014215751       97.6083274489      1.43934242297        80.2271594301         4.52412556404            6.39596221532             0.517860243083
 195        40.793930638     0.737259023261       88.3099593415        1.396927006        141.746350394         2.73871984408           -0.49659887415             0.623475746626
 196       297.978156092      2.19894878624       655.278515278      3.57676238739        727.030673049         9.14725063346            14.8017489136             0.449806195989
 197       234.447624993      1.05509675116       388.277192774      1.76559142978        568.317318827         5.48340775116            16.4222523852             0.608741839879
 198       53.6294086786     0.906361549701        60.893796325      1.48784304449       -20.2707233618         2.34179795329            11.1696400471             0.509126482292
 199       231.747816413       1.2122994778       490.605589275      2.10933317942        392.368907932         5.46953707648            17.4691985136             0.681571619194
 200       69.1325207299     0.871107722549       114.924313971       1.6691116742        80.1289901022          3.4678781164           -4.78471875339             0.531124947632
 201       13.8310409937     0.849399148105       114.555238579      1.67509966712        176.723321662         3.89330857219           -9.07893216846              0.41242928822
 202        22.032629971     0.943980976226       49.8669472011      1.83080701767        39.8233070677         4.22240765612            7.91861707059             0.405385576151
 203       129.258368559      2.02104687793       263.478594493      2.73088520056        231.460454466         6.92650046667            8.13373020344             0.554171337547