# id F89 E89 F90 E90 F159 E159 F156 E156
    1       12.5117710176   1.51488519024      69.8020858715    3.33218492132       118.420658585   7.77897141645       6.50553877685   0.569561215843            
    2       19.9290580834   1.64361091654      65.8388917787    3.93597161973       151.690320485   9.41867613486      -1.83706990182   0.447123675748            
    3       27.4050334686   1.40996557736      49.0722941661    3.51982232919        140.11705508   9.46378482618       3.53109590659   0.619002875691            
    4       22.5605754818   1.49377228588      54.1919645182     3.1178059141       138.136471274   8.20589214122        3.5680320098   0.475880259605            
    5       1035.04494697   3.17455087856      2469.80143191    8.21826444725       2256.81751907   28.7081126819       61.7830487426   0.612082165662            
    6       166.682908165   1.02750953518       338.86418461    2.09068463107       254.541948582   3.54103729247         14.03296585   0.607041737553            
    7       161.197138356  0.754692873612       324.68818739    1.21324566388       338.868986559   3.48903685617       14.8512133675   0.565187285347            
    8        123.24974095  0.943406100972      162.777515826    1.49131604253       241.010722836   3.81368948758        39.918786124   0.724551120408            
    9       309.875330461   1.49473405617      625.401830337    2.88152392774       493.478885044   6.15368890992        48.341065919   0.789243301683            
   10       493.998912152   1.99276624839      1136.35816709    4.78434490346       1153.52734841   14.4093357886        49.145182264    0.69519848367            
   11       24.1377080103  0.737308600238      73.6061623809    1.16260935992       122.725239569   2.47830250656       9.14115351961   0.470323008223            
   12       110.856387918  0.892113758961      135.017086363    1.17479889513       102.130392321   2.31687804563       22.3861963926   0.569727973081            
   13       35.0807925919   1.88113333648      81.4164785105    2.80420499819       351.440505455   13.1593621966      -1.02545597246   0.657114232201            
   14       45.4561592664   1.50445847074      80.2148760002    2.23439300834       407.227305421   10.8572378952       19.5115321773   0.524486130708            
   15       40.9794037024   1.60591874753       62.159836629    2.42398938263       160.075357312   11.7359043698      -4.03736600233   0.538527503999            
   16       31.2008265149   1.50533386746      62.4452255263    2.53281453671       317.699538351   13.3979260747       6.72691290507   0.422924117124            
   17       36.7269463073   1.48120656835      76.5595907568    2.05825478555       402.576725089   9.27273647306       16.2635140565   0.423019373136            
   18        40.506400779   1.65018415034      60.1372993437    2.18037499695       212.977978316   8.81526578159      -3.13756006974   0.449304601674            
   19       32.8623474038    1.2914686968      60.0755257539    1.85719555844       219.641104556   7.70329422102       -3.4988895363   0.460911078354            
   20       133.194069756  0.761263550265      295.136331645    1.44874169893       324.764832259    3.2847321657       16.4987857987   0.484562974966            
   21         40.85766726  0.722177785256       56.148716724    1.45335511732       79.1609241907   2.33089676964       15.3724516484   0.561225121909            
   22       43.4211596689   1.43181803293      76.4302908419     2.3532321213       281.480725678   9.66956937039      0.384779594621   0.447103087479            
   23       47.3720755624  0.852322520893      95.2806827902     1.1804427671       101.549635962   1.90976428626       5.19359434691   0.481762400895            
   24       29.0723888904   0.82697073936      70.6908328291    1.44038598962       31.1309352427   2.86540426024       15.1746457644   0.474541731977            
   25       50.8037488482    0.7847922199      55.3076760447    1.22156600806        40.535989684   2.37129187084       14.0419613009   0.608400428782            
   26       32.8931379755   1.14006697123      33.2333443037    1.99148033143       187.516412974   6.78360028787      -1.57128125764   0.439316610551            
   27       130.600549094  0.874058293363      169.021044957    1.23978887624       129.064546062   2.17204558114       23.4695921514   0.586804653675            
   28       42.5135110837  0.833954638079      80.0061903826    1.57905269446       82.7944680665   2.20191224071       12.5826137551   0.446904291647            
   29       29.6471281126  0.704282504616      47.9235480776     1.2928283135       29.3790040021   2.05060171161       7.22346379433   0.584160932045            
   30        16.156395044  0.707467902119      47.7960097345    1.29248033435       41.0503405299   1.90283059435     -0.833058402979   0.512536638565            
   31       17.4800350533  0.742802027567      48.4539890458    1.45816517337      -19.9592963913   1.98527814281      -3.79814060437   0.627357594279            
   32       75.8912037874  0.756981900802      151.397899916    1.20984950731       171.288298181   2.30197433888       14.9594041461   0.606729293963            
   33       35.3774562696   1.38745630061      44.9238041072    2.27621512563         204.8657818    10.927927049       6.48845606714   0.499588426189            
   34       35.1655903587   1.33332095436       45.598824719    1.79253943984        256.79756541   9.33265184506       6.47575892994   0.516559311419            
   35        30.144185397    1.1472810644       50.979868309    1.78579044138        290.06685938    10.798140704       13.2024899555   0.361403478216            
   36       58.9723679309  0.900378714048      96.2744066725    1.23416096615        50.840965855   3.32921691102       10.6528278418   0.489579022173            
   37       29.1771333194  0.745466470586      48.6197958154    1.19675407777        24.177447136   2.23950743069      0.132724091958   0.527989367528            
   38       96.7063223626  0.730888983125      164.622470361    1.39126164758       197.047933393   3.36224645903       35.2535842579   0.576620196837            
   39        65.524449772  0.746462883117      80.7379075376    1.22712662343       100.406462396   2.15603300373       3.79283333547   0.619732460386            
   40       41.7466966209   1.15474224377      61.4152089771    1.60549576188       331.052485658   7.58861451712      0.658911065959   0.467613987159            
   41       28.4949468716   1.27346807457      46.6807122185    2.10630344383       138.536468169   10.3266903224       9.67275968253   0.315040609337            
   42       45.4117027605   1.07291870385      57.2545837053    1.76697649113       237.959289459   7.00912164406       13.3988625005   0.370271980466            
   43       334.612859423   2.97808503439        707.2148043    6.22136325215       740.226593323   13.8346317665       26.4160547204   0.854940686479            
   44       33.3253434548  0.887583469604      83.4053918732    1.49241243276        113.34456129   2.52886897402      -4.53415233578   0.500983226557            
   45       104.979911051  0.975643523901      197.820634479    1.60151613249       250.431509209    4.9839950723       5.20004948806   0.715324519358            
   46       351.302793155   1.86012211466      432.200590796      2.758185456       503.659191421   5.77507330845       45.4197929845   0.992567123752            
   47        24.720889718   1.00212480549      48.4496507665    1.39230208509       67.6378254488   5.63631240618       6.73162101334   0.472598591837            
   48       50.8943351379  0.782495328156      66.8680960437    1.38637414102       9.02785873132    4.0354804854      -5.79733578505   0.569657279474            
   49       27.1975967583  0.800323571066      40.1370317397    1.22394660894        104.24385405   4.31431544681       16.4656088375    0.41960130853            
   50        25.670974219   1.10810291143       48.400317412    1.70877482722       219.057432309   9.04157420196      -2.41245782048   0.427342575849            
   51        390.54341092   1.78365191657      779.427100034    3.60040055244       808.898259492   10.3113289806       29.3492630231   0.611247698835            
   52       22.5989031569   1.22726296574       35.848204525    2.07611236361       186.813682499   8.78851871264      -8.21518273967   0.602002350195            
   53       33.1140631836   0.71048671487      33.0705400539    1.25416754353       22.5091767116   2.41193784524       4.14519573642   0.605775626058            
   54       31.3763106069   1.01867703574      58.2830747643     1.4141761464       228.915858036   7.55598501536       1.52232952894   0.590154994989            
   55       24.0340261283    1.1538756347      55.3903343585    1.95289819335       233.909782971   9.00788601934      -17.5434356415   0.591000934366            
   56       70.9206405226   1.14775161443      152.832080263    2.56947846688        192.40411072   4.56612170585       3.53376211584   0.637490668963            
   57       32.7478369558   1.12337745969      77.6748740575    1.52511091146       178.703706239   6.49161769616      0.679483101348   0.579454463238            
   58       100.045675966  0.988941703443      130.560286729    1.44629705687       137.991850508   4.42929092176       25.7623512242   0.585615694859            
   59       38.5307961277  0.755160053783      62.8425563411    1.32790690339       89.2836098463   2.83350818199       23.9286816471   0.517957955584            
   60       53.1271691622    1.0670445548      126.172212989    2.18636807621       149.390555557   4.63650704341      -7.09908454973   0.509895680198            
   61       35.6014813455  0.999678773174        46.93648364    1.37708989767       73.2024593888   4.43421423466       5.50165547566   0.461542814701            
   62       75.3744136627  0.818244425571      126.955990928    1.52479555005       164.848178589   4.56629491756       20.9359841501   0.640955558552            
   63       139.664225349   0.97811407549      263.259823368    1.45646892071        295.14878938   4.69866955339        43.762020766   0.701331069416            
   64       88.4515199652   1.51065767908      181.588746066     2.5283418204       425.434455424   7.61884749292       32.6287848827   0.650920995559            
   65       34.9306085316  0.759101044899       82.604667417    1.37167070141        86.227236588   2.47300582599       7.17518381478   0.527711882475            
   66       27.5712093217  0.860485760594      50.2815136566    1.47126331944       79.9464568466   4.82106403179       8.97098245937   0.635956263519            
   67       105.651615504  0.915170563024      333.105670988    2.22850238449       411.653098815    6.5320674223       17.1555795815   0.672478265227            
   68       27.4283122413  0.735361622068      88.9280696641    1.29918112637        173.09312883   2.95676651415       12.9295529527   0.498465954241            
   69        277.28203895  0.807802874363      315.176713387    1.32161850263       248.944549003   3.70113841015        52.060926518    0.80244748576            
   70       140.016184498  0.798214491045       236.08873546     1.3588737188       278.162190637   2.98617821058       18.1106515914   0.747931538443            
   71       167.277447983  0.881798314655      208.643888402    1.22674604333       188.967208011   3.23480347874       26.3124563848   0.543147681344            
   72        33.116333879  0.692941274256      75.3745441222    1.47532626207        115.68355222    2.5834693956       8.43110686972   0.478562858587            
   73       37.8770786421  0.713638355419      48.8338295549     1.1572132268        34.847900055   2.29902641529       9.77091813478   0.549606426004            
   74       16.5058866238  0.914232551979       39.236837191    1.53756413957       102.372328439   3.10506872955      -4.11254101626   0.558128387634            
   75       19.7927010841  0.758228337865      74.4350005937    1.30751405349       219.415204603   2.73450692933      -4.84670344891   0.580052018366            
   76        534.12473062   2.44356753824      968.252282168    4.78978401027       746.749634764   9.55509784792       91.5134471174     1.2101153199            
   77       123.223269053   1.61278420837      378.049838118    3.50272847801       739.048286342   12.3052870939       21.4557260572   0.701376568744            
   78       375.792749394   2.21890632768      691.389013478    3.70979548883        492.36103821   6.59111345788       84.3367462457   0.883818949817            
   79       21.9853421604  0.865780070951      54.5651674091    1.35400407833       68.6845588749   2.26059002121       4.80274590268   0.473809588835            
   80       30.1757975076  0.786804536177      38.6101201856    1.21377466174       18.5042803327   2.60548285276       16.5813967129   0.502074759899            
   81       55.7366938287  0.676927006488      117.343978228    1.26134579538        165.94244888   2.61024250262     -0.232088477188   0.471879479278            
   82       28.7934390319  0.849230583118       47.761941198    1.49266891545       40.9190874898   2.59391214474       5.03305561478    0.74327881973            
   83       37.6147075011  0.719669430653      95.6061606652    1.20994211009       89.8061491156   2.58835450091       5.73318047304   0.511227246409            
   84       60.3830181998   1.13639014259      96.2371076303    2.13215344331       62.7142764757   3.31678621169       21.6506784757   0.671684955233            
   85       50.3341810176  0.704002127702      97.9432428806    1.32402790853       135.207137436   8.69833480769       13.4146752435   0.389141766678            
   86       62.5039351768  0.704979420057      86.4937065242    1.22885222739       34.7235794034   2.42677679606       10.0542559506   0.571653261286            
   87       98.2341155719   1.13858666761      186.975906809    1.70552914126       265.275352369   4.45757532537         6.874485006   0.595754168077            
   88        33.685021978  0.869740138015      88.6580644816     1.3112713237       126.784020232   2.91432630275       1.08140670914   0.502018969504            
   89       42.1473676759  0.717578774938      59.8623341265    1.38801588535       34.3861674388   2.75811271386       5.12051397872   0.544081137016            
   90        120.66486834   2.44499988041       426.59609949    6.12034311847       1046.71875762   21.9933142613       22.2378608467   0.819725191101            
   91       7.77032690413  0.872558651112      62.3229881016     1.5127363182       94.7675279442   5.00273257435        11.498141916   0.572341498601            
   92       30.7327453835  0.735237848447      59.0330548772    1.43781204377        126.16667943   2.40300126988       4.01570030975   0.468186120107            
   93       34.4588321036  0.613143991091      53.2908614881    1.30488338917       167.556670515   4.59442205603       1.70202425675   0.452602339763            
   94       312.433929018   2.25896962031      666.070262066     4.5726625832       844.560349835   12.4302649264       18.0262432014   0.575179964872            
   95       100.458266914   1.45208563918      216.402609428    2.51576378965        280.29939218   4.53298610595       17.6787017126   0.750068197816            
   96       358.674355637   1.20458207382        828.0872535    2.34244442194       773.434065688   8.08287558568       21.4425767264   0.655392170892            
   97       80.3261335001   0.83769648592      102.617916484    1.54943901079        72.211672468   2.85099223145       30.8225037516   0.528493287516            
   98       145.821703359  0.821831368869      301.835307862    1.81602559334       365.526173063   5.58277302244       21.8420331274   0.643317134617            
   99       63.8224331816   1.45939158124      131.783273133    3.20802616721       194.492264824   7.55713195175       8.56182879173   0.560715938833            
  100       45.3326023331  0.800031732566      84.9541706515    1.37202834098       88.9943176576   2.86505726722      -6.46275883159   0.458402853759            
  101        215.24139305   1.13156263194       493.92819519    2.43720349488       467.685453924   7.98595715604       39.2602750849   0.718169595372            
  102       56.0792199747  0.709647559125      172.140860746    1.31584048966       134.286181616   2.40789028285       15.3859685351   0.441183110271            
  103       105.326749946  0.927580612635      210.692534744    1.70712250302       249.676245373   3.43888072079       21.7529044209   0.561206404693            
  104       64.2904340141  0.879297206617      60.8660751279    1.55481146351       61.8198096192   2.92720092266       9.86269300543   0.443927281153            
  105       53.9484019246    1.3598993117      41.5494492084    2.24909998377      -3.44269363763   3.30934330932       7.91871976699   0.589682470931            
  106       20.6935311685   0.85122439372      140.340972383    1.27291392956       364.038651601   4.97528357963      -2.02050179989    0.55784891008            
  107       38.5178712113  0.620010813875      55.9743420456    1.25854571731       21.7568048866   4.88065128149        17.597221923    0.52451256394            
  108       19.4011722118  0.849860815842      33.4142053196    1.68748398323      -75.6633390668   2.76528110414       3.09730015221    0.53693245893            
  109       46.0369149287   0.61734527177      62.3960850785    1.17332267974       91.5006495441   2.36406818607       14.6535622682   0.538649839065            
  110       38.6321712408  0.758637280685      70.8100820535    1.23787348363       50.7346079526   2.55292204486       11.2250911816   0.504755347014            
  111       48.7981854714   1.33832544082      145.005997257    2.41991592535       278.657200686   6.09136551754       14.1881113697   0.687675566519            
  112       41.7688328718  0.729173873429      90.7230835866     1.1301315171       93.0032316913   3.01797299631       14.1933360732   0.464741951152            
  113       27.8419854815  0.663889583875      47.6211850001    1.10056858485       75.2785471634   2.51632947337      -1.46468526216    0.47050497338            
  114       24.7275323273  0.706273929005      57.6995553518     1.4410295684       18.1281063098   2.01614658439        2.5420057997    0.66225501439            
  115       38.1257639427  0.684272357004      77.6467225609    1.26535435838       31.8326856295   2.62068882637      -4.18673604767   0.463761348113            
  116       39.0427907197   1.07258762157      82.2704690928    1.87683005459       42.2966621592   4.75157963519       16.5231589662   0.660930094302            
  117       492.893734047   3.33812660143      1060.21542086     5.9101141967       1063.48343052   13.1748169441       123.381647458     1.6021362018            
  118       79.7123082665  0.743243234234      166.515064826    1.50566835362       144.478933632   2.81606060526      -8.76977212483    0.44637973101            
  119       128.578066681  0.709221591724      352.580161294    1.53490030345        317.22711645   3.91357910371       25.8551967434   0.520648138413            
  120       73.4078003667  0.837415792019      292.166973811    1.47516864782       1359.65659376   12.1921625823      -9.49988555452   0.871164107202            
  121       7.15997364576   1.16753984619      36.6610630194    1.56873345092        1.7031407526   3.43128137363       13.3088975498   0.774670365314            
  122       324.868280955   1.73695495469      659.681158053    3.69365674617       551.899116996   8.82154057562       79.4572523554    1.44662627543            
  123       35.9754372915  0.826686828011      45.2794479567    1.29124374273       12.1138881736   1.85082678914       -10.006320297   0.743266772543            
  124       124.419111367   1.32290591646        386.8363429    3.27879590775       377.304584482   7.14148008983       25.2604610953    0.65334278555            
  125       54.7723381905  0.762670944111      107.268732953   0.990663493471       128.961289625   2.29201851478       1.44356532291   0.612243706071            
  126       44.7065183453  0.804875122332      130.403039957    1.54242789748       193.070474925    3.3117166656       5.46505104243    0.58154745166            
  127       148.187993826   1.25517451156      194.071014781     1.8624680886       250.899266939   3.27739535073       20.6101620557    1.16018494112            
  128       117.175593532  0.804059916223       137.77909476    1.45581740802       107.512406176    2.4329900141       12.8234743237   0.617024412249            
  129       61.3639795389  0.873359481008      64.1394605786    1.40110845866        5.7364904028   2.21148264457       15.7703914629    0.67219083015            
  130       187.582305226   1.77285811345      401.754304347    3.27885334262       370.378038066   6.04702935156       11.9583305889    0.79514878112            
  131       19.0430875838   1.87697730458      32.9764138736    3.91899835848       24.3353257651   5.10675186181      -27.8915389097    1.52249890204            
  132       2.11400649638  0.849434897722      48.4278174231     1.5214666519       114.790578224    2.8236888202       9.79493197971   0.644423863603            
  133       39.2389388282  0.815925692617      73.4602417362    1.38784074123        80.829528672   2.24597362957       14.2912000853   0.462778764842            
  134       67.3688346021  0.916116163861        81.93981053    1.56526714369       41.6288252531   2.16556116398        23.009107265   0.905473743795            
  135       30.8128312672  0.784440809509      60.7255687841      1.602103911       54.1457461703   2.65329977297      -26.9300119998    1.14701247421            
  136       48.7567024109  0.687320928822       61.593842524    1.40664402643       40.3201997348   2.88300690279       21.2721835239     0.5151332341            
  137       91.0472713632  0.743327238582      127.655385948    1.11447502228       135.937930058   2.47302308645       28.7666626101   0.551846285827            
  138       33.5539123477   0.70363765638      105.740518582    1.47439948072       50.2053080224   2.53346218011      -1.91948541822   0.568050017306            
  139       60.4939753948  0.773597727517        103.6657517    1.31702018528       27.8713437598   2.64340843597       15.6552178014   0.551267843629            
  140       238.683085707   1.22005524746      240.753502217    2.09636929515       119.557733444   3.32626639747      -3.50172102787    2.65779916015            
  141       15.5336527656   1.28643505223      41.0659352175     1.9854605383      -11.2009055775    4.5407730487      -33.3521340987    2.15527423662            
  142        55.455623036  0.971541514577      136.507152816    2.02069202511       271.437668678   5.43482371996        13.880318765   0.517047109853            
  143        15.604670287   1.00502088766      28.7742664324    1.93554966642      -9.66597669427    2.4705514216      -30.9249272593    2.01141476321            
  144       24.9358399548   1.07229386986      37.0579571898    1.88653394589       63.1089194479   2.36267050312      -32.7829702871    1.97964249859            
  145       75.8081062262  0.778683966798      88.8033401983    1.17648726617       40.7552065012   2.18621447563       7.36697631603   0.580689645276            
  146       53.5109879985  0.748107577836      67.4571115024    1.30842694198       33.6231433313   2.35254655321       9.86664086959   0.784305525565            
  147        17.559605307  0.766188280891      74.1114592192     1.2232668154       28.7440634425   1.95305855778      -17.0454376344    1.88723127643            
  148       78.0026789848   0.87988137858      119.468514878    1.35890742368       112.191053204   2.48732275895      -120.984626241    9.17121746148            
  149       177.428670337   1.83847073124      200.932050469    2.41337974118       126.691172121   3.93335375959      -28.5538818103    5.10776731972            
  150       28.2785671149  0.804441893898      45.6655897108     1.3898531058       64.9325495505   2.83639055241       7.13322570146   0.448914233754            
  151       83.7175782952   1.61962333954      155.016471479    3.17025995752       206.267671331   5.92523173357      -33.6035430195    2.25212422399            
  152       32.3033250214    1.6078523599       75.837728265    3.31842835137       209.714106942   7.82363215076      -46.2926879982    4.35420968955            
  153        625.84424101   4.75286115173       1392.5135273     9.8606026737       1496.86812007   26.1865385195       29.5126898309    1.43395133841            
  154       768.276297473   3.14193507236      1797.86117035    6.89935592611       1672.85463496   23.2264318943       35.9364262548   0.822866820149            
  155        109.92273086   0.76602160644      341.378636041    1.15702092244       309.797983055   4.00737361617       23.9349454238   0.479531225248            
  156       14.5577489177  0.707842471373      47.0187305951    1.33956704349       177.228251785   3.94227421922       12.6598304046   0.413584792853            
  157       8.43172246228  0.733251479501       44.187847719     1.5511822156       249.495298662   6.32354621074       5.55490269845   0.480506537834            
  158       31.3131302128   1.16717314207      74.5648312348    1.89714200995       27.0064074932   5.08933340784      -99.0813452369    8.06964348758            
  159       75.1776783724  0.869244290237      169.363542886    1.39811967027        113.17956146   2.31503048231       3.46926367852   0.574111689928            
  160       12.6536622765  0.526385335907      44.7041415631     1.2825979109       60.5126453123   2.90310454206       4.21243727459   0.430648294804            
  161       36.8961389333  0.773982551156      90.3413119385    1.25849860708       90.6367888582   2.11063199058       3.80783041419   0.457627550614            
  162       208.651703897   1.10639597301      470.245332217    2.07929581791       433.730686823   5.17068342963       21.7790071981    0.50822438006            
  163       26.4717055847   0.69213969018      69.8771139642    1.34588818024       69.4304336336    2.0930981538       10.7382937277   0.452818972461            
  164       17.9047492051  0.583365780149       37.200943349    1.11180195783       28.1922227732   1.69843561559      0.469822889266   0.430044683921            
  165       266.239728258   1.07199832899      602.455236695    2.64875264594       567.161956114   6.16818179355       5.22726537774   0.588356656636            
  166       141.735677102  0.912620197954      314.862923447    1.73447022197       522.754075198    6.1163228317       6.11815154001   0.655771188865            
  167       70.7586442045  0.815351650066      110.816973372    1.13573798674       45.7131508446   2.30559997896       13.6573604437   0.525113908708            
  168       13.9013525114  0.574889854421      53.4818868146     1.0783479056       60.0604029651   2.57260843137       12.7685678961   0.389882801278            
  169       73.5003508383  0.755318362757      214.893781344    1.26183562461       201.296289754   2.47354953088       11.9697402596   0.527690075683            
  170        156.59533544  0.799926937473      291.117215513    1.72249230315       334.106009185   3.56072670935       3.31824419406   0.485645500725            
  171       95.2548508252  0.897210186856      118.316623414    1.22970658715       2.29788752812   2.43963141607       15.9418367369   0.570887663478            
  172       62.3660049217  0.676611858287      143.046432026    1.37408476964       94.7548148765   2.70241407549       14.7105469008   0.537583360862            
  173       9.97580512498  0.790537179002      49.7250203062    1.21438752294       87.2246575397   2.00308087196       6.10074055033   0.663671143493            
  174       32.1751932913  0.666335882278       64.407783118    1.49939362485       25.2557659051   1.92633832181      -15.5943208637   0.754078974097            
  175       38.3269128334  0.853383195233      53.1357697918    1.40062287281       46.4591908015   1.95231196451        6.4893615844   0.518728120903            
  176       59.5889528657  0.698085582564      78.2271441229    1.33791327654      -1.79135491994   2.37006314128      -2.86114916512   0.602520548002            
  177       190.513329702   1.10224473173      325.021932892    1.81900281821       293.692043514    3.0351522349       27.3018364761   0.659106794313            
  178       67.8521613915  0.915132536251      142.501002187    1.67917660332       170.373261118   2.67628065292       10.4420511448   0.645797557097            
  179       84.0277940544  0.718707654733      160.019197238    1.31530213995       166.305694937   2.58262990271       19.6131048061   0.474493468494            
  180       49.3594962937   0.91155671704      57.9464997399    1.62168241644       99.8568409377   3.73662397302       1.70726509071   0.539040223131            
  181       34.1698343787  0.975262093092      55.0382594919    1.89213308955       74.9914595175    3.8655061776       12.2526901054   0.574023221163            
  182        11.568621518  0.646558722188      27.2103136659    1.03771577424       58.9242706867    2.2200247505       11.2100105959   0.467813492288            
  183        243.91183246   1.01338159247      460.065349945    1.73446541779       321.139497365   3.22464757447       51.7083567835   0.734884403592            
  184       80.7051388203  0.666076005422      69.7296256243    1.33613515935       29.4902030847   1.90617711363       20.7685641291   0.581771018879            
  185       57.0217565962  0.976725131364      103.828786611    1.38678823573       125.223283161   3.34378371433       17.6210647673   0.588890047594            
  186        95.809171789  0.774253157899      94.7992605833    1.25651110276       83.3807935553   2.99118684883       17.9224703349   0.482011985119            
  187       78.1096180281   0.88215030458      147.858972964    1.61088202038       153.786962914    3.1681476571       7.45702224174   0.537893297626            
  188       76.8002978476   1.23011575274        126.6197039    2.27495427209       131.723332802   3.51523545116       16.3490290434   0.475995575394            
  189       237.712764586   1.18896273919      839.499192879    3.08233603981       2257.84217805   26.4140901716       7.19884349763   0.494339650215            
  190        81.738446211   1.62285858607       187.52396786    3.28176885831       223.546099766   7.46655182426       1.14326850928   0.470879289285            
  191       105.176514808  0.654061048177      157.792185603    1.23500177849       126.575919628   2.32770744124       31.6624913567   0.520391915212            
  192       189.773710521  0.834622469753      460.992483207    1.67625625866       511.417098597   5.91804165684        26.624827784   0.735372181491            
  193       88.4316516011  0.787418592775      100.803632968    1.26309354908       26.8251667948   2.65798336677       13.8027605576   0.534148470877            
  194       128.520803336  0.842856941542      254.702198559    1.92198027114       300.556284992   3.81968703769       19.2780217923   0.520692835515            
  195       192.221795604    1.3934527632      420.026946624    2.48179881976       369.273356999   5.46669696681       28.9319758846   0.670332615195            
  196       27.7433916744    1.2663681126      57.9598058138    2.60397393679       176.445279098   7.76030379316      -2.27041320859   0.550926873085            
  197        67.216028088  0.664767514549      75.8068501093    1.31328654943       79.8354636692   1.98805149469       2.96416260382   0.509263984277            
  198       71.8611335577  0.654986875441      117.361609155   0.975708093429       117.699669054    1.3444414817       17.2564431873   0.451002664919            
  199       60.4826285242  0.832232900695      131.115266482    1.44062144194       93.5311999439    2.0927701668       23.4693118134   0.557400590085            
  200       24.5537198872  0.752652265478      71.2493106322    1.12717133046       23.7084374181   2.18532592645       11.3628143417   0.506664847444            
  201        14.714558068   1.37387206337      51.7114229314    2.83009671141       162.141928882   7.76579247406      -4.42060379146   0.576488993709            
  202       44.8285905864  0.845172581747      72.4070699915    1.53163194694       35.9383409306   4.32853821286       1.30792476624   0.615348578606            
  203       81.8663559886  0.778849240347      96.0087884677    1.27784348151       81.7145918689   2.17128258294        18.247266837   0.577557910078            
  204       131.784442422  0.716692059233      157.998715215    1.26738584897       121.809068344   2.11746537351       33.5769713835   0.658991482402            
  205        113.53374212  0.799149496256      193.208532747    1.20643700587       172.684216756   2.63831392689       19.9435962331   0.686856301551            
  206       138.468225729   0.58751330565      179.652508308    1.33700660005       150.691333377   2.56146561632       32.4709783645   0.596877115071            
  207       79.2208085518  0.815177241283      86.8896121082      1.731454707       31.9966966089   3.95504647603       27.6267130702   0.453110910362            
  208       31.1521381724  0.729869436006      75.6576838479    1.24160524354       68.9084444932   2.03361981775       9.26007183203   0.462358942544            
  209       23.4563071764  0.818064543153      51.7147582352    1.36808419303       56.1960711696   2.51040591532        3.7702225412   0.562143841275            
  210       39.8619462139  0.796918465596      82.6466234027    1.46376731621       175.357333104   2.36652081825       9.00182942326   0.567219961243            
  211       46.4216202572  0.627060471277       94.540051241    1.26600293647       25.6909912448   1.58589351594      -14.9230522788   0.685548381826            
  212       24.3862521104  0.828346348995      54.4981797545    1.34292766073       48.7068816072   1.90885921236       18.0264936934   0.440439659275            
  213       62.5858075771  0.829152865817      82.6999352411    1.80030726219        23.673872137    4.1355457042       10.5095143307   0.551316169941            
  214       121.156440566   1.06675405694       128.82860623    2.00484714802       141.222071381   5.19794796711       20.2032516753   0.601130011333            
  215       77.5824484033   1.85450292742       172.28432927    3.85051913842       335.417867603   9.75264766829       22.3999722779   0.693061015715            
  216       81.8462029864   1.17462366411      115.371962862    1.96262342493       180.137898756   6.16092394975       19.2067576362   0.608221557117            
  217       41.3817646976  0.857034519581      70.4988663731    2.00911178863       103.218740166    4.8627056426      -1.21314341183   0.593605477219            
  218       37.1505015083  0.930695114438      58.6682797905    1.41939713267       77.9324801245   2.95088076712      -5.87329064389   0.605712891949            
  219       59.5804792795  0.724526040967      102.808363039    1.25847653439       33.5777826723   1.77950236841       5.18861433184    0.54061414489            
  220        41.968293217   1.03233358434      76.2403934668    2.20330449553       110.802281971   5.95332800783       4.85003155124   0.489575753261            
  221       104.685021221   1.11153467584      218.587777752    1.86310631821       227.723604283   4.23592707429        9.7529220226   0.615345721019            
  222       54.9725447131   1.49546800544      88.5229613319    3.36556485736       213.219417878   9.59819170376      -11.0174183692    0.69824539956            
  223       70.7860873715  0.760153870269      189.053493419     1.5095668525       233.651632174    4.0882210208       11.1487116139   0.581978545611            
  224       409.982604608   1.72066320263      1359.94200352    3.16044754783       1883.62900154   16.6537040379       20.5757631413   0.586815192905            
  225       37.9601043919   1.63077967604      74.7943437091    2.46117205791       231.397112864   11.1337726513    -0.0660350824793   0.545222157083            
  226       27.9750823959  0.805530854606      60.7511332059    1.52604219613       44.3236741981   3.07482911437     -0.914737423637   0.475501015727            
  227       16.2977105099  0.671929576974      64.5354739163    1.31648105501        124.64804868   2.52747500177      -7.97670538852    0.49096408552            
  228       47.7643719617  0.675419899695       62.438248256     1.2219843135       57.4827139068   2.56830342973      0.477651300963   0.622154599925            
  229       73.2472434123   0.68514760428      89.4869591739    1.16251657273       8.91247844985   2.54773521971        25.658920277   0.586533182011            
  230        19.892575909  0.871324513501      59.5280906855    1.60452586574       116.265595282   3.72011300253       25.8610899127    0.37536384895            
  231        129.43339282  0.838000111894      231.916175979    1.75572198712       248.099288547   5.56427599388       9.23286847096   0.588065991507            
  232       62.9486185696   0.91060505693      78.3788010402    1.80128576404       75.0800462199   3.96786404946       18.1460215287   0.497794724997            
  233       146.071917939  0.998026697086      174.092598887    1.46269854191       122.526219231   2.01482304528       37.0602003947   0.644948966366            
  234       33.4601272767  0.904030094343      84.5004125226    1.40901821436       45.2802751058   2.90574017599       6.26608459446   0.557724491717            
  235       124.164997228   1.78430992251      297.747471938    3.64615107153       337.498953423   6.40887806195       30.0927343481   0.931261055125            
  236       54.2322658169   0.74959697648      55.4293899491    1.25513923982       24.4949756928   1.94484605513       9.07239624562   0.541482149776            
  237       193.793850271   1.03403416652      240.490652256    1.85022296825       273.948020762   5.37999915347       48.1248108484   0.808097815754            
  238       202.070873493   2.48566524454      449.263312779     5.4182532369       546.807315321   10.1544599011       29.4369087285   0.785118132538            
  239       48.0897008873  0.697942119518      76.2029317249    1.24916279341       21.9120664771   2.07928652706       1.14603722481   0.558052207496            
  240       132.535854959  0.959044914112      271.038478292    2.03589177883       308.174575015   3.01013219208        17.779190964   0.478827844162            
  241       196.229556594   1.94162876351      361.390400865     3.2854729878       302.510262532   4.12691131167       52.8646690885   0.675404748254            
  242        96.872946125   1.49227813986      199.995117534    2.88226057484       385.337268681   6.48854995754       18.9071364629   0.993427282391            
  243       38.5470456407   0.76048235872      49.0821040416    1.37378910726       32.8884833351   2.50841135118       8.98761037806   0.572391664746            
  244       60.1364060842   1.02782975545      68.4960976112     1.4672181441       50.7659534121   2.18959788446       15.2966296605   0.588275662063            
  245       70.1883731425   0.75838966926        82.18609718    1.18472164671       44.1054307066     2.307555179       19.9847405265   0.509544175698            
  246       51.1014169882  0.748127323445      69.0175684364    1.34479895783       64.1993093143   2.00643320343       10.5911820974   0.657019761307            
  247       64.5088625142   0.71804718978       75.750156006    1.20341332245       123.946241751   1.86616556026       20.9608723437   0.572310845584            
  248         101.7560573  0.943701322028      221.227782099     1.6639428422       256.252593475   2.38738404094       4.30926238356   0.489811279435            
  249       58.2090555081  0.896170289492      135.966201971    1.95309454849       212.747912505   4.19270333843       16.0230825792   0.500180469305            
  250       34.6114761159  0.843375471627      53.2785839639    1.38186968465        26.073569159   2.65189943695       19.9669277792   0.689237773444            
  251       8.79807560529  0.669064954593      22.0555232428    1.00996574095       32.7187241525   1.32677633748        4.0274613468   0.383599366495            
  252       36.3737427983  0.781265906788      45.6744071675    1.45158641607       91.2846933893   3.13660087146       10.0251394723   0.491177885675            
  253        21.926759852   1.58326398428      44.8585450799    2.28259047328       149.106726284   8.83386804018        4.7196216159   0.612722933937            
  254       33.2187673585  0.860042613058      89.3026205621    1.37872007138       95.5603236947   2.64161541813       22.9377982248    0.55929575434            
  255       13.5822699336   0.79028205228      42.7726775569    1.33456856409       74.0820232133    3.1653653086      -2.00698537581    0.49241229614            
  256       54.1445415461  0.771805339184      79.9636718131    1.59653707921       74.5964205394   3.16043505467       8.59755820381   0.621785390743            
  257       16.9334244363  0.840044892109      44.1912409173    1.43790708344       2.81161918275   2.34427328163      -2.00156938577   0.494527039965            
  258       39.7819684514   1.05574941106      60.0681386006     1.6737099795        101.87851898    4.6440621506       11.8093251828   0.496001371647            
  259       39.8937532801  0.843121570356      81.3510780326    1.18329732521       134.782219715     2.531907984       5.60997814712    0.56740321133            