# id F89 E89 F90 E90 F159 E159 F156 E156
   1      80.898401805    1.88184811929       145.502135247    3.44117960652        238.128412796     7.94323159258         14.175713126     0.691232978721     
   2     21.5228603915   0.714156797539        68.864615238    1.29190188536         122.19282437     2.77738735768        10.7985664297     0.522531020879     
   3     22.2267231197   0.498059418538       53.6840279372   0.913367545382        6.32270710212     1.81258117485        11.0128809661     0.297735014126     
   4     43.0904316431   0.665869002952       69.2241095536     1.1060220449        285.849210975     5.97766532591        29.5269338618     0.646505979172     
   5     10.9452028447    1.01714104855       53.2341206055    1.81038462889        21.6512314663     4.32287112369         -13.05784195     0.569891855636     
   6     12.0334212469   0.691796956622       19.0668713653    1.55813644483        80.5974331958     3.44778088845         1.8781693839     0.318767531882     
   7     86.9909093671    5.21032734493       209.320925175    7.61541478935        162.602301817     11.4349738784       0.595019852881      0.93841185262     
   8     68.0480892116   0.773102457876       87.0372536216    1.19134762661        3.04436565151     3.42572945506        3.00864551083     0.632254485271     
   9     79.1627993891   0.889763958781       90.8992375182    1.22625838773        108.442081211     2.50698131963        9.77001221255     0.654123242138     
  10     38.9009540244   0.689286004861       102.598720473    1.17058771114        182.921113167      3.9865272506       -1.93011360727     0.547848070799     
  11     22.8380344937   0.650167496304       59.1445932916    1.35928212182        140.782769698     2.65339510461         13.874087252     0.274530413129     
  12     168.011658867    1.28143609186       388.213456868    2.53249516377         719.73687997     11.4155817018        22.5169794729     0.712620374817     
  13     10.2418479978   0.709845256052       37.5765838486       1.05196479        34.1767569001     3.09855656048       -1.48709933383     0.499945374959     
  14     11.2357309458   0.777231643367       31.2033624153    1.61173688165        66.8822977166     2.91290221037        9.64065559863     0.307965427149     
  15     128.718075456   0.860672153889       138.164657292    1.24799744858        63.7167964913     3.07213386654        26.2213499136      0.69500671588     
  16     458.185317535    3.01055785334        1048.1107185    6.25260524426        1011.05532499     16.2868597599        22.4791684231     0.629111534629     
  17     47.8320529485    1.16714802253        84.198597046    1.54322797446        32.0312138193     2.93094081684       -4.11276419643     0.536736865129     
  18     108.253431579   0.834705516933       158.581282656    1.32948694018        181.531118699     2.84324044724        28.4098718857     0.623292838916     
  19     112.213877661   0.816802709114         151.0567279    1.47356011313        133.801106702     3.86123170648        14.8092625226     0.561347019238     
  20     95.0496591505   0.938175964512       168.008702619    1.50875085822        223.442639493     3.34834786089        12.7097800509     0.516927746061     
  21     91.5246136334   0.752111078938       207.994481861    1.39010268992        221.902951475     4.20760684672        14.9412318623     0.571520471733     
  22     31.6454894165    0.62758424502       76.1414763346    1.21142486933        63.0857151502     3.35045340558        10.3086038205     0.540062820601     
  23     252.776090278    1.12033334471       557.405434251    2.40995800043        448.406199804      5.2070979169        3.77643777971     0.639033371601     
  24     84.1869551489    1.05744372775       184.325577623    1.56142086797        206.339440818     4.42142089703     -0.0717638478039     0.440799152478     
  25     35.9029849745   0.682570905615       69.6052926197    1.30178664459        104.746732375     3.82827970801        3.37064850338     0.527997074421     
  26      47.302854488   0.852869692283       51.5119434953    1.55105008968        7.84299968819     3.97526117834        8.28418305236     0.669782981313     
  27     101.004495826    0.77994141403       208.389116599    1.52332682462        193.313042369     4.40650044184        2.10628678469     0.596873628702     
  28     24.9393265129   0.783060596095       52.0026313068    1.19514290743        24.7357258691     4.06405656941        6.12017778853       0.3963044111     
  29     94.0852769731    1.13687640882       200.533669238    1.88191582121        335.598999105     4.47003092779        24.0609516003     0.654968578684     
  30     125.975457122   0.656271239313       186.703887154    1.36315426393        224.557569856      2.6407014734        13.9152897215     0.655992267151     
  31     119.102434289   0.836019547603       218.753159606    1.27556482141        200.439872562     3.73028419703          23.38735185     0.631135554952     
  32     35.1604556977    0.80130314858       46.3046733314    1.51677906259       -21.6286191123      8.7070850965       -5.27372674611      0.65077393304     
  33     81.5273005469   0.791107746768       162.115212962     1.4121688873         103.65507372     3.68645442297        20.9814802193     0.480036903002     
  34     16.8117539232   0.844079253828       49.4512122612    1.31588494261        16.8795391134     2.45313435852       -2.38701007041     0.533716182719     
  35      163.92588383    1.25828568731       350.229406404    2.34419375827        225.790144931     4.59152902456        17.6565629187     0.539909835475     
  36     1440.89948127    5.70451732837       3606.16277423    11.1710587667        3637.67298876     46.0670397995        70.5828941603      1.15186516457     
  37      75.300590451    1.77385241857        115.55034558    2.10938236136        121.533370705     3.23875335689        27.4461345263     0.658952507962     
  38     109.230323418   0.799414808978       256.703964314    1.21421068587        244.436803334     3.84436009763         3.9982298289      0.44308849654     
  39     40.3160124208   0.704491145748       90.5115885854     1.3691434085        93.9444291773     2.64128192377        -3.9269434285      0.54728577498     
  40     326.220596419    2.01279205561       736.819532848    3.72971403218        696.581523505     9.93846950631        24.2758573474      0.59575084915     
  41     76.0535056399    1.31112008145       84.7284287814    1.99449641216         53.182381663     3.28774399727        18.4291590105     0.724439586998     
  42     88.9775401527   0.830211714243       127.452453945    1.49235022009        110.189530175     2.51495074102        7.59551390161     0.528251212704     
  43     57.4046526196   0.696891086562       302.791134591    1.32142347948        612.568244827     5.50821378481        3.05743835358     0.531007630951     
  44     126.510862707     1.0165577194       258.525917614    1.74401215144        220.354356373     4.01662108351        24.1603004064     0.608297282317     
  45     1232.69188584    6.06058164856       2243.52518632    9.57499470447        2194.11711538     29.4141152783        113.671072755       2.0011899311     
  46     436.579730542    2.58086362452       1075.52920313     5.2260501325        1172.86447628     16.5400601344        23.1185904336     0.627246650456     
  47     465.111728553    3.21098886362       1264.71999637     7.7174222661        1436.82312853     22.8791587099        30.7111264137     0.610306498641     
  48     84.8932913196   0.797747209475       185.760044728    1.33258568467        222.780383454     3.34172814302        7.76705906492     0.469443302479     
  49     86.8682121394   0.790638316297       298.668857416    1.56502532513        555.300069545     6.24828990432        3.13382225415     0.543127694918     
  50     49.5560295207   0.788737965218       71.4833647382     1.1993182303        77.7466901745     2.36377597411        9.48811464252      0.53226448771     
  51     53.2557936475   0.760081917392       87.0156262109    1.16786427313        79.0942478845     2.36669359642        6.10551739185     0.526813538246     
  52     55.9042181053   0.835875778474       61.5028852359     1.1781444993        68.2548497948     2.44621811099        9.87356409914     0.578521025593     
  53      19.454506186   0.674686122417       49.9999169612    1.14614622485        -33.068436991     3.14846620966       0.151193178991     0.438450317491     
  54     59.5572828499   0.962653183228       119.348435639     1.6141101621        88.4829723054     3.30898910752        8.36474495681     0.511814919842     
  55     102.525900447   0.740030805221       126.852016977    1.08560752415        64.3094885597     2.54992375319         5.4527724244     0.596859251293     
  56     55.4501628447   0.777562338123       106.826991794    1.31527178285        101.724958677     3.08465983788      -0.859709507929     0.455724613423     
  57     36.3116590804   0.736713003683       90.8414630362    1.33993001004        100.046798316     2.85368532497        7.57310713034     0.393544364273     
  58     145.247558816   0.996222349927       319.131339553    1.89898154836        315.049895209      4.6785593991        7.48044575332     0.508004501596     
  59     47.5996324305    1.51046278553       265.095604697    2.90335738544        508.658263817     9.97401395911       -5.04190440953     0.682511341911     
  60     308.367446864    1.53456774551        648.14819144    4.91393175678        544.081788295     12.1006646448        33.2220392049     0.733252456973     
  61     60.2582695791   0.818090312696       152.430219017    1.51785767503        97.2132590791     4.19315535185         13.734833552      0.61049656665     
  62     181.563989264    1.23633823544       258.028540215    1.56428463554        205.594468563     3.97114421712        11.9693794105     0.524339029776     
  63      93.317675211    1.00312425237       117.777872961    1.38849982768        88.0401792495     3.96425679114        25.4706360224      0.63234334591     
  64     39.9277387649   0.881979195008       45.1969909262    1.64581374718        11.3110530568     3.64489097928        4.29782539231     0.636360620856     
  65     70.7796099008     1.1850133259       106.434472333    1.87229179294        136.626816501     2.85667247771        19.8034222911     0.843277994685     
  66     49.6315500428    1.22069680047       74.0397540716     1.6230995676        55.5964355122     3.49371154789        13.6143030414     0.622454931053     
  67     31.6480188305   0.922024548543       69.4656901465    1.36332196524        59.1660168848     3.31737958235        8.54097872065      0.54918822517     
  68     33.9761626462   0.741041358059       40.5120241176    1.20014163915        53.0675209675     2.25712768724        9.98100846764      0.54937727625     
  69     141.507667107    1.63676215287       271.187120904    3.04436459199        141.014666654     4.12188436413        32.1874745603     0.741309898716     
  70     74.7884850882    1.02319431219       147.026330725    1.71662556433        132.002806065     3.01752834117        3.34313079194      0.61038621336     
  71     393.615900406    4.48757992587        884.42314506     10.492771574        1197.28151659     31.3051901869        20.4391807289     0.720788115938     
  72     87.0472266446    2.46211207133       178.773458394    6.36794613267        403.123337683     17.4635737585      -0.502266067732      0.65554882121     
  73     24.3054627114   0.709147097252       57.7980090296    1.19850482477       -6.77081170732     2.89454845108          9.442737913     0.537998137029     
  74      351.89438232    2.51058222291       678.031345285    4.79088501216        629.344218904     8.94113777082         35.411772426     0.873117344299     
  75     1385.23626538    4.39771705145       3395.73912199    8.75007302917        3372.00431896     36.2724436841        53.2678789898      1.01216681536     
  76     79.1728192459    1.05065037906       96.2906577568    1.61132287817        63.0645481543     9.18675487367        6.41230448895      0.74170732648     
  77     58.7721370178    1.14233545421       276.198988932    2.97033949687        1088.31907044     11.8071594697        10.3794077875      0.42274797961     
  78     62.4224850799   0.907154402886       137.291330869    1.41455375524        77.4752412283     2.66809264764        2.40454526646      0.50738961065     
  79     45.4764246195    1.30798442554       61.3319263294    1.72885970906        86.7455319062     3.89499257782        19.4314822758     0.633365529448     
  80     56.8169498044   0.682432603027       130.769345199    1.17474156516        52.7507600048     2.76490583467        16.1968981292     0.515097704924     
  81     196.160350162   0.855224205598       425.127415721    1.37822556907        393.587510594     4.28651827314        3.00592917949     0.627772237884     
  82     26.9281197257   0.704277777491       58.6226346557    1.33985059837        141.025528233      4.1890248405       -7.62102556256     0.596158430226     
  83     46.9309043439   0.653253687671       99.8313203009    1.27665838691        92.2223146731     3.81293505858       0.174284528385     0.584932304267     
  84     19.0450425152   0.984968251402       35.6855985366    1.34956857719        29.7305926141     3.37790285858       -10.0490953062     0.577026559102     
  85     33.6022151644    0.77363543969        56.766873942    1.43227369356         -36.41782937     2.96315375499       -0.80982384006     0.406280434395     
  86     458.567837599    2.79452289371       1066.00607824    5.82929249784        1082.76074903     17.6771194276        21.8202636786     0.744051876433     
  87      30.367758935   0.708951597956       65.1752648617    1.20608835639       -33.3610429668     2.55711489013       -19.6645651319     0.627291433157     
  88     49.5721389359   0.742242389659       87.8694033706    1.23420200843        63.1961708841     3.30218716339       -3.00119281361     0.556689783758     
  89       173.4308893    1.41327774967       576.768882314    3.93354154907        776.741145796     8.50974728715        21.6642278114     0.641005845136     
  90     98.0946145303   0.725511460026       130.275351849    1.35356682085        147.008449616     2.88960411397        -2.0853204973     0.440075703911     
  91     28.3089179224   0.850787399289       62.7054997366    1.30195589705        99.2182014722     2.82341356805        4.90710360866     0.536871845601     
  92     55.4926586051   0.723903690423       71.9779622436    1.30797839705        44.7032710855     3.12294603574        20.6678844349     0.531320328306     
  93     104.167824127   0.956251207738       296.092807746    1.67697215115        258.860444283      5.3194258505        10.0077948821     0.424253380651     
  94     72.7947017262   0.849529100222       148.074266682    1.23005309756        70.7571669088     4.31855350097        10.8793374987      0.38305671735     
  95     53.9382950782   0.721125677404       75.5846086926    1.19316766516       -29.2741617893     3.07434484742        15.2405298568     0.379818835829     
  96     137.566474921    1.50937996616       314.873011334    2.86214277221         359.64132202     6.21031947482        21.5494879389     0.389981975036     
  97     241.910626198    1.06574968437       549.912860154    2.28064669356        502.666703158     8.92430744795         6.1994048184     0.658026881731     
  98     374.592701283    1.43863069026       921.974989265    3.36109824418        901.187914411     12.9126735281        23.3358938959     0.557137720349     
  99     57.7507418381   0.648712283471       128.461232817    1.37125396849        113.949246337     3.35517708827        1.97174911145     0.533417557894     
 100     65.9899793225   0.949432826705       89.7792332477    1.78644263535        93.6434320632     4.03097825978        20.3045684292     0.495793545698     
 101      45.979772144    1.00806708167       69.9526915604    1.59962428267         128.68363268     4.03650679862         3.0136318625     0.391433835538     
 102      226.24642072    1.74271229764       515.422482683    3.49632384467        540.583423842     10.2097328823        24.8155288203     0.549632748506     
 103     58.5576549496    1.23929353437       108.081974286    2.14693806677        132.134405884      6.4610189699        3.18628864916     0.483169928333     
 104     819.490913997    5.37529894265       1895.44766891    10.9126982859        2089.39521804     30.9735506409         39.833342927     0.952538701911     
 105      45.125622245   0.816634311644       141.092445602    1.25986462263        193.224372843     3.11164589656       0.641269692355       0.5804795813     
 106     265.576199973   0.952796330921       650.416332882    1.49596675459        616.297537705     6.07825145417        6.05540222267     0.410305337886     
 107     29.2401736538   0.824310472634       51.7514823195    1.33458541864        8.39138522066     2.91622619028        12.0617097152     0.461140119818     
 108     66.6786425317   0.666865068409       133.702321714    1.48766713237        118.796026705     3.95907442569          15.15924463     0.476592793662     
 109      207.13255019   0.870146621811       802.224501223    3.24450171993        961.713971212     12.2337257962        3.98657361322     0.585840093621     
 110     28.2911190825   0.796325014945       49.1481888297    1.07145864869       -2.34577662136     2.88477141324        -3.9448211192     0.567759254975     
 111     31.8498696247    1.09417650555       49.0650499024    1.88170758944        57.9735551478     3.67171252118        -1.8544709884     0.455446037904     
 112     40.9124903854    1.18758760537       80.1855052919    1.81851920837        4.77219539985     3.80173087218        15.0955524445     0.460044350944     
 113     34.0209063853   0.727433750986       62.2819825055    1.36969397983        31.3068770701     3.37738289051       -10.3751411763     0.534521493914     
 114     29.4192711337    1.22172086315       52.6502830088     2.1104386921          55.95674113     3.87090077027        10.4839903584     0.575997648781     
 115     374.360686485    3.46666460068       1101.00006658     9.2371264207        1441.48867333     23.6597683401        59.1068810586      1.18954559284     
 116     787.303091544    6.32317195303       1244.11523661    10.5420654009        1265.72198177     20.9998621645        82.6724655201      1.34774568402     
 117     7388.05186014    47.5922079119       19441.9383807    105.366834884        22220.8104772     338.889921356        358.071906117      7.17330869018     
 118     38.0535837403   0.779202959445       60.0802089164    1.52709558664         25.490331814     3.14456907863        15.3611306757     0.484761318435     
 119      128.65470233   0.885737736436       242.970214958    1.51315538549        204.258164728     4.18988778835        7.85019838579     0.445734053415     
 120     72.6648573739   0.780871547971        98.157541577    1.26811719163          74.38259335     2.32727421166        15.3917042336     0.662822881531     
 121     25.3742303941   0.925559644341        56.864608003    1.83448656875        144.630124689     4.60759480602       -15.2886238706     0.431932499634     
 122     43.2454489173    1.19327968761       84.4514430027    1.82721955442        43.0954015735     3.86720271084       0.764503680801     0.476768848513     
 123     68.9297017606    1.54316342164       142.130272273    2.73537348153        116.421392501     4.95407287989        14.4508101567     0.466588177807     
 124     135.255895159   0.767580275832        157.08426845    1.47838027822        204.785615904     2.75172278836        23.0873921485     0.636045419656     
 125     59.5575632077    0.69088656292       73.7110549355    1.26990080407        33.5654640331     2.84489327136        5.70995546921     0.478910439575     
 126     1968.70660263    10.2353419153       5113.24550825    22.1022473015        5776.09533946     78.5887715064        91.0223285285      1.72327130427     
 127     128.653870902    1.56812879836       232.934092019    2.40372428586        435.796874104     6.57371128529         41.307502033     0.750164198284     
 128      27.719727413   0.508294033491       34.4689217874   0.783224847351       -32.5852635785     1.41851698854       0.896372763369     0.380551918487     
 129      161.34264007    1.07018075594       302.437285937    1.71223837073        139.045736735     4.03922047778        27.2600384998      0.65834742999     
 130     402.525227182    2.26529952724       901.061520896    4.08991760629        921.797496155     11.3085646332        17.0753960181     0.777818692736     
 131     11.7841390017   0.977569964161       48.8824621148    1.78292706679        124.080496357     4.03654908894      -0.544980542307     0.299752531645     
 132     258.711283222    3.42422680918       566.858015392    7.64841452155        2869.34480668     27.5554519128        56.6961567656     0.751351660151     
 133     346.152083053    3.58670169791       709.619103803    8.29811816474        3440.01530285     40.9052471326        51.3501381605        0.760633096     
 134     34.6764755771    0.77322764984       45.6980514348    1.33146606373        6.14530930202     2.95118395697       -1.75555058631     0.467390248267     
 135     125.346939122   0.935970216986       288.080012816    1.40543932727        240.105399909     3.95604465931        3.52047687008     0.564485304898     
 136     96.2006744558   0.934775601248       179.678779166    1.36000454042        124.186986038     2.39757498791      -0.164306340185     0.627655093398     
 137     63.6894448531   0.702899546028       166.834386219    1.38302057165        136.286309111      3.2426179768       -2.19602365736     0.542979417811     
 138     45.2686379325   0.639764632843       69.6694330353    1.35291030792        60.9642453661     3.38818443309        11.9596932165     0.571581059268     
 139     68.4249842682   0.904361676773       129.062167727    1.62707731833        64.2111518974       4.230778457         -8.183212489     0.526826578895     
 140     23.2263031443   0.740080675968        62.739347977    1.17552955868       0.882207504942     2.72378988553        1.67459796997      0.55366296884     
 141     74.3432435983    1.31433892095       93.3370440217    1.96325844288        82.8479629496     2.63722470464         21.990405226     0.606454036286     
 142     409.752100569    5.93684781215       1009.09853067    12.8994435429        1314.16822804     23.8308218501         36.704778097     0.940822777866     
 143     96.9468686126    1.85611679594       143.207967182     2.5455349193        276.595606023     6.22678246259        28.0073562757     0.886233900102     
 144     73.8467664452     1.0112312266       107.787189534    1.51425801593       -24.7805861814     2.78960144495         7.3380876972     0.742622482397     
 145     23.8354521769    0.73786309502       38.6544934393    1.21877577338        55.8277662073     3.29148355433        2.91372795139     0.426575342381     
 146       373.1465778     1.1463245298       666.411849029    1.76594169388        418.097132052      5.7369389579        84.8222705107      1.32873062335     
 147     109.228483115   0.828919928859       241.638511723    1.39142922307        234.842014125     3.83325477083        4.89211452039     0.677380635381     
 148     5960.81438775    27.0885505436       16193.7846387    59.1330894036        17815.6634518      222.47129786          252.0419049      4.53207554298     
 149     23.7318209238    0.86394853765       41.9574518931    1.91351081874         64.185999076     4.16922671912        1.22879835743     0.541754410167     
 150     35.5354996521   0.766672570149       102.382555386    1.47363696645        12.6505731234      3.2087561626       -3.06463734887     0.433073875307     
 151     9.64752852148    1.06154909242       49.2950886894    1.98300793123        82.7057394204     5.15028326101       -11.6717665631     0.400105760365     
 152      56.870265217   0.877536819934       136.767420236    1.59472277968        106.475665993     3.76023405465       -11.4740877856     0.586877630007     
 153     50.1583327076   0.867427610619       74.9100158132    1.50382733144        107.578917621     2.97608958862        3.02317626159     0.362509992957     
 154     247.953799168    1.76801446155       590.571665493    3.57473334799        660.279133338      8.5426458629        19.8004577151     0.516471430566     
 155     9.78691544415    1.10168358361       40.1905515142    1.99298804364         121.98485224     4.28161417571        12.6509430662     0.564911825082     
 156      344.86321221    1.68891876496       809.952949219    3.28252157232        675.456212304     11.2689406498        19.0637724534     0.576486423721     
 157     38.0531771862   0.958346534889       53.1105084622    1.56468435561        56.2480461666     4.19563008245        13.3288451748     0.559556763843     
 158       29.35458498    0.65909495989       38.2529984522    1.32466280719         22.171702548     3.88090583417        -8.9708380521      0.45013644463     
 159     28.1310872762   0.787609502863        50.414199805    1.42096238674        72.8575413219     2.58138729132         5.9042555811     0.543040057154     
 160     31.1043133484    0.89267140147       63.0205408607    1.53021113896       -10.2713888811     3.14286897528        4.47771819325     0.479725049285     
 161     554.970396796     3.8856132711       1281.68531201    7.84971324925          1347.640313     22.3129519021        47.9317025898     0.750495780999     
 162      48.004983758   0.838436010749        81.849999479     1.5336201973        46.7408351994     2.53760369229        5.58200856695     0.621341090085     
 163     354.882473426     2.0903982847       803.644386705    4.32465633117        900.225907169     11.7306638097        29.3128485411     0.481348793151     
 164     142.450129052    0.82495335117       164.542017721    1.19361485937        92.8590324709     2.92060450998        17.0451502223     0.769593908607     
 165     83.1658110418     1.4224537239       168.585264606    2.14391750372        157.193636318     5.03353588862        26.8773070618     0.794619081334     
 166     60.5942956668     1.4531082649       116.451941328    2.25546668504        224.989660717     4.55088778141         5.8184490633     0.783407515171     
 167      222.74548232    1.26881089911       519.883602859    2.20644841624        462.407802837     7.08457732128        16.1033179596     0.600876738473     
 168      14.916391393   0.666602215007       56.6178775757    1.11356396528        21.3072788838     2.46479774803        5.77030313984     0.449766425316     
 169      37.386007965   0.771212119841       53.1571974039    1.33590237084        2.08307767565     3.09120665642      -0.681174412315     0.578501533188     
 170     18.2880353385   0.771959201041       36.1734491705    1.21394620649        46.4028021583     2.81531921457         8.1910678526     0.456501190698     
 171     89.6687053474   0.726917249094       180.402371528    1.34870452415        130.246913416      3.1924775454        12.4446259932     0.441897283889     
 172     32.4577687405   0.756911262669       58.6048282693    1.43622812044        40.9985239469     3.52646794292        7.45433326862     0.496727799752     
 173     78.6344254338    0.81493365807       226.560385965    1.57020457486        254.490335783     3.52106245771        12.7094145865     0.476562362879     
 174     293.829232404    1.83041311192       753.555004352    3.37292387373        692.660037795     8.08124109113        35.2641952764     0.846265483582     
 175      34.575422465   0.779736759259       59.4935610613    1.37352613129        24.5064441633     2.74782649644       -6.87248247379     0.534162953613     
 176     59.7850473346   0.840603743666       76.8074339295    1.33346146284        37.5368855269     7.43801871048       -2.63612496843     0.565041323183     
 177      165.07448406    1.50733636121        296.75723811    2.31276144296        252.241984854     3.93163666005         42.030252907     0.824809695111     
 178     200.856365638   0.934638533765        446.56874644    1.78676823855        394.687487631     7.77491424111        25.5751760107     0.672392084952     
 179     54.4341276363   0.769484435149       69.4552244464    1.38497667254         107.44323841     2.79486775242        4.03385984319     0.666179680969     
 180     45.0798817169    2.39678644221       69.4961837562    3.83707625663        161.206273257     5.02176831214        8.80284480527     0.659094276363     
 181     37.6386010998   0.815880316387       57.3758431236    1.26516219882        131.262738064     2.74245937438        -4.1440618639      0.52567802341     
 182     31.1304588717   0.716784129908       72.0603947241    1.09929518948        48.1490516694     3.32717157227        5.48591625072     0.637529864743     
 183     87.4459188895   0.810504611733        130.06370905    1.36154168089        95.9760165043     4.59658785845        16.0753912408     0.753907353129     
 184     359.027196799    1.37069954825       1524.65988206    3.71431545752        1671.06949449     17.3052740121        15.0563349695      0.55563916487     
 185     17.8524662572   0.800043973717       45.5742181811    1.22440659325        24.8510727938     2.66337182452        3.28129469234     0.539917570615     
 186     599.218548152    3.63784645341       1590.76412713    7.90947455811        1739.14490191     23.2813767091        81.5418998404      1.68128445025     
 187     261.700402685    1.50500084481       579.126277094    2.71661729982        558.211813826     6.50104819852        7.72616984963     0.507680534458     
 188     24.9584299248   0.597469971959       72.4180270524    1.05258569542        89.2723710965     2.75280177595        8.69121376138     0.307376448632     
 189     37.4682694012   0.962058690164       39.3669305979    1.67879784586        116.815708921     3.54945319657       -11.1662466933     0.667217700743     
 190     41.1064919575   0.789276716716       83.5699184953    1.17985723546        81.9856173587     2.70096421717        7.15851401464     0.474860087931     
 191     28.2171442213   0.753935448161       54.1494126696    1.22525750589        50.5318411324      2.5624401485        6.35473219791     0.469908275709     
 192     490.470962081     3.7934837578       1338.04380203    9.63207946424        1467.54901926     26.8937625437        73.7020257531      1.54893015296     
 193     105.088904263     2.4768845064       198.722480568    4.44192868461        310.797479196     9.67685357896        25.1255882851      1.04325689462     
 194     28.6117011147   0.741044770344       51.8629950493    1.47552732662        61.5781260776     2.75299772973       -0.21279013787     0.585941258932     
 195     32.3089406319   0.687061204293       41.9072751435    1.17091438614       -4.88244740565     2.94464373235      -0.747225930584     0.454346692791     
 196     30.3654580611   0.741950553288       50.4493314142    1.24060918056       -25.5703484627     2.79814168703       -3.08335769006     0.454516383729     
 197     17.5922419136   0.744079574247       60.7701773209    1.30978577383        5.32207053195     2.97454891182       -4.73771800261     0.562089256511     
 198     82.1120023469    1.56740040634       166.871218928    2.76729699819        316.810259704     7.19073101392        14.4016002261     0.532916564083     
 199     38.5659489566   0.728305519175       56.3232194607    1.16891495035       -26.1333196993     2.85489023121        16.1401707402     0.480917854661     
 200     56.5472091997   0.705925148236       115.040554466    1.29820261833        60.5500582048     2.95884684625        6.65305957374     0.474901216402     
 201     129.406943334    1.19206749689       285.642861016    2.23948109837        301.501565399      6.0802667731        1.21813687089     0.616212548111     
 202     50.5501521058   0.722091243329       111.626411629    1.24548239011        162.616297673     3.22971242844        12.5300644581     0.504273215774     
 203     120.100754504     1.7944619544       365.765874486    4.13873400468        693.399643347     11.2868902633        30.5940953548     0.824113534599     
 204     305.045151199    1.78846974999       670.126047035    3.40121435132        613.363042564     8.86226037538        51.0478381604     0.784521956705     
 205     580.791015617    2.63080106535       1626.78945909    5.68823618681        1640.19760675     22.1331648687        30.7798134123     0.561237157471     
 206     27.9835931269   0.742136194822       71.4591820404    1.23807070118        68.4837152378     2.65550252067        18.9057761458     0.345517746253     
 207     433.387459614    1.72646302188       1125.70472252    3.72855597728        951.800653226     11.7455808887        51.9948662258     0.922674401454     
 208     94.1395565589   0.861685418825       127.166018769    1.49150001587        140.966311557     3.85714903939        16.2050471831      0.74407216227     
 209     32.9635049884   0.741273592199       65.8406238358    1.11595422946        49.8523905475     2.33361737223       0.727187015763      0.57451216598     
 210     67.4233618928   0.795122333994       100.241894504    1.12136950575        71.2160495837     2.74477804844        12.5104214435     0.538729045909     
 211     246.805672596     2.1606654792       394.151497403    3.56542656697        403.667933644     7.49806773681        31.5252952483     0.937225285017     
 212     27.3930307604   0.845509978759        215.72009322    1.39947902269        477.565213292     6.56235853819        15.8655661313      0.37545884124     
 213     74.0138309171   0.814778807678       117.036826524    1.25718024852        67.5525042295     2.79091597157        27.3409034693     0.554079179478     
 214      13.576505653    1.29292362664       38.2874036628       1.87826581        48.0163546958     2.99302103947        5.46214299395     0.551562714627     
 215     95.1591572874   0.784642584334        102.87468022     1.4376950769        105.825772245     2.70478348931        15.3957813673     0.530947992692     
 216     41.7788626323   0.683202412023       50.2709562298    1.35711268262        4.09442494228     3.10642481581        22.8382152808     0.475827501078     
 217     103.413318539    1.04986034241       150.307918875    1.39108690773        89.6073598438     2.39296265101        10.9420269239     0.601141514861     
 218     32.8739486702    0.88062734833       39.1816295895    1.29019905615        24.1493371224     2.93020460184       -3.02485919387     0.577935441285     
 219     11.9330364987   0.679268913353       83.7626985503    1.28561943641        109.940303852     2.85871178962         5.8587639708     0.531837243343     
 220     145.003705208    1.33796757833       306.922491607    2.43491026621        514.460872402     6.34751177766        34.1395724019     0.398159871927     
 221     69.0854043555   0.784126859476        84.853283619    1.38307896708         129.27804496     4.52479381639         22.838279801     0.653975394969     
 222     236.925038432     1.7016054472       546.329087294    3.41211859624         554.66329955     12.2692525015        20.8306418105     0.803933971759     
 223     34.0643480171   0.835694678417       60.9942673896    1.39940266648        151.377416945     2.93335735553        9.60969382191     0.625971086591     
 224     21.6897331748    0.73349031881       52.4929356345    1.44310069728        36.7408717851     2.49098882672       0.523651723771     0.462664698186     
 225     122.408886371    2.84328310569       201.767985428    7.27637756426        212.407388862     20.2952769068        17.2348332816     0.764075571495     
 226     431.794166039    2.88744653622       1414.74499015    6.27473249085         1515.4683796     23.3839053434        35.9440389149     0.889963015652     
 227     88.5737065382   0.743506293577       230.293525862    1.50790650551        226.620544825     4.61363544882         0.6061138161     0.629351315135     
 228     527.041307315    1.95427653407       1527.05915174    4.55983827928        1513.81358451      18.273770225        35.6797147269      0.60777835288     
 229     39.1072918318   0.703936221636       103.319497817    1.21585822147         60.172323785     3.09780042538        3.54197081547      0.65656171286     
 230     16.5081731165   0.732438695281       58.8768328217     1.3212818227        83.6049260077     3.03497970386        9.76420377086     0.421794462142     
 231     274.855863692     2.1204546905       667.428814065    4.28553679622        667.436193773     11.5951561968        15.0466672565     0.517251466473     
 232     5.49873486487   0.672137497566       84.8399279093     1.1187119353        221.691106863     5.07599393744        18.3585718058     0.631059989445     
 233     201.402662056     1.4101607679        460.25968652    2.73886881576        477.912828739     9.53929468916        12.1008298723     0.815854755305     
 234     49.1934166992   0.748681923572       110.447814979    1.31199413671        127.915261061     3.17541748258        0.17439042558     0.681005239627     
 235     78.0801989254   0.949499561928       157.883973712    1.59600006875        159.695033364     4.41995827301        5.71906331084     0.682100848113     
 236     82.9886652082   0.791436679479       91.8300416073    1.35131982107        81.3541174531     3.17000042299        18.9407396505     0.776266646956     
 237     39.6587709411   0.837088295965       45.9445898183    1.36489249313        88.5115194094     3.93256881178        19.4835765158     0.684739956852     
 238     149.459335784    1.24317240934       392.172696322    1.88590772068        361.938450376     8.53683732652        13.3216585829     0.852670293359     
 239     48.6436038603    1.44768604091       92.1609320288    2.03002419447        154.025257104     6.90173498178        12.4362564782     0.814699209131     
 240     16.1543644849   0.613762008749       35.9310757703    1.23997559982        130.917207449     3.06183779151       -3.78836347123     0.348702854512     
 241     87.6017348863    1.21648539411       139.961343238    1.55465022428        212.393497991     3.59159673529        17.6121833099     0.665227011884     
 242     20.0471504302    0.62892556166        33.468797335    1.35565711188        16.9637582147     3.86092289616         3.4979150316     0.519757705241     
 243      274.33037331      1.063870979       454.646691578    1.56541477385        385.092450407      4.8326582344        17.2145988492     0.590093930992     
 244     27.1514464214   0.686855810576       46.9894417333    1.14172914339        107.913091288     3.10008361269        2.28518399119     0.581107265995     
 245     700.616160959    5.28999194874       1542.23621066    11.9418931874        1877.55256405     30.4938725408        61.8133897402      1.27491861001     
 246       154.1760632    1.01382007508       328.157981105    1.71025085904         312.02096078     5.15491985932        9.42071345464     0.476069331636     
 247     53.1813685107   0.775355291714       71.4589125171    1.32851402206        72.0487592446     2.68369828931        7.63689591082     0.606372245463     
 248     39.5762740212   0.714200479282       93.5346092398    1.20422034091        136.365793805     4.16198971483        9.66876897522     0.466341471781     
 249     17.7565815751   0.664225640312       57.7492401899    1.29777423076        96.2149973919     3.69081747951       0.848669409699     0.460487921418     
 250     72.5919314245    1.09480587004       194.469347777    2.30720409171         149.39826045     5.70518799508        10.4990304273     0.607459763418     
 251     16.6875156741   0.618806423918       33.1940954524    1.36421094304        23.3114213802     3.34665222638       -9.31057884268      0.31606935867     
 252     14.2172935679   0.659442565384       39.1154442198    1.25166599251        74.2147561413     3.75119378275       0.327474905901     0.493942042389     
 253     53.1029719102    1.10269834153       65.2648899724    2.11957122073        71.8997421949     6.07363394756        2.59239849848     0.710343237305     
 254     60.8849938085    1.10660496011       165.680864553    1.90917190336        389.086119309      7.3784776463        9.57173035498     0.856636048404     
 255     132.235247838   0.849611707995       331.938734992    1.80207024496        359.088649474     5.57041601808        26.6352798376     0.756237028311     
 256     26.7014688014   0.649651922973       44.1655162686    1.17558927134        11.9288768021     2.58376717076        1.91488062767     0.451202440071     
 257     33.6748662353    1.40107466071        49.128797716    2.23834330696        109.987633873     4.63884179529       -6.39289713819     0.591683383649     
 258     110.823881226    1.04599817427       171.054822488    1.44965546933        120.009490309     3.62781410861        25.0909510596     0.925395551535     
 259     39.9594812181   0.711966468706        52.289320061    1.40483037371        50.8064502563      4.7282462445       -4.80062289734     0.553356760852     
 260     32.9516743189   0.694206624603        84.113553197    1.22471686834        138.026842009     3.47794096386        20.6109735277     0.509680844688     
 261     43.7988721968    0.77427380685       60.4612030652    1.35523115125        38.3170209323     3.26501176113        9.07969258279     0.671121882234     
 262      142.02435529   0.708764479315       199.516238397    1.18588184087        108.774430962     3.39500626359        25.6229664592     0.546904845733     
 263     18.4059087212   0.530460950009       35.2659150683    1.23684742091       -64.8730967603     3.09648796164        -8.4703829725     0.362177652406     
 264     30.9937009978   0.724391994288       147.596129132    1.18919393553        277.902920007      4.9243187607        4.65175190972     0.426617592103     
 265     53.3309010959   0.848755963342       61.1145469159    1.23890197967         113.25900573     2.56523810029        23.3943133246     0.685119414775     
 266     206.568479841     1.6254641332       436.960056723    3.11659132467        455.406643616     8.57932257899        23.5334247951     0.654335453502     
 267      27.919881539    0.55180858711       54.5158860344    1.05497678706         88.965464591      2.6890040634       0.144751500891     0.431310492309     
 268     12.1686094515   0.371292617743       48.6591895241    1.02591243402        96.5171676681     3.30994495795       -6.31932523421     0.272600523189     