# id F89 E89 F90 E90 F159 E159
    1       53.3053056716   0.884028625359       100.273214828    1.43378822811       165.995317011    5.71381415859        
    2       111.399707791    1.22429592832       163.168777525    1.56672794932       291.875677785     6.8651966278        
    3       205.590458875   0.874481197673       232.748014284    1.46605222387        187.76305505    4.80314719552        
    4       14.9590504692   0.836136498997       43.4099771987    1.40696107953       187.968876462    4.72214599675        
    5       62.0830907698   0.886121707843       71.0974872473    1.12019560341       26.9743795143    2.45210062344        
    6       103.561857774   0.854051144217       209.333859438    1.53648606271        189.05283108     3.8569957294        
    7       38.5878096686   0.784784504021       76.5258152288    1.44644990244       57.0339311635    3.02234916064        
    8       116.044249743    1.53664067242       151.695264019    2.03384909534       231.700005912    6.77073707643        
    9       61.3397098863    1.26724893096       132.254797712     2.2920817099       209.157343664    6.78834851691        
   10       27.3549471319   0.851213226812       54.4526217619    1.39385465961       3.74143366959     3.9276083926        
   11       13.0798634005    1.03404678253       46.3350618165     1.2565714436       73.0676023141     5.8536092249        
   12       646.558999553    7.30978854371       1520.12779861    15.0294589368       2304.46317405    35.7145289453        
   13       148.394911268    1.77409236915       273.019868979    3.25331994025       2350.77918214    28.9363529981        
   14         68.84145099    1.15263648751       116.350456142    1.98460412735       580.486934383    6.83727728535        
   15        28.981012506     1.0891971242       34.7962277518    1.38269159082       151.824540501    2.08490641548        
   16       34.2291176767   0.961602868898       62.8618995771    1.73366297151       175.791736463    4.78689687158        
   17       35.6979988379   0.789637472216       49.5954660157    1.37220998936       16.7422264626    3.04639506872        
   18       30.1293797491   0.886757956797       56.8210757918    1.22342503082      -27.2796425658    3.16456790913        
   19       1032.69789931    4.16617148089       1310.89693076    5.67884006451       1239.22146468    13.1011655995        
   20       22.7860817921   0.765631413748       34.2963666356    1.22593121134       42.8441691965    4.71931058531        
   21       64.2173293315   0.922525320709       76.9221664977    1.35010442287       34.3384714653    3.07107371959        
   22       453.197668227    1.97285919564       993.058154572    4.28276151649       1150.19682887    11.4170123071        
   23       23.0513194502   0.874474358949       72.5373568124     1.2422998458       63.4852383211     2.8680694535        
   24       146.338989161   0.876110554506       300.353746518    1.65531068845       318.930340363    3.75762169474        
   25       202.340192413     1.9473694431        363.52384677    3.00236317896       330.979862323    4.90972061021        
   26        66.680216588   0.878681935929       65.6897566258    1.16704482462      -22.9498764366    2.82071867474        
   27       41.5049354093   0.866703810781       72.9528130235     1.3990051992        55.853692277    3.46391535516        
   28        46.100386193    0.77858199178       49.4925974257     1.4254629689        18.949620386    3.30839830102        
   29       43.0696037837   0.897229269973       36.6852850201    1.10975279698       34.0961489317    3.87498001866        
   30       51.6613956331   0.878353508888       57.3612188751    1.38621670659       103.103992129    3.30023285562        
   31       38.7467677863   0.916725444478       74.6315724405    1.40927212812       53.2684874249    3.93778168762        
   32       62.6772854893   0.882623464602       111.963411218     1.5998796744        36.127364578    3.19958860034        
   33       343.289325802    4.58652812623       634.814127328    7.73888043117       762.454900668    13.4620125146        
   34       165.501301713    3.04346955763       414.449433791     6.5370660491        726.97042147    15.2852804852        
   35       26.0039811994   0.779691584819       109.858376882    1.49843417995       123.724579366    2.60653102866        
   36       32.9604807489   0.901162320983        73.480031601    1.30447674131       34.4661801048    2.52419400326        
   37       7.56686222597   0.733068659612       34.7457616116    1.07583244342       22.6759849635    2.04404133183        
   38       19.8634657594   0.628830276327       51.7498183761    1.21127030375       251.412454929    3.97254020302        
   39       217.084116935    1.41111292081       695.992537738    3.77295364949       948.868324055    11.8750964238        
   40       106.569443483    1.20485760208       225.398250147     2.2915510245       679.815940935    9.43416360287        
   41       5.93582033181    1.43529389774       26.6869806839    3.04677439192       112.154898944      10.82443775        
   42        244.77901423    3.72427865421       653.326723146    8.60439020081        897.27670927    17.5135115453        
   43       54.1983126468   0.889574652236       56.8046237127    1.42287786565       17.2406666353    3.48216934688        
   44       66.7079591845    1.27712428163       98.1797263709    1.43141968763       4.70740668037    3.51018415614        
   45       252.993529302    2.34161646549       536.062257824    4.52399732548       619.384231052    9.94161858229        
   46       83.3378853335    1.52250578097       93.0571444358    2.06067606153       69.9959314048     4.6321378258        
   47       114.070002168    1.49339649479       250.335854471    2.67057883447       268.842687182    6.37487418324        
   48       72.4211611585   0.833942101008        130.03727654    1.39340929165       11.3526356137    2.41048532494        
   49       87.5003402034    2.30964099049       106.601756316    3.21727983643       150.751519215    6.39311952905        
   50       1710.69256612    11.3987883714        4276.5049863    25.0075331256       5052.34322333    74.2315619369        
   51       55.4711759035   0.880218488172       145.714794515    1.34469432546       83.9222755385    2.75697540812        
   52       463.067731681    9.09768345664       1045.00052456    19.6698297985       1837.60276958    42.9619013625        
   53        47.650833738   0.796811328621       70.8751568615    1.27141900538       17.5393952508     2.5086694351        
   54       68.4316541815   0.879893097071       58.6349893615    1.19311168902       54.4175477228    3.19353974025        
   55       316.445487361    2.35145406643       680.295432575    4.57003609017       851.961198538    11.7092440353        
   56       27.9905950458   0.929136603258       63.6757446494    1.51974107108       18.8852295417    2.21654470049        
   57       234.637437256    7.95681622658       733.285622918    20.0924393484       1424.53338746    44.4742725983        
   58       22.2613062044   0.786336547685        68.127215757    1.27191704217        66.541815052    2.80076581461        
   59       173.700436248    2.61327841139       352.051047621    4.30144547442       432.086852259    6.36443136709        
   60       281.811768473     2.9279184709       623.384770446    5.87677912608       786.359726147    14.2431191318        
   61       16.1246580315   0.864751225462        104.08885079    1.61896120615       382.238954232    4.09209233216        
   62       175.044689502     1.2505641147       377.953839953     2.2406229806       461.384144527    5.75559508041        
   63         54.07865994    0.85385108519       58.4490444834    1.26389489604       31.4854650345    3.05399684218        
   64       211.860127704     1.5513881569       602.467196083    4.14998730202       689.237647679    10.4877263125        
   65       31.2869428835   0.910146956557       66.5911205133     1.9803360156       127.842686128    7.65778624759        
   66       47.6728647343   0.995941674659       91.2380209213    1.93378569642       76.8847001402    3.02396057771        
   67       135.059991513   0.994388349094       300.271318873    1.87550827623       358.125726858    4.05101909978        
   68       43.6846208125   0.997616293616       64.2933976917    1.65608606537      -3.11607214055    3.29514256341        
   69       23.9070253286   0.748099006502       168.723529822    1.38289144967        399.50314119    4.18028147963        
   70       264.533752643    1.01328898573       656.775760699    1.80907599494       607.053899823    7.31104408704        
   71       53.9017351732   0.973731631482       102.708505158    1.39768897017       22.2060027879    2.71945081196        
   72        89.686426351    1.00873956319       164.891174517    1.33888092148       118.906604464    3.15417827312        
   73       215.547186595    1.00014148257       515.592934828    1.45401311134        458.56924768    3.66125700851        
   74       347.589500271    2.15861195042       713.191187424     3.8974758027       632.301782109    9.13433131696        
   75       8.38391330312   0.722111653728       40.8814619671    1.36086939201       110.051203098    5.38423902168        
   76       29.1839319576   0.922904563987       55.2251328978    1.08785090213       19.2043684673    4.02083100748        
   77       1.54753590023   0.651241199015       27.3496918756    1.09732459825       88.4478951298    3.87484306349        
   78       174.188999092    2.12642365612       364.079270595    4.14718545053       306.280162328    8.98098427227        
   79       177.818390294    1.74509923746       212.453259932    2.30818911522       62.8173486269    5.07900993182        
   80       7.77523544779   0.720119829143       29.3725122814    1.21465972732       132.102662068    3.83727076584        
   81       79.1788875491    1.13842327321       139.411586243    2.40087341364       149.385476964    4.76952819607        
   82       65.0646384653    1.57101385037       153.224817092    2.68422621929       174.194227205    4.46598821066        
   83       35.0555083909   0.894869562216       59.1677765903     1.2256061748      -7.22299652444    3.76428909256        
   84       54.9173856152   0.898991447363       123.829939034    1.42459251716       47.1104378291    3.26967009074        
   85       36.7677261094   0.778732521647       58.9736560809    1.38008649772       82.3866337576    2.98800423845        
   86       65.8338021933    1.17888756777       96.1848704904    2.09733774797       31.2055997804    2.77736042995        
   87       36.5135953744    1.40063631156       83.4421669155    2.34430165682       67.0115924704    3.00965706964        
   88       34.2330486823   0.856337572062       64.0947360122    1.45196684575       67.3353772998    3.35709056364        
   89       6.75067750842   0.764997219006       35.3994412061    1.01706181456      -3.28641522281    3.27750353187        
   90       284.092957221    0.94788232284       531.334538421    1.78387027036       505.895031686    5.80775569882        
   91       35.3052189843   0.816161697487       59.7067898109    1.26691511639       12.3504220918    3.62118611105        
   92       54.0432196411    1.61227646626       121.388830998     3.4972429878       163.751195227    6.80200137484        
   93       4142.97884103    46.7594736915       11375.4167521    107.709832612       16141.8997975    271.942545019        
   94       36.1315083189   0.887690944478       58.8389409098    1.23175946899       48.5782166552    3.39019677264        
   95       108.954780899   0.962355425433       173.723715062    1.55123970555       227.567417447    5.89431238889        
   96       73.0325394562   0.835436864993        95.760304737    1.38556177193       128.602446073    3.42550342319        
   97       341.785026033    1.10329570648       386.535717172    1.38305797057       296.949587897    4.54973486206        
   98       195.286291358     1.6715105011       503.075847694    3.49278152887       549.546014451     12.668188052        
   99       360.230792535    1.89666422121       1627.78491202    7.21858828004       2299.28890914     29.958553471        
  100       945.045966748    3.46773862556        1905.2549569    5.88720363621       2156.52050775    20.0834503414        
  101       80.5371617791    1.13471349975        194.70005946    1.73281824591       206.192606208    5.07525050848        
  102        212.31703182    1.18039459766        697.12532599    3.17057526965       881.523144118    7.70881373012        
  103       54.0940777635    0.88872361764       59.5692921421    1.59832510897       45.2227484392    2.99618823461        
  104       718.561910949    3.64319498345       1711.83625907    7.22486876565       1824.86430814     23.791753485        
  105       302.463653499    1.29875224924       351.839305458    1.78545562282       286.623080646    4.09256593527        
  106       113.551421804    1.09231088133       173.078344084    1.75664005768       180.646974698    3.09453619909        
  107       41.3833600794    2.38905430821       74.6379221969    5.23922006498       325.371282796     12.258136431        
  108       212.681082126    1.32789193885       651.705105257      2.698735948       753.079071085    9.52674267741        
  109       15.4102046116     0.9947314257       57.3335513762    1.54963511024      -2.29819963806     3.3304705676        
  110       31.3008501339   0.885275030748        81.857003699    1.41203802998       37.3189912954    3.04051436844        
  111       45.9989211123    1.00032135621       74.4956772029    1.37124533701       33.4407819586    4.43803615265        
  112       16.3187869398    1.82858641689       58.7131610458    3.85930628102       121.227638356    7.36598199972        
  113        237.30655208    1.24773721687       527.740119864    2.52323350786       577.463241762    5.67380000324        
  114       35.9510500117   0.945789582527        67.769884396    1.61247515254      -40.9278596491    4.26518629419        
  115       520.478045297    3.49356487863       875.205979866    5.26727709623       752.727066118    10.4983918416        
  116       57.5065272118   0.980372980737       129.899170001      1.592161281        110.49497797    3.89821536371        
  117       343.922113559    1.83144099952       785.933956014    3.68014918795       856.505035548    11.5014683721        
  118       327.839691552    1.88452060729       601.631134279    3.26678159346       857.887463655    13.4294879635        
  119       36.3640280385   0.879295058559       59.8080931083    1.14178742579       42.6972133815    2.94081964597        
  120       21.3118064491    2.22080845703       72.3095150658    4.61768674254         72.12115451    6.41532532926        
  121       40.2622776035    0.87782804559       110.195587426    1.52313137549       198.311006796    6.16710992045        
  122       235.658009233    1.30367991078        527.23740766    2.76349279959       623.194619965     6.3502062621        
  123       48.8835675036   0.972699333628       103.166330678    1.43481612675       29.3016926267    2.53740326333        
  124       49.1565081111   0.954305445643       87.0500018607    1.20444538105       60.5213457636    3.33868396591        
  125       890.440108809    4.73610500606       2171.15384927    10.0789728876       2554.14366575    33.4181211419        
  126        84.995765192    4.05557990418       224.589143162    10.8939526813       322.138007373    17.3033607239        
  127       209.273778302    1.50998540527       461.629595164    3.09146031175       429.270816854    8.82132641794        
  128       5168.18914893     29.806448041       13460.6450221    68.0266988648       15879.1557764    217.679395121        
  129       61.8996080556   0.915393643591       80.9212225496     1.5478213151        88.101815198    2.77980916629        
  130       301.610396131    2.54373186263       680.897241215    5.05373031422       646.279705757     13.942090534        
  131        27.876577353   0.854455416589        50.243605026    1.25836726396       14.8233363157    3.02562637599        
  132       273.324804861    1.29426325778       660.884412506    2.70696519645        586.60505305    9.25186513903        
  133       54.3885488906   0.864641085943       71.2074688755    1.35986519431       125.456930769    3.22287132365        
  134       59.5086889019   0.990030077105         64.30071785    1.29319653255       40.2814682375    3.69903143207        
  135       70.6050900348    1.07867671805       121.444401773    2.19398456938       63.4213002635    5.37115255908        
  136       1246.77985957    12.2814298411       2700.32800152    24.0264271305         3471.340089    53.3024369467        
  137       59.1167036101   0.819628064715       153.007368669    1.34952793346       154.246946411    2.68578625241        
  138       108.561956925    1.40191379136       274.626752528    2.58913570055       792.236348864    18.6502114137        
  139       44.9981126399   0.912021948018       85.3185265728    1.47436461441       60.8896630651    2.59189880458        
  140       151.806984725    2.69079782514        376.55287968    4.79105142251       525.588475908    7.55742933267        
  141       1063.56191182    8.27754391313       2626.55151133    18.9846187739       3491.70068269    60.3469005807        
  142       201.348839406   0.979472617054       348.363256287    1.46009525197       306.411932778    4.10491242373        
  143       28.7633450384   0.933737054715       92.8091563553     1.7201338195       197.183048535    3.57007327458        
  144       42.3848166708   0.879489774807       82.8944832037    1.30269148263       90.7707858108    2.03996759206        
  145       97.6718359232    2.07915786246       132.455690703    2.29425802351       191.389957367     5.1316728857        
  146       16.7764344105   0.826670998822       73.1808148109     1.5341422264        172.28352071    6.31325448201        
  147       39.9217673413   0.757087445343       66.2991881328    1.35777770212       14.6597093868    2.89020987861        
  148       24.2151952282    1.00832577034        44.699505607     1.5568238746      -31.6757834855    2.30966811249        
  149       131.907237634    1.06183767845       197.692637055    1.38275826562       144.452628708    3.75663396718        
  150       14.6460783977   0.930960034093        33.468690518    1.52152778498       85.2817718173    8.23472466766        
  151       268.523421712    2.12478663879        622.02153308    4.10693298353       630.923652733    10.4478615313        
  152       7357.89885194    44.6006810049       19259.2885243    102.162028378       22238.1526464    313.309456131        
  153       73.6328818599    1.22912801076       140.476076532    1.92788636731       199.016942848     4.5959738863        
  154       897.957166799    3.65449297347       2191.68590477    7.70826656844        2333.9862257    28.0377887265        
  155       33.1855406941   0.874834072438       117.316756006    1.36054386116       115.858612719    2.98157915063        
  156       161.345807015     1.6778660099       360.661161793    3.80521802987       437.935783344    8.53330070102        
  157       166.298577896    1.16084323361       256.156084092    1.58269447674       186.935880606    2.89325306877        
  158       63.9493009832   0.868564468648         125.3616408    1.32519395188       92.1718145557    2.75287761016        
  159       677.200696741    2.50447871994       1662.78443049    4.72923476457       1734.62622077    20.0788962065        
  160       3.45934581861   0.805051385736       33.3114780127    2.09790459764       89.3081501942     3.1986768621        
  161       140.257229234    1.44718735219       548.533335225    4.48196864812       861.546544336    9.56166487164        
  162       296.237508738    1.73319396317       693.901575872    3.70371816632       763.058840853    9.95210885265        
  163       41.3094599624    2.02908087119       61.6582465037    4.58611092952       -10.755855374    8.25626860512        
  164       322.374932839    2.75379007716        548.05218533    3.98573576119       622.725415911    8.78953629222        
  165       85.0481615324   0.912109915992        193.99953232    1.48629880079       162.379700323    3.86874108963        
  166       185.399621208    1.40153286755       428.082035494    3.37421982276       499.984687305    7.62181702484        
  167       10.7487264547   0.926973923869       35.9032524231    1.67939929601       38.5348503273    4.00819878839        
  168       36.7395119751    0.89939618722       87.6354897907    1.36612698344       23.7643062332    2.29320140267        
  169       20.0228315693   0.631833604723       49.1943717028    1.09644117449       138.317539641    2.35930684132        
  170       12.7622686003   0.966124260902       41.6492358351    1.51540424401       57.7860587925    3.66305799742        
  171       89.5475562644    0.99104517447       221.607906765    1.60612174625       175.599557039    2.87850542996        
  172        254.44280542    1.10078984134         639.9053814    1.96580290439       574.472929923    5.28497643428        
  173        234.41426022    1.58889113723       502.268173881    3.34888446335       525.889084082     8.4232560297        
  174       170.922056687    0.97005357758       523.970094245    1.98296738491       730.419056994    8.65704916211        
  175       53.1525481681   0.810056428285       87.8168774161    1.41325331041       8.49424343008    2.94924506036        
  176        149.36367547    2.09756904775       248.707137481    3.31357984063       240.634234567    6.74433677123        
  177       21.8354516387    1.28592607156       52.7270295514    1.77000409589       45.8821182962    3.27790811131        
  178        15.584019753   0.894707691218       75.1281009734    1.42739848366       20.9868219855    3.09807799698        
  179       5.89329800395   0.827869659372       34.9386235384    1.46077172111       20.1364143519    2.63042684633        
  180       33.1413868878   0.857825163107       78.0809542459    1.38887590852        118.30017828    2.89688410137        
  181       108.577002251    1.27754746812       248.922474914    2.00631023248       187.139142312     3.7010375614        
  182       25.6974742675    0.88676216854       36.2971752949    1.42922958485      -12.6168721671    2.39841355309        
  183       2.89889325338   0.757849992891       16.2308395744     1.4912508295       101.823073677    3.17287521335        
  184      -9.73516080245   0.848314237274       52.5911281021    1.48738590722       52.6984073417     3.9133869795        
  185       64.2158588926   0.872519967317       138.144838129    1.36218524599       104.724214043    2.95458716771        
  186       950.187568498    5.87557131882       2334.31710062    13.0600022352       2578.05202381    40.9103526492        
  187       3.51723827944   0.720975659988       31.0938145868     1.1795681771       108.280387115    3.95351558163        
  188        27.003552293   0.892688052558       76.1383650703    1.50123052387       97.2645166068    2.67961122388        
  189       224.374677263   0.943847612903       268.808539742    1.16779726466       206.637725825     2.2979547921        
  190        4.6967951175   0.792494723285       30.6193983911    1.30598574512       95.3552831746    5.99604241479        
  191       194.520154952    1.70431179153       445.098433993    3.26794894285       462.357389193    8.38048993808        
  192       53.6232753436   0.925435668816       71.3199424586     1.3553003621       14.5180064666    2.39742666978        
  193       103.526146185    1.59726036747       113.538487307    2.13881865575       111.904040774    5.83808925033        
  194       202.179648902    1.91189917862       472.417698823    3.02748082341       470.961795409    7.50555237469        
  195       2.07180037969    0.67169389557       21.6637318653    1.11927510416       235.538455737    7.46057473744        
  196       41.8513862764   0.903912829471       61.9139648588    1.47799365996       99.2999887891     3.2214332985        
  197      -1.12188229514   0.463187276424       21.3109380601    1.06375974098       141.948178896     6.5888302977        
  198       140.957321035    1.71206992923       304.615193506    3.34406418358       278.999981929    8.16557842206        
  199       62.6214040511   0.799939215634       129.844481987    1.28985855543       82.9590512052    2.78540144526        
  200       23.2872596066   0.869952333524       60.1819014531    1.27405217179       125.837142528    2.22983228158        
  201       20.9535771959   0.965149239938       52.2664361673     1.9069146023       6.34764927512    4.93302637622        
  202       19.1001292248   0.895689062458       67.9078004841    1.96429347716       79.4707968626    5.06329068566        
  203       175.454524054   0.973766073558       768.612194781    3.02320836824       1306.58156819     17.000095201        
  204       157.515259179    1.20002448379       334.540193261    1.93179889092       394.869800124    4.60570108535        
  205       77.1034695232   0.873809797112       112.620743035    1.43973787818       27.3432724875    2.88103508697        
  206       109.057626056   0.911035713437       112.541556638    1.15553689045      -41.7275804185     2.5125425196        
  207       419.416032761    1.86638246175        1004.8594527    4.11549797697       1022.27274612    16.1137218263        
  208       301.600478268    1.10571172796       660.125973585    1.74303136955       556.249906167    6.65954045073        
  209       13.1806824397   0.959131039232       39.1226548533    1.36898615024       10.4916379783    2.90766976588        
  210       31.7166464046   0.818242038589        64.221109902    1.03434364522       48.8632484622    2.61782758088        
  211       11.3894078627   0.985220384725        40.632571999    1.94850013703       102.401588772    4.53289264706        
  212       28.3445770914   0.909926836011       54.1647333211    1.44194292272       8.19249531969    3.97161515433        
  213       15.9013778864   0.919163647708       42.0540346213    1.50407072356       2.72420383954    2.48559695372        
  214       142.436694122    1.05743537318       313.832131079    1.96318597166       348.025825413    5.71054952097        
  215       225.152844722    2.49640368415       869.464233794    6.58969871129       1546.20154924    24.2579485541        
  216       180.220002841    1.07977996108       200.213203875     1.3926099009       132.987263202    2.96628781358        
  217       105.688451691    1.28502180373       232.163228362     2.6052612367       217.834265285     6.8574868888        
  218       88.4604442808    1.01854967932       100.049710831    1.81037129456       104.647011474    3.97883624275        
  219        15.974357355   0.749427349379       41.3682334156     1.3195241513       19.9205542204    2.64302551483        
  220       32.0144561642   0.858235944388       64.1632960051    1.25449283242       10.2103874946    2.95426473012        
  221       10.4875823298   0.696759749549       42.4351277248    1.57240801429       82.4446319253    5.35432582407        
  222         30.28046803   0.939911436443       71.2628446736    1.46414269717       125.780625176    3.28033344785        
  223       86.7147170032   0.843929438643       154.937159791    1.15968163102       139.347102607    2.89840581442        
  224       97.8444443268   0.889952117574       109.185760374    1.51925808264       48.5154932579    3.37600281012        
  225       22.8097678422   0.876588479876       67.9037760499    1.47177372918       81.2107804956    2.98682095938        
  226       272.383928666    3.18281178352       537.890115083    6.13807915897       666.476161439     12.604947923        
  227       40.2620086128   0.804976167266       101.387503711    1.26121071882       107.995786025    2.54787712961        
  228       78.9828512144   0.695316683574       130.872889662    1.44824684202       180.454872747    3.30891778003        
  229       84.0298449212   0.711466114429       174.942103375    1.29044130551        96.702239205    4.40403263423        
  230       64.1008855044    1.05880127934        70.624523877    1.22035264814       83.4654107015    3.40041002142        
  231       25.5324763142   0.828172592145       44.2581349119    1.28804304642      -46.3333814831    1.86231996319        
  232       85.3752859041   0.937839030169       168.103789271    1.66287250831       119.714474495    3.66809077867        
  233       155.749949278    2.44403512878       507.492854731    6.59751939064        838.77781616     19.391521162        
  234       25.8031231043   0.782881015234       126.043194451    1.60228350257       98.7555665775    3.07934982715        
  235       607.258275965    4.35810944776       1377.07224125    9.05231295581       1526.87240152    27.8107578749        
  236       20.9483307842   0.963685631638       53.3809286396    1.16935850241       71.9040153895    2.12683410978        
  237       6.41067274165   0.750182344834       25.6535315319    1.23289045751       100.993738037    4.14123618319        
  238       100.336463923   0.910838134144       266.965071382    1.50564708041        309.22162671    5.02891900723        
  239        204.13546019    1.82583780318       421.632363751    2.61148882834       446.960118201     7.2931534675        
  240       50.7242226717   0.816915264108       65.3027211781   0.978647268239       48.5001681406     2.6981847432        
  241       9.61842344378   0.932670016399       45.0691748957     1.5788707117       5.08824709652    2.73217695973        
  242       4.89596409916   0.576019112261       37.9939029993    1.23272411972       260.569045482    3.38414635443        
  243        76.339231233    1.00873678274       112.547709379    1.23945372235        58.949143905    2.97823138435        
  244       56.8990218422   0.798202273619       68.6017567653    1.26336527559       50.0003900891    2.92232429326        
  245       6.67003448425   0.691692427766       42.4123610137    1.09647700754       41.3828869414     2.9995150104        
  246       41.2552664644   0.911180936296        79.678971752     1.3117232786       189.613123943    5.16758350612        
  247       53.3579880333   0.751009669951       123.814255749    1.22348154521       96.8115489885    2.10491465613        
  248       193.059941257      1.429857618       429.722168845    2.61640796977       491.006661704    9.79668561176        
  249       70.0145343611   0.870092574904       127.620158171     1.3255715387       94.3644822801    2.19280807535        
  250       46.4273111201   0.822707109319       115.877320253    1.21823546861       86.2280753919    3.00896669651        
  251       169.220865039    2.83641682781       456.423162592    6.81319246847       568.356605238    14.7045292448        
  252        101.61906583    1.13994982962       175.128659809       1.74300463       316.335663091    6.91457791049        
  253       119.995147217    1.20451573359       194.972746264    1.74253737703       210.330192768    5.76195908173        
  254       296.517898795    1.65161319878       588.513636815    2.65833987518       497.532359724    8.73199765252        
  255       171.053804005    2.34232555829       206.867032878    4.42020505775       147.942575948    9.32903802156        
  256       30.3871212516   0.813637370799       44.5707972101    1.31715480952        39.222203924     2.5051287208        
  257       105.220550328   0.817256847948       209.800580886    1.34675409233       213.906005869    3.39052711278        
  258       29.8974919789   0.896089092896       36.4967207665    1.30637096435        25.252635182    4.46424114807        
  259        99.973283789   0.920417511746       215.067475816    1.49211667103       220.143223949    5.36120003358        
  260       33.4997620073   0.952364719105       93.2282821053    1.25507175687        23.686747755    2.60851379509        
  261       39.5941545794    1.01616553627       49.8051842726    1.44868710308       1.61223802358    4.29879113439        
  262       49.6461490529   0.864505457343       52.6346742157    1.30659668199       28.9463467417    2.73734386484        
  263       84.0009153233   0.941029945826       268.534110608    1.28009533266       375.512093279    5.68214117811        
  264       27.2152061383   0.912792451148       39.2289003039    1.33358314758       19.5499501454    3.07813893606        
  265       92.0773710125   0.828926215789       101.615952149    1.26472172504       134.406318738    2.77532825363        
  266       124.533030475     1.1366352808       280.725562586    2.34090422027       276.405470439    4.72832182032        
  267       26.0672671894   0.904987934338       49.9346635134    1.36836322541       59.7734232657    3.20143691661        
  268        1076.6014591    7.38263104147       3051.50225142    18.7758747873       3891.46924511    59.3118245206        
  269       80.7766110781    1.03717969451       185.150513484    2.14866072754       180.156477037    4.51055192364        
  270       136.285837727   0.922464770206       187.080523066    1.42359097209       187.710317246    4.67071394174        
  271       7.74656475983   0.806491519172       42.3618482269    1.35497535214       104.842995927    3.04283271713        
  272       46.6022866391   0.909488074804       86.7748988829    1.48634645867       84.0986027977    3.54633090767        
  273       99.7193370368   0.840253779401       257.708912369    1.35283780949       205.983347404    4.40053297789        
  274       40.3594838827   0.903243616159       88.7515796421    1.33631502636       85.9885948698     4.5584592415        
  275       142.892131056    1.36409358826       210.348819872    2.01257282967       231.410358565    4.60403248557        
  276       78.4493655847    1.02128497435       167.420668855    1.84430589844       164.677412843    4.15523544576        
  277       16.4598403271   0.815387840299       29.8928090968    1.66050588754       175.711762575    5.63203530076        
  278       41.5170825507   0.828090587591       43.0632303793     1.4551858763       108.219647159    4.24002393083        
  279       181.822049469    1.53511361862       389.172463956    2.48536450882       501.400612161     4.2884501748        
  280       13.4941055881    1.20171616824       45.6946632675    1.50402922046       80.2130657514    6.84113763843        
  281       56.4107921243     1.1026150847       54.6174078903    1.36065361482       16.3153876238    4.15454677682        
  282       7415.20295982    60.5010031255       18932.4720295    142.244956846       24681.9863465    390.341486776        
  283        262.21316929   0.977292541147       487.232619453      1.630873299       326.781900068    3.09455076257        
  284       18.4154217921   0.880768061199       46.4853425324    1.24098398069       106.851687728    4.32676692883        
  285       17.3708592722   0.810854597537       33.8065496267    1.15834652079       119.541136193     4.2476969874        
  286       83.1099867166   0.784601876452       178.196795985    1.13586669992       236.089896853    3.11174580631        
  287       116.095966718    1.24857705175       237.287356774    2.19415321218       222.416651182    4.98603059089        