# id F89 E89 F90 E90 F159 E159
   1      6390.27305273   13.2666638572       9282.23863041    15.5001919215          3689.35344283   32.8485201078     
   2      23.0274136947  0.881031161414       50.8035082244    1.50409968224          32.5223008631   1.52454147004     
   3      101.941871942  0.944902704901       118.661006311    1.39839363883          27.5249100204   2.18976610738     
   4      29.3646654017  0.927020160428         66.37058788     1.7683883204          85.6601685748   1.30555285082     
   5      41.7082511517  0.687343181001       234.769764175     1.2977438735          213.847830311   3.10486486376     
   6       75.850071421    1.1893643202       115.036632154    1.81438856523          4.03177763687   2.16886232114     
   7      99.8434314782   1.39160391578       174.856926512    2.49415612338           126.13731122   1.86846240246     
   8      31.2024794496  0.827670362806       65.7704883061    1.64817638028          38.3385532734   2.00211599342     
   9      37.1428309373  0.788898014112       66.0985094141    1.42368518106          36.5125300216   1.52180544924     
  10      25.2870593438  0.645088846612       50.2335663087    1.44360299979          63.0757255459   1.25831124946     
  11      159.546654029  0.804033112865       279.913700284     1.2506550722          212.858130631   2.22982459514     
  12      16.3073652704  0.356930261585       34.6998190096    0.96235285477          51.9327058287   0.61054639079     
  13      19.7462335414  0.758918085648       50.6534053757    1.52235391596          40.9224901574   1.44899790167     
  14      640.097928383   1.96886135095       2151.04915621    4.23582895652          1370.16910478   13.2081155427     
  15      102.706560092   1.34953359004       192.073292576    2.48583100402            95.67733635   1.62483105598     
  16      72.6180816507  0.733095113841       84.6005925161    1.21764064973          34.7651388379   1.67344983282     
  17      37.9130297012  0.858853902607       38.5573600857     1.4288668643          56.7512816371    1.4560413349     
  18      11.1653114109   0.72788343598       49.8145030172    1.48117283042          17.6519462821    2.1212894897     
  19      58.2130188391   0.83019415542       82.7290857292    1.23833935646          3.41717748515   2.09933140823     
  20      18.5740311019   0.85377310239       49.4471685372    1.52248365783          9.50279012785   2.58070268942     
  21      87.5356020528  0.820689266502       125.987219199    1.38970393503          87.9561040078   1.78689090213     
  22      138.958709399   1.89798225686       314.374441895    6.39770473582          209.595044487    5.9358374601     
  23      80.0902423401   2.28388002663       373.203892252    5.13148857732          288.044854411   5.40369756686     
  24      15.1125143981  0.846983629169       46.4642669869    1.53008229031          90.2885764693   2.07624966958     
  25      119.861348358   1.00364691297       190.071572822    1.68233419232          52.3824277713   3.04954392497     
  26       69.433804735  0.830802246709       99.0706644849    1.42420646217          5.39983927212   2.29879885027     
  27      229.524084619   1.87319689674       461.303581502    3.74926888837          265.700519839   4.57184775396     
  28      20.5868262794  0.803173934223       56.1273423092    1.36209978554          22.2867288951   2.27129547774     
  29      59.0400146164  0.761325309223       67.3938404123     1.5247770416          74.1774254467   1.91351350403     
  30      28.9875243209  0.797486960582       87.1646643702    1.38451055008           71.200676858   2.29699651726     
  31      27.9752497447  0.835680074569       88.2035326903    1.42707289239          61.9180931185   2.11659582114     
  32      57.4379034232  0.857292929683       73.6598533275    1.33733874834          9.43523567199   1.67928872359     
  33      337.792204806    4.5656647431        525.86388332     6.3135327678          350.016817684   5.01558878085     
  34      240.614144253   1.35711846035       457.432807967    2.03539868235          180.619958207   2.34316035512     
  35      120.587051999   1.21448108703       208.818611746        1.5718533          181.798403059   2.68554482758     
  36      47.3388749577   1.37161849394       97.5489379403    2.57551224322          73.0313260164    3.2247765097     
  37      66.2255238118  0.838080756099       117.875666809    1.38066261645          27.1813529142   2.10132964376     
  38      52.1472926879  0.726608373268       70.8315984188    1.35502538622         -16.3758731406   2.02588646415     
  39      94.0581987383  0.947197606131        189.56599978    1.56107452437          120.514000473   2.70624373656     
  40       33.169705181  0.806248710934       49.7612735746     1.6327259036          50.3120695254   2.12820971472     
  41      58.6505629087   1.03393155302       99.2095087626    1.49919633694         -8.16466437255   1.89200433333     
  42      103.480013593   1.42910764453       174.925856698    2.54491739111          133.787441527   2.82891910368     
  43      148.537682382   1.37082155996       199.623353536    2.00931167705          81.2876720461   2.25818261877     
  44      58.2278834231  0.889859151965       91.8458583322    1.70275322363          41.7986432819     1.855588321     
  45      2449.22858508   5.66276497922       3730.35535861    6.92756170526           1395.9930064   14.9275193137     
  46      30.7144433335   1.03687459385        59.850212669    1.47016539303            5.770687427   1.81192784016     
  47      53.2266794351   1.16798908821       96.0705420683     1.9148461163          69.0053560692   1.85011300677     
  48      54.8729224089  0.907956366132       66.3226575836     1.6551171585         -30.3442811456   2.09219309244     
  49      68.3726381243    1.0622836748       71.7035303432    1.78091782122          85.1112563382   2.29855803302     
  50      27.9943381096  0.828944203951       52.4795796852    1.58405797158           54.528256519   2.26479339626     
  51      216.586701924   1.07289232709       422.374910514    1.92590945672          192.452377817   1.77342851171     
  52      37.4552986965   1.46121489177       63.1403864451    2.56945497184          45.3898750095   3.73651629677     
  53      37.4673023671   1.36648064211       67.8254584291    2.59215743687          10.3765302622   3.96788037145     
  54       20.975381329   1.61213390093       59.3095928887    3.03553586605          81.3628370859   3.39450358031     
  55      38.6415395797   1.69103248184        89.386403193    3.33391350802          54.7648220114   4.20519412023     
  56      265.891587445   4.64403228562       639.262894093    9.88171922545          482.581083157   10.5770869182     
  57       14.553165942    1.1453430714       68.5237087302    1.87613228724          84.6134319068   3.34163075387     
  58      40.1088882123   1.15981408925       77.0518800136    2.31927976764          84.9421781533   3.19689913182     
  59      37.4802919813   1.32883890118       70.7090686233     2.5654548829          76.3808743542   3.11343580747     
  60      29.5099551293   1.11917084061       80.1051191114     2.2048185905          96.9022278942   2.44792972739     
  61      31.8456360743   1.27143050947       70.3570852723     2.5411366561          101.152398745   3.68407341567     
  62      120.779336225  0.959355606717       145.440044721      1.791025268          10.7823146394   1.87757222081     
  63      78.0483613232   1.19500173317       85.4355840248     2.1787161128          64.3711666896   2.83485781761     
  64      17.8381360743  0.947120337773       44.9938360255    2.03198028171         -4.89776919928   2.06541332365     
  65      44.4149928709   1.40800854976       63.0946428712    2.36091017064         -4.27771554034   3.01701361662     
  66      2125.14407121   6.88851546783       4921.53091309    15.2381151371          2298.93179063   42.7451814403     
  67      4005.93667837   8.01339166562       7534.03518109    11.5190869519          3125.08879389   32.2678325338     
  68      29.3062761745  0.994021542848       60.5853324236    1.85062393873          13.0086391951   2.24651300085     
  69      42.4252754401  0.841509238302       98.2306775395    1.52896934052          49.3499564919   1.92601196909     
  70      78.2520047834  0.803644369981       139.187721925    1.40298083291           67.909319248   1.62270305548     
  71      78.1999218145   1.01522973574       132.581123571    1.73028808254          204.563239053   2.58610211178     
  72      316.509837894   1.37124458262       1112.31448499    3.12300519268          994.601228364    10.913365038     
  73      32.2351309992   1.45760399547       61.9025343527    2.80371044918          107.940173051   3.98931610297     
  74       326.95056152   4.18162866337       558.769412453    6.65400784854          311.381991246   8.22253919192     
  75      132.475763607   1.63472714524       252.133839546    2.96993129173          146.765998451   3.61507906472     
  76       33.060996463   1.36285832591        66.458597362     2.6734720931          51.7756154796   4.21968173797     
  77      93.0608667812   1.12358142253       146.969155486    1.98834894636          100.406920473   3.35689940672     
  78      29.1370091256  0.863862056787       105.338396093     1.6483232963           175.32114454   2.38385273366     
  79      10.0982511484   1.07338230903       15.8217945387    1.95924203699          41.7468643824   3.39961303442     
  80      146.064674459   2.54435137297       252.191670332     4.4631010095          168.959624169   5.66859487662     
  81      190.167336976   2.54556183775       374.815527733    5.17126315859          233.335822332   7.59583130146     
  82       62.990322811  0.825247392305       126.802328575    1.33475731435          80.7515516457   2.51541841598     
  83      27.4514116689   1.13227757636       93.6198817569    2.07249952164          159.739697274   2.94183970531     
  84      36.4077061363   1.01680828111       87.2215171933    1.79830245571          -4.5489851012   2.18199708366     
  85      71.6073240997   1.01098527361       81.2414739404    1.46092162289          77.1198902319    2.1006264246     
  86      66.0858081461  0.978951502348       131.834859074    1.67582676819          109.945612178   3.03366148827     
  87      14.7455383431   1.09722713418       47.1737433502    1.83134760914          61.0304608671   3.57573672781     
  88      36.9648898032  0.962412129623       70.2779351461    1.95514222919          63.5282568128   1.84209768894     
  89      65.8268478197   0.53230675155       86.2941239703   0.918142687161          49.8086178626   1.40251421607     
  90      917.477837018   3.17173752802       1286.88953523    4.48551784635          2090.50567982   13.2026729841     
  91       359.83411616   3.07982141383       671.576892168    5.30650181921          397.603767321   7.92624969901     
  92      84.1729433276   1.00924200183       110.864113676     1.9983288169          92.6113413864   2.25340156396     
  93      26.0261870497   1.09077480533       69.2841787511    2.23102018562          78.0265778548   3.45786603137     
  94      24.4480019941  0.779236538152       52.1980753272    1.47808946463           22.050950816   2.29715629544     
  95      55.1141104461  0.766558539011       70.0810404671    1.34006866178          30.2279719821   2.30169089281     
  96      18.1602049595  0.868545237523       44.9954827792    1.45579088224          37.4537520735   1.43603405149     
  97      4.83489459794  0.728616932873        35.654192361     1.3548891236          30.8477867142   2.23977246215     
  98      8.54828478814  0.916529081494       33.3583624507     1.7098352659          24.7932722007   2.59409262295     
  99      26.7376995111  0.849277742664       50.8639555465     1.7209486669          26.0893218245   3.32120962139     
 100      51.4209881882  0.761928804427       84.9631890828    1.34135978866          30.9434995141   1.94195653601     
 101      23.2311221828  0.881200307339       43.0841536878    1.75099900876          13.4834135776   2.85083604393     
 102      19.4779592697  0.685998608028       101.282035787    1.07058493382          196.555116941   2.52622186764     
 103      105.852027851   1.09612166004       120.958440966    1.61013487449          38.5458032277   1.57240774667     
 104      250.734639839   4.91222537221       476.856655446    8.52071433897          301.617981337   8.55131276113     
 105         2373.68804   10.5378059596       7903.31161404    28.2316012945          4908.44896406   69.6461766439     
 106      20.5673583095  0.717348332233       63.2394134549    1.44239165055           125.12030058   2.46174405083     
 107      472.070114427   4.46100937397       956.368752608    8.54864639249          579.117890811   11.1054443968     
 108      20.1721528327  0.890239621093       50.8970991961    1.65251405384           64.280279468   3.10222445978     
 109      318.728957138   3.91483624491       642.766721973    7.24195853004          647.473903682   12.4497105012     
 110      321.151606409   3.09502701721        634.58334097    5.45237925651          392.221342654   6.83994364965     
 111      41.9757014357   1.12578356101       71.4186913676    2.14881938374          49.2563654582   2.71652346825     
 112      38.2159553903   1.11043413249       116.840438938    1.97000907586          202.657079322   3.01299596347     
 113      26.7305045828   1.04368042752       53.1273319348    1.86393213387          108.099608953   2.49811341187     
 114      32.1214665709   1.01618635992       71.3538844162    1.78392104695          30.9785371418   2.72361738427     
 115      23.9377449028  0.955052687391       68.2509392043    1.81058542439          40.7562018669   2.24469844449     
 116      31.7716131078  0.888778346261       52.9047486694    1.59514429853          16.7809705558   2.17057405194     
 117      59.9178391849   1.03283413187        116.47318626     1.8551640997          97.4265642827   2.68726765401     
 118      80.1053430158  0.899829253121       113.556965199    1.48598786527          15.5866672843   2.57505024095     
 119      461.644335388   5.49658360535       955.077711942    10.3860045302          604.002377438   11.8486776291     
 120      34.0492400861  0.953856306655       80.0515806504    1.57790009927          71.9558417153    2.6925978679     
 121      30.9212483898   1.80237658315       72.9933795164    3.50013938917          2.48569703959   2.24138408747     
 122      88.2926346661   1.73694977053       147.723933786    3.00178873151         -54.6529856638   3.01456992125     
 123      47.6862643692   1.56035022345       107.368733121    3.36272718361          29.4417055274   2.43004379488     
 124      29.7132086706   2.10260768158       66.4137960027    3.58283087351          61.9974245553   2.78246288841     
 125      34.8177689258   1.99336662304        77.147977852    4.20455633352          83.3381754762   2.36521660042     
 126      96.4967880181   1.06321765567       128.098486682    1.74398066712          68.5060608592   2.05186117249     
 127      45.6301127055  0.779260493428       68.9485756852    1.32848287957         -20.3231936012   1.70190809917     
 128      135.787927608    1.0947182615       163.490923527    1.79694323062          35.1736097347   2.51607645931     
 129      34.1165409515  0.903991757472       92.3559510748    1.91621489972          77.3153499162   2.87262190028     
 130      105.556029506  0.646770684016        155.99783826    1.50449600696          50.4446535739   2.78766704943     
 131      46.8328367235  0.870941143917       71.6480713485    1.33155447039         -30.5080034286   2.36182075241     
 132      150.033549748   1.14289275112       168.548333161    1.54178579854          103.832625535   2.30363370463     
 133      35.9422288786   1.56594343782       65.0265964066     2.9523623145          16.5650613925   2.14680372161     
 134      29.9995784612   2.18064886463       73.6420014602    3.92332633373          49.8091332271   2.19573949549     
 135        23.12925957    1.3042057189       41.1770737099    2.32455704285          37.1833266508   1.77710542369     
 136      45.9366719983  0.823592425319       91.9651203133    1.36468188565          69.8955846069   1.89929036722     
 137      140.083463105     1.345969527       268.081009728    2.38015522161          113.787449573   3.56747075121     
 138      5125.84096931   13.9643139427        7400.1355626    18.5510453415          2820.31310906    36.113781868     
 139      81.9872640702  0.734917355876       190.054305547    1.53763708224          135.210920539   2.83357149773     
 140      106.090105757   1.02052788896       172.379240486    1.56570082983          115.171293291   2.28916372616     
 141      150.933560068   1.68255001771       204.547557426    2.39808717378          86.6230439414    2.0515072351     
 142       12.115609231  0.790077287737       39.8563680468    1.49469144747          27.3060650102   2.32095712185     
 143      28.3338829053   1.33239938605       62.0496331357     2.5228602829          25.9263983046   2.28210209128     
 144       45.453232764   1.70841791428       99.3953531364    2.90192943077          54.9523700906   2.38336915491     
 145      45.4756847751   1.82065852991       105.163035234    3.47088541883          28.3245693757   2.86572035332     
 146      21.6322193386   1.18445777746        56.838335343    2.10932913449          20.9363574171   1.96856067197     
 147      69.1540808466   2.20489828905       109.540576247    4.05637807874          172.941764776   5.26399041763     
 148      34.3693348894  0.931643654472       77.7361000392    1.64908632847          87.5030534278   2.47794293188     
 149       66.062300287  0.920002547073       130.921716899    1.38536932925          91.5467014184   2.07620931905     
 150      304.606789623   1.30609262091       521.179807119    2.02330569459           327.56192472   2.61087375246     
 151      33.4864251058    1.4356736292       67.2059802439    2.76238465565          23.1202264398   2.65269043862     
 152      35.0456160811   1.71423187756       72.3344474335    3.29507978993          67.1756548254     4.715791065     
 153       38.382572688   2.46008131333       84.3323542402    5.17922792932          97.3649377273   7.74517653139     
 154      31.6894534842  0.537656030514       48.6661476329    1.16561024515          110.246341672   1.50746202805     
 155      20.2648230031   1.02311171014       46.2259327154    1.52981104922          36.9038655625   2.91708287294     
 156      601.336768782   2.56680915188       2346.87478748    5.73066324799          3856.00653442   42.7396422244     
 157      16.3229998907   0.88706610085       32.1698042731    1.28903408928          86.5091211274     2.443781033     
 158      22.8564957201   0.78305834177       48.9885973315    1.36587508434          63.9167680488   2.02305699357     
 159      31.6236301582    1.1390381082       60.1597028643    1.83145989271          26.9473145325   2.36865202509     
 160      57.7450002279   1.81257994816       135.552704559    2.95801596531          126.740775158   4.54112438485     
 161      229.103616108    2.5840186947       458.717169507    5.01406488536          312.982408258   5.55605673773     
 162      120.752345345   1.43442470698       385.999759647    2.86599963567          508.277180247     5.956458171     
 163      569.309328929   1.76029341873        1905.9006767     3.7174917222          1233.56054688   12.1338329985     
 164      290.360864475   1.40276377815       1031.57628386    2.77868220034          1186.63208758    12.357868877     
 165       181.99556295  0.879896779454       269.620883445     1.4058213891          179.902735583    2.3546428648     
 166       204.02224469   1.91502140568       441.824347282    3.78695553807           242.39476355   2.88381910501     
 167      20.1953269394   1.03882154269       72.6908356099    2.46912620206          60.2191860471   1.92875514904     
 168      114.515447739   1.03930664217        151.56758955    1.32117053001          73.9826798436   2.63999243372     
 169      32.0987157394   1.36328571184       68.7218788438     2.8722434892          59.8570824774   3.95010705214     
 170      25.0240296309   1.28345815824       87.2249959772     2.5049382423           109.43783013   3.43886255273     
 171       19.856286087   1.10614294448       64.0561773451    2.73891430266          34.9746780974   3.00710686368     
 172      63.3319829569  0.816414550597       130.103927957    1.43904092967          16.8245216774   1.87998793368     
 173      89.0050666508   1.16709293151       178.730377397    2.31697992574          114.274246783   3.42866952542     
 174      93.2622582126   1.64956002261       192.764092492    3.24565268923          187.215746851   3.15001565864     
 175      60.8425311048    1.0396389175       70.9507817425    2.23456920577         -3.40504660113   1.58649235875     
 176       84.703338406   1.11992780621       122.944990532     1.7022283578          50.1102195889   2.29939963408     
 177      194.062809093   1.84642543888       357.277321813    2.97701541139          127.774521623   3.11990997219     
 178      200.216635912   1.67116602205       566.598917925    4.15393819341          373.812661939   5.51390894601     
 179        37.02538027   1.78783992805       74.0215169319    4.03776661335          44.4502124206   2.55122321046     
 180      40.5777552791   2.10389885901       72.9209296559     4.2525349389          47.5669578696   2.67454381643     
 181      32.2637712398   1.93750548238       77.4314712326    4.06289120768          14.0252477956   2.21112150286     
 182      74.3146357628   1.20802417556       294.129857133     1.9183841644          319.231018847   2.60766625714     
 183      75.6492483125   1.04875947727       126.977942765    1.84399965541          82.2969059397   1.91943352006     
 184      4.76459480212  0.829086392202       12.3951327575    1.46364870047         -48.9354150891   2.20811880841     
 185      147.391992954  0.834129800922        361.13129705    1.40399895357          193.633507078   3.08419645999     
 186      65.5506830763   1.01934239939       146.771163614    1.87564324127          87.8196171975   1.80392719817     
 187      19.0385743168  0.903628066587       24.2453609256    1.44386668653         -9.16759630302   1.86611353316     
 188      18.5778289545   1.12972110986       20.7074851319    1.85104580628          32.5756514727   1.83466577724     
 189      165.675498659   2.06269205743       341.120496832    3.49246561954          253.804156394    5.1377221808     
 190      200.349297961   2.45481207359          232.448759    3.74913938639          165.945380826   3.46814421977     
 191      40.7009231652  0.973054872591       88.6912405807    2.28375811811          47.6772036857   2.79773853271     
 192      17.6122204732   1.41159607878       81.2060824406    2.75740937615          40.9713551852    2.1102752803     
 193      16.1631089011  0.985649278507       34.8573531802    1.94256006609         -4.95694910281   2.20360972049     
 194      72.8759215697  0.780383639118        327.08659828    1.63102817673          426.438629717   5.45458944423     
 195      100.520232307  0.836495081364       144.865330222    1.59713476115          33.0624512964   1.82486474538     
 196      54.0916484445   1.19443115029       164.130165945    2.55008950287          80.8663185872   2.86027699562     
 197      64.1468656717  0.975476596676       125.041041663    2.02246990539          75.0650156561   2.29436711107     
 198      82.0022765689   0.88475172946        217.38685437    1.47993784263          209.518021682   2.28759156745     
 199      21.1074461599   1.23837373462       68.5274694705    3.18220132324          67.7762934928   3.05080988036     
 200      158.039122013   1.19566755854         347.3657349    1.69648313181          160.312226551   2.84981574638     
 201      17.6784603348  0.779959355913        50.215705073    1.51350655739         -13.6006973212   1.80714187518     
 202      17.8055736936  0.975371285344       36.9755945056    2.01902747581          6.29745792388    2.3088194027     
 203      18.9635280445   1.19619237424       43.7115640387    2.03191836507          43.0104450352   2.48682709113     
 204      18.8790026634   1.34162130675       57.3396238139    3.05477903156          30.0981257831   2.58751896981     
 205      45.2608155512   1.20121065064       89.9755358617    2.75163561553           129.71247377   3.88921143591     
 206       64.059686726   1.56465873006       116.737919519    3.05409823803          72.4157491294   4.39343840081     
 207      3474.33530998   7.24866446282       12750.9808256    20.6586390331          8434.92057863   78.3018723349     
 208      53.8736079545   1.07338856722       154.329377497    2.34436684365          164.047587381    4.1970900039     
 209      28.1418329311   1.45974596563       76.1682751198    3.80451815737           157.95788032   3.91236007338     
 210       17.156206016    1.0909208117       47.2742317621    2.53319231224          56.0582160617   1.62972702824     
 211      110.388034285   1.92632422933       240.338550599    3.36549752215           121.80288493   3.17634551342     
 212      204.957129679    0.9304800724       389.162209412    1.54967831502          192.862455752   2.71289326974     
 213      35.8368926983   1.37669377968       110.534578449    2.88164243861          125.712650104   3.42766028082     
 214      12.2425030074  0.790450076819       33.1713893091    1.59521307192          47.0273792943   1.70848438088     
 215      20.9354563837   1.06579918503       47.5961438162      1.994532271          45.2823767821   1.88014612306     
 216      26.0559352265  0.651431600791       48.3431349775    1.26503135092          4.20388360189   1.62913569669     
 217       44.693635314   1.39533831761       95.8870051452    2.79909334166           144.78276796   3.43634594211     
 218        32.41513579   1.38138102001       50.9532319135    2.32687864501          74.9566285507   3.51057772303     
 219      91.6491042182   1.50995988443       172.355676544    2.67707243375           96.068435903   3.65283975192     
 220      32.6138895013   1.46297879861       66.1465176181    2.84134249327          63.5652256649   3.65186538182     
 221      24.2754818919   1.08856874859       62.2175744916     2.0873082982         -21.5178400891   3.07206785104     
 222      49.6222019039  0.772928093785       104.922757445    1.32629759797          66.2795097903   1.87594502799     
 223      123.166296804  0.931015280609       243.996326041    1.49983813026          140.689053627   2.75335664438     
 224      139.740065149  0.973472003176       205.353869713    1.87585994148          94.0144999234   2.10141759329     
 225      137.244797439    2.3571745269       608.750324417     5.9946404774           685.41355912   11.1989228935     
 226      229.410204656   3.44705257982       475.258841182    7.70359748361          388.482465255   12.2842477667     
 227      25.0179595307   1.24359474333       53.1993423028    2.41014521357          30.5020873063   2.51417432093     
 228      19.6280496109   1.33016174835       58.7080689632     2.6505042485          28.7214275946   2.32053199905     
 229      35.3802542908   1.17074726994       63.3897317607    2.57407591909         -6.45589662327   2.62742729292     
 230      15.9769155251  0.888621822521       38.9588272707    1.52403706213         -3.39393192788   2.15618030759     
 231      20.9685508702   1.47551720686       65.3353632815    2.35415531723         -64.2724757565   2.21555532716     
 232      22.3104443985   1.45919917838       45.7513027194    2.55849504665         -14.0891767318   2.56171642039     
 233      51.5796834046   1.50295474401       93.2251881101    2.83646558026          4.76579171964   2.41116670864     
 234      26.1658368931   1.02105147814       51.0824381295    1.83088116764          10.9241693557   1.60944061538     
 235      27.6887946036   1.21800501551       65.5230948737    2.50619540377          20.6234992888   3.35755612235     
 236      67.2847216005   1.21861875406       150.588850081    1.99199945243          141.912992683   3.32762574158     
 237      35.4865212228  0.748861617242       151.288356588    1.24347246277          124.158281632   3.25827741674     
 238      1385.25107398   3.16996679446       5311.54166997    8.92792758984          3761.06512664   34.2430803034     
 239      118.873772446  0.695823074705       273.445239946    1.28060205056          135.335401847   2.89332050794     
 240      74.8402612863   1.29272904301       154.673982114    2.72721617157          100.380718701   3.03352875074     
 241      20.4828925229  0.674880398113       70.4133093875    1.27496100379          42.7573779652   2.11810379121     
 242      103.573877933  0.826134702962       215.156779667    1.55932087648          91.2730108566   3.02193990741     
 243      26.7690137145   1.02138563841       58.3072219398    1.75298440583         -17.8610702641   2.58921712468     
 244      8.50213933503   1.17187689001       52.6435233426     2.0200666739          3.99323295876   2.81206120642     
 245      37.1073919201  0.675686474472       113.123730581    1.20573538043          30.4306280788    2.2588022941     
 246      37.6903864175   0.86147103072       64.3667139283     1.5139695996          76.7485323516   1.97992278358     
 247       28.893039952  0.783932097159        59.744752731    1.59251772227          53.4205142005   2.19078886059     
 248       43.744203669   1.19579741156       89.9440919752    1.73731404428          59.7708355526   2.32449504986     
 249      91.4364110538  0.890130805516       112.028151786    1.32330294118          60.7737609987   1.80234087114     
 250      18.2907768522  0.871460026896       35.7505257984    1.52983110629          10.5557663853   1.84333279131     
 251       22.622744279  0.680170439008       56.3251284921    1.24300334634          4.52617780333   1.94844740245     
 252      199.123206213   0.78261022955       607.170365695    1.72354282437           387.14777536   3.15906320414     
 253      2295.16157326   4.90473804442       4117.15298898    7.28996686288          1803.45492925   14.9152761729     
 254      65.3498282298  0.771643009298       154.926610336    1.64145118393          143.962518603   2.33148074583     
 255      59.5257282182  0.687961037177        128.96156514    1.27931062396          128.166557515   2.02754476933     
 256      26.5413394877  0.753330109913       141.898304766    1.44959930517          220.840161176   3.50820581699     
 257      24.4808181106  0.738988250296       62.6479243891    1.22700356824          50.0869500145   2.23514991201     
 258      19.1937559862    0.7639145431       39.8214766297    1.28727008202          -5.0591338788   1.72282106952     
 259      49.1667856748   1.14421823394       99.1678761084    1.69850440852          58.1721611855   1.62020015273     
 260      493.911464588   1.30475055738       1796.81721363    3.68039595896          1606.80767811    13.557595544     
 261      101.607604117  0.843256845179       169.352325797    1.56933795802          97.5793319208   2.24429526409     
 262      187.336111113   1.70430417222       460.024105676    4.00585912309          271.540673162   3.39537914609     
 263      29.8296500875  0.835627577252       50.2684588342    1.54455956384         -49.8876380859   1.71018017262     
 264      519.062652875   2.23387074906       1073.51240797    3.81282144516          545.205635724   8.57592729787     
 265       138.48625489   1.44298973889       295.491262178    2.95753933617          148.523197436   3.75552148019     
 266      82.9091827088   1.20179539505       162.016786954    1.96719721375          72.1605533472   1.89273442463     
 267      19.1885460572  0.728573596072       51.2020819118    1.17189824025         -11.4545069514   2.11178137442     
 268       27.210981743  0.619638345895       55.9925605298    1.20929652551          49.5570037577   1.17281688407     
 269       119.25998446   1.31477055705       128.608558186    1.79576797404          63.1876900937   2.46591627891     
 270      2088.31180178   5.03585997027       7718.17313001    14.1249374772          5970.91630349   54.8445831725     
 271      259.355044036   2.48525958872       527.429327302    4.50663414347          331.671026233   5.74855346185     
 272      4216.02629841   9.49223526565        14829.799703    24.4946229656          11317.3897221   104.020567495     
 273      50.8627385751  0.795997517615       92.5054188821    1.25164254168          32.7299974429   1.87721477208     
 274       26.508740909  0.707057201701       61.8948480112    1.29421551775         -1.99345301341   1.95914523868     
 275      265.146948228   1.85447000005       618.311218293    3.77719040236          423.526614207   5.61795374707     
 276       436.21293677   3.02305263596       927.949764387    5.76953279672           535.81721248   7.50699974861     
 277      38.6970665944  0.676815007975       183.887233891    1.36612692729          209.109747422   2.49810398089     
 278      18.2924256115  0.970571358819       42.4677104787    2.00523057658          3.35868646093   2.93020352468     
 279      23.7113410015  0.711205297407       60.6628169262    1.61102318316          74.4141788661   1.84354103595     
 280      17.6970701779  0.792998272547       45.1792402022    1.50609823153          43.8700596721   1.77489596169     
 281      37.0639466292  0.974093296618       63.2782513243    1.38382717163          44.3501293431   1.68281167714     
 282      25.2429275366   1.09290150634        45.744279924    2.13549738658          26.7476475012   2.45855696086     
 283      55.5798818925  0.764195552989       97.2034477104    1.15918213107          47.5048218157   2.01466280577     
 284      66.5252896256  0.732572179266       94.8433661802    1.31442036398         -8.67178661887   1.70138720644     
 285      21.6998025056  0.760930366613       51.5352277127    1.33394887048         -6.89233804614   1.78004003624     
 286       25.472438224  0.649646741601       36.0551931082    1.34404764893         -17.3218719801   1.04834277636     
 287      43.3406646655  0.840839932815       82.8660878506    1.90481521754          89.7316525869   2.28138703979     
 288      67.4674750249  0.775099823039       99.1504124074    1.35239639475          28.1686937018   2.08322890553     
 289      84.6318558506   1.04984378192       171.571571364    1.81996091424          47.9270646807   2.39749194735     
 290       13.178438223   1.11326658924       40.7140454701    2.00354079698          16.2530202594    2.6382441803     
 291      133.992929394   0.91102715253       631.947717198    2.41648331476          519.154651647   4.63968670872     
 292      37.7363238527  0.941311675686       55.3406338859    1.80460288355          29.8124908941   1.51344558211     
 293      21.7010210148  0.962618951788       54.3401255774    1.72951377454          37.6998419273   1.73778425122     
 294       9.0839969908    0.7656440681       42.5328570207    1.46115435506          63.8968331655   1.37544934107     
 295      24.4148928346  0.809145458349       59.2645083494    1.48974914676          23.9030473314   2.34582507305     
 296      6.29751305866  0.828132499089       43.7255636787    1.55672398741          -8.4570143419   2.07428844241     
 297      37.2653312047   0.91724030954       53.3760895026    1.23286859531         -69.4231245025   2.01103241938     
 298      59.6175493046  0.684628379204       78.9899811561    1.45662013157          3.96602344363   1.96991446814     
 299      23.4542557813  0.931496949626       55.8413218669    1.86036202871          23.1870735213   1.48119756759     
 300      29.7210535191   0.72992110047        53.344203828     1.2086505067         -19.2501839731   2.11865486563     
 301      83.5006401002  0.756880571026       168.142774502    1.27000456075          71.9559674795   2.00803627385     
 302      19.7952669453  0.595939438889       51.3180965086    1.37794190871         -33.7444568394   2.50097521956     
 303      51.1587351375  0.819627870294        69.631167635    1.18524808401          4.46818923522    1.7260246927     
 304      80.8349401253  0.699735676792       117.492903971    1.27814364083          50.1405060124   2.65889329121     
 305      186.619048292   1.00275454835       291.527321768    1.36780457138          70.6974686667   1.86195189776     
 306      82.0169253541  0.900856497476       178.773162892     1.4441523412          63.4279625984   1.41762095603     
 307       156.22586276   2.21803486955       295.588597683    4.18725288445          221.100174142     4.451126841     
 308      112.030489351   1.67096915741       225.239434921    2.88455632611          120.378325843   3.15667041121     
 309      34.0217134854  0.735594734292       176.966691383    2.03183255957          178.580548118   4.76342288637     
 310      62.4851307526  0.793722452968       351.701289287    2.60583446305          477.678396855   7.12941718312     
 311      25.9337868245  0.735310128911       50.3220689456    1.54666085221          48.3546122907   1.36753453628     
 312      23.4125028321   1.25332839732        52.280229275     1.8733031004          43.5082271707   1.81324384303     
 313      39.0735227809  0.758284722661       53.5419138778     1.2224678942        -0.193134094248   2.05967029354     
 314      107.099871659   1.63582216783       205.170569229    2.94558935139          148.493774095   1.96128661746     
 315      19.6477805491  0.868892945502       30.7282090332    1.83335493398          7.61281223421   1.89699115391     