# id F89 E89 F90 E90 F159 E159 F156 E156
    1        1020.8237216  4.67125272428        2205.55266152  9.52717790115         2457.72233493      28.8753334176          169.311574878     2.50969769927    
    2       246.400109884  3.83422992917        639.411429225   8.3090898836          999.83503031      19.6974356616          51.3480255581     1.21020458973    
    3       121.647509504 0.764429881922        283.071827472  1.31016918438         346.719477344      4.90969461553          22.0952330046    0.734202564701    
    4       79.1139984238 0.764447709931        139.847925496  1.54257054072         194.269922879      3.84114478095            26.05891871    0.611515235508    
    5       75.0022046156 0.861053959946        116.689835663  1.31952821654         65.7336822224      2.35575504689          8.70815903518    0.663223545967    
    6       79.1794296275 0.716679227352        112.969720905  1.18502796035         111.633239647      2.01318156353          5.24536276441    0.612904180081    
    7       258.988991565  2.53915776548        647.493171817  6.15386633931         1306.93268158      16.2361336829          27.3694297121    0.687278679035    
    8       101.385415176  2.17887797872        206.488267297  4.22911490822          567.50936236       11.470680327          27.5728215614    0.677738634695    
    9       137.418954561 0.554683263575        152.418109937  1.07009965759         138.634776479      3.02471738379           32.193160988    0.661328716902    
   10       14.7012207368   0.6086368079        55.2312727891 0.954614289452         173.246808282       2.2474616319         -1.30685736463    0.548657054946    
   11       103.882329692  1.05411131592        159.005662074  1.78184661448         219.382608461      3.92106973659          29.8645627112    0.886910851046    
   12       21.1684537278 0.634819344681        46.6152023584  1.12469436593         53.6693202086      2.84814695074        -0.960632205795    0.536804199501    
   13        187.06394196 0.954726011394        576.285311692  2.08107572746           629.6938062      7.42118249098          20.0770500088    0.671928941911    
   14       51.2138745865 0.692364925933        60.9820401464  1.14233625695         4.43355966632      2.45739524428          14.9086027454    0.779922208227    
   15       54.3315730287 0.674246883847        91.9513523443  1.21954166548         59.3491205621       2.5853246664          4.56158365645    0.626390472191    
   16       68.2119071271  1.23909568398        68.7898474756  1.68909394081         16.5099742792      3.13012209265          19.1589097754    0.728777991297    
   17       38.2942142196  0.97877928155        73.3673093871  1.63438313304          50.518855792      3.27422552353         -18.3915594184    0.675146324278    
   18       87.2842311104 0.968478732719        99.0629759294  1.35431556538         150.563390675      2.37621960157          27.8317791819    0.733888180518    
   19       111.520210273  1.18528916381        118.532562726  1.38882783128         113.537933232      3.54166165821          42.4228418143     1.02236811417    
   20       427.603785213   4.6587907941        1088.17937144  10.8248268153         1656.29559155       27.638221946           72.753642853     1.89280964764    
   21       95.2690270085  1.37342084394        118.333866652  2.23892433136         210.890794121      3.70395715225          29.2560324229    0.910452226879    
   22       76.6872785955  1.70905935546        117.953559668  2.18469310984         114.350612328      5.07207166114          23.5904334823    0.968395564668    
   23       71.2229761494 0.667152276126         94.434150011  1.14774507664        -16.8744950212      2.37799921647           11.663028475    0.548485205484    
   24        33.570547491 0.640074731912        83.6217735207   1.1749663198         66.4000486522      2.41183789658          15.7720588915     0.51253501753    
   25       41.2794537221 0.659258687788        54.4218458294  1.08128430226        -4.44571424974      2.43580661848          0.78809503539    0.603548845647    
   26       27.0336475052 0.616566495355        164.044579609  1.44548632287         453.005759869       6.6555278421          3.58299227759    0.750718444536    
   27       25.3251931724 0.731838566476        49.7066029138  1.18855799201         29.6986680075      2.75498286518         -7.01404582601    0.791073540174    
   28       83.7994210537 0.788106194746        140.177112807  1.11803303042         88.5343479386       2.7716153524           31.059013055    0.572546057385    
   29       71.7268231126 0.720416474965        118.372070616  1.24709177906          145.79045536      3.10011420952          19.9923212573     0.88308465382    
   30       282.469570686  1.38583006573        530.540076225  2.14550965146          435.79097435      5.31816936891          32.7357097761     0.80217566733    
   31       72.1158069329 0.785320684901         255.37473587  1.30226126214         446.505520176      6.02052096873        -0.442336735348    0.707452905598    
   32       69.4317521331 0.873299996104        90.3300202239  1.17657366565         59.1270520264       2.1425067923          29.6129568153    0.628276466668    
   33       127.292659376 0.642075046229        157.542171961  1.21923703481         127.028308674      3.37056473908           37.805365389    0.733006085533    
   34       69.9609108487 0.699910303311        124.660907829  1.19685565208         45.5840769781      3.30276078228          12.8565384471    0.799453784206    
   35       45.8041470415 0.765252960671        73.8714836306  1.55848779452          90.935722072      2.37077884887         0.844774692467    0.666634762989    
   36       22.6421839168 0.985419287457        72.6506406698  1.65765616464         86.6150327601      3.12485764639          9.78971438446    0.560398842532    
   37       157.800035476 0.941201997541        226.158853409  1.37722927597         213.365496489        3.168967994          42.7889520306    0.786449002019    
   38         45.14509074 0.554053868639         61.920847156 0.991860246658        -2.65780894024      2.09815587532         -2.20084297319    0.441460556189    
   39       70.3609174911 0.682454885778        94.0352394749  1.19003104557         40.1863986359      2.81137037001          9.66401255251    0.731539970195    
   40       160.732099787  0.83146647693        224.042102244  1.46383688751          181.06161509      3.56207119484          48.6250622796    0.731000777494    
   41       80.3708493642 0.767726763341        176.186486005  1.42474757534         313.964285021      3.78811085001          11.8753797939     0.78516471787    
   42       164.722052501 0.991329424077        338.925320798  1.57856863278         367.664295118      4.08969508885          14.0636145189    0.868876057488    
   43       109.333805681 0.712141008891         269.21915982  1.46526134564         446.669336902        7.104804348          6.71534593672    0.837998698326    
   44       738.585981521  2.26685881093        953.694023635  3.11489779505         1040.49403284      11.4709694702          220.625497227     2.17541760574    
   45       76.1103563645  1.36543430527        97.9882471818   1.8136358155         140.359707333      5.35136427047           25.440400376     1.03083881503    
   46        103.54985098 0.902640158168         353.06668155  2.46209419291         880.260086427      13.1173897258          17.4650345402    0.687144476149    
   47       25.5551993526  1.01280484025        58.4772924372  1.50431373202         66.6203211876      3.76913383711          -2.6940840214    0.797384079897    
   48       65.8361660374 0.777940940359        132.791677234  1.27905327612         151.998644111      2.95351005933          9.09944893136    0.640423259993    
   49       19.5763418848 0.638971190471        51.3438096121  1.06139865742         -26.230468926      2.47821137539          11.5463237082    0.587636604564    
   50       37.6857551227 0.586308399799        87.5099858231  1.07953794334         32.1063134151      2.39206839984          8.87383630626    0.785474020478    
   51        335.69158432  1.67192475229         634.38019177  2.85461834704         681.202689296      9.77776360507          72.2865333171     1.29374020883    
   52       65.3329634163 0.751692803027         90.530361481  1.21736628553         121.640293039      3.08530735182           4.1093363082    0.784454454253    
   53       43.9716702271  0.73773574749        73.1414281525  1.25716198871         37.0440648985      2.71162914684         0.590003355154    0.527602345198    
   54       77.3170981634 0.719483515807        178.787134296   1.2090621424         176.012186312      3.91805768136          21.7264233272    0.622788347756    
   55       42.6239908515 0.742752328861        78.9536926234  1.31389842817           28.97855736      2.70459097883          1.77923365398    0.609975402429    
   56       37.1191645373 0.978062301663        75.5216007004  1.54289521261         86.3821436718      3.86445059886          29.0154509519    0.635546021889    
   57       27.6804113273 0.708991834806        51.9796199883  1.27022045318         63.8514328673       2.2861706755          4.87087932504    0.714253552053    
   58       118.602387683 0.948909313964        239.739491793  1.93345248342         188.562163648      3.41703770242           29.326556945    0.618740991795    
   59       21.7819565461 0.993137770959        43.2841619329  1.40830714951         3.24919032796      3.02889124159          20.6211520339    0.590024577207    
   60        38.493705225 0.723965343217        41.7927734531  1.20097747019         68.0834367881      2.41851572593          8.71111277967      0.6383928172    
   61       30.3711059622 0.721878788169        58.1104072737  1.17370506497           14.74833644      2.02186368806         -6.05257021721    0.733826919997    
   62       66.7850906892 0.633250995252         122.04824414  1.29893998606         201.500535392      3.12535367174         -15.4724257937     1.05059192151    
   63       68.4081514364 0.755328470546        84.4790550925  1.21937022181         57.2908961834      2.30905001071          11.7556768376    0.821692374433    
   64       24.7143154554 0.711352485373         37.844165549  1.20890550669         25.4186079269       3.1794841026          6.59220244841    0.683461894216    
   65       31.1565375234  0.65773651549        39.5995243747  1.31579793207        -8.43057919105      2.86522187874          12.4626840689    0.727122917046    
   66       1114.15472694  3.96318389584        1890.26870029  6.20654936555         2043.74316229       26.183914431          263.599783755     3.42078314823    
   67       202.485902333  1.64321559604        376.508270625  2.83551085418         520.701712276      8.12566779048          58.0163523711     1.08418805275    
   68       32.2013813393 0.739108379353        51.0133493724   1.1274097547         33.6451918756      3.21535415115          17.3390336969    0.598152714006    
   69       38.5682041385 0.692872950453        47.1266737637  1.33438879193        -10.7064873136      2.49495522508          8.18875075996    0.503325911972    
   70       14.0263922345  0.71378154574        114.415609006  1.68319621548         187.341355161      8.02976236009           6.2729075566    0.605941535023    
   71       62.7233533091 0.794760744625        306.381718109  2.10928892454         683.013739656      11.2675672633         -4.22130356967    0.671816000884    
   72       33.0683737444 0.671477424612        62.2372972959  1.12076769034          81.301848827      2.67819395089          5.99153399067    0.616249092859    
   73       27.9470257167 0.702863004858        61.8279185491  1.27980920575          72.380090567      2.43756836081         -2.77901800807    0.471630651384    
   74        98.972078128  1.23976775526        125.774423661  1.83826323318         100.894016089      3.45291667134          17.9121548049    0.671300211591    
   75       17.1568758314 0.687135924776         57.755099805 0.951301563592        -8.60403810686       2.6680416549          4.17983802606    0.616127899503    
   76       43.0461452427 0.683448682637        60.2659952733  1.32813373395         14.6050105379      2.74481917677          19.1819992951    0.651523950581    
   77       217.174012495  1.84742124273        419.179831266  3.91903090004         437.768377393      7.76987919687          26.1238468695    0.749846533988    
   78       60.5537739462 0.668156075822        80.3094285423  1.23947645766         4.52669576641      2.91851707052         -4.90044904347    0.844505957196    
   79       92.0279808277  1.71838330845        206.175954931  3.19935227738         317.177076981      6.14486284478           24.397092609     0.86476008687    
   80       296.390017578  2.73624465889        388.808234501  3.16553119173          374.54342268      5.48629965593          32.9900290153     1.19740833853    
   81       44.8233191352 0.795992193508        92.8851852435  1.41873551621         119.910840239      2.88113946422          1.46124903161    0.696253076066    
   82        75.334716286 0.610809125052        83.4085044029  1.17097454627         69.3605849616      2.44203564864          26.9883478272    0.584000988999    
   83       69.7456067237   1.7127586228        152.004918784   3.2574388076         213.554484568       5.6843195335          3.14977333817    0.802581601262    
   84       48.6389163129 0.801086866653        323.474798481  2.58800749341          808.78288138      13.4562768593          17.5923160944    0.575081956908    
   85       60.2142272201 0.874461270509        138.161745496  1.54252903277         279.377528909      4.12765216951          15.8090880079    0.558782029907    
   86        61.538046243 0.855268333753        89.4996635712  1.32886524307         34.3921458433      2.71614639512         -15.9172422103    0.872680952849    
   87       51.1088137528  0.79309631103        89.1358876543  1.37394644782         42.9062092905      2.83660423458         -9.16920196389    0.545366924549    
   88       265.871617374  4.97488352903        509.919876842  8.35066861597         559.825652605      13.1214836416          55.6337961707     1.61312570728    
   89       53.0654622587 0.857677261739         102.09083722  1.53394183242         66.5361842296      3.56383491198          12.7909165331    0.751386983936    
   90       54.1058592614 0.739110875669        89.3481657531  1.35789472927         65.1667660286      3.06228282803           18.951001832    0.899323424966    
   91        59.539168215 0.646325973454        98.7862978192  1.28633108468         99.4809205529      2.96752779642          2.75633852424    0.573609485958    
   92       21.3992681953 0.649539225764        39.2730098814  1.15284372171        -82.2080409679       2.5586651772          15.5059288174    0.493214482913    
   93       27.5935537322 0.664605894514        61.5964778799  1.26162728104         27.0168798889      3.06494846204          4.20656279959    0.735451068237    
   94       158.386467308 0.762215014908         279.37683583  1.38196460207         356.554480893      4.63474219849          37.0468413591    0.713894945701    
   95       59.7507977028   0.6561872434        216.998889931  1.58086816062         265.056636211      4.28029358087          5.15109371311    0.698153045943    
   96       39.0614333662  0.67657744735        89.4591136765   1.1405891038         118.675833931      3.01935612485         -2.02078632998    0.581508837012    
   97       60.7689006731  0.96914440176        87.7379218725   1.6461032651         47.0793523062      4.29553881468           13.969949173    0.705122181148    
   98       52.2971458889 0.831731006286        62.8541512206  1.49342839372         85.5689318226      3.54263985064          21.2370353203    0.640924871432    
   99       109.142355499 0.743084994607        122.917804543  1.36795925998         99.4064816153       2.2914203954          42.2508020883    0.817669331004    
  100       33.6790275245 0.630958032505        62.2903112758  1.53520664958         94.2482545862      3.27988179546          1.73781443012     0.36652228379    
  101       13.0295796871 0.988247305067        50.3907425646  1.85521906502         83.0636350527       3.9942639415          2.16125903056    0.602336787532    
  102       40.0275813237 0.779449399143        75.9175687956  1.22749158137         93.4353429159      2.48477144918           12.230324526    0.715457872492    
  103        25.544131203 0.892981914387        61.3812930945  1.59149381921          80.692190659      3.74797641266          9.58554758059    0.519023380859    
  104        46.715500616 0.794643266175        62.3935898047  1.34377903942         49.1391187487      3.57088125138           1.9528653991    0.646556898521    
  105        91.541018213 0.964548932609        126.017948012  1.63154083532         90.9913955733      4.25946502183           13.248518133    0.595896629661    
  106       117.187156425  1.89243009084        157.077964766  3.58108492811         204.516261835      7.46824529102          11.7772725472     0.74928106273    
  107       62.0246111574   1.8642985197         140.39432469  3.84339278894         228.413637283      7.14390131974          5.48827721863     0.63523993461    
  108       12.1206676223 0.809913292182        55.6792449202  1.62324793096         76.2873294334      3.81717277389         -12.5406945967    0.680135218048    
  109       21.6206071175 0.973501631877        62.9880621647  1.58534324539         146.408276667        3.592537518          6.04780468358    0.581971586804    
  110       20.9500716624 0.863184039608        47.8965306172  1.58881098958         95.9088621509      4.15639852621         -17.9897770012    0.589906187076    
  111       36.8316801718 0.702895968024          49.16847264  1.21047818373         45.6211830817      2.86435700364         -1.48253372459     0.89563826066    
  112       59.0645106915  1.29041586868        102.574672595  1.87854096696         197.433929937      4.08716303114          22.7684837883    0.791670094389    
  113       33.8196385595  1.14969337539        41.8916099076  1.94200579853         21.4482938882      4.53863960674         -2.41570397209    0.682945889209    
  114       105.994025422 0.988986545618        119.630150994  1.34915398559         84.3480972851      2.31387516799          26.6553991369    0.882734987066    
  115       60.9071140198 0.835365602871        59.3746415944  1.25519582349         129.519745123      3.80452883285          16.6419607496    0.746004371665    
  116       129.270473822 0.870262841624        160.658291313  1.31758644513         150.847912158      3.19484148679           28.742925806    0.710888993266    
  117       15.5322714258  1.00114332292        46.7207743201  1.62185696207         36.0291469062       3.7971816528          18.5364993669    0.671066483996    
  118       25.7078829535 0.713952419734         46.905847346  1.29792974598         50.5726694794        2.916738345          3.02838407693    0.597304890759    
  119       131.509168744 0.820070026449        267.655737264  1.52834788932         280.428296208       3.5321837784          32.3152173243    0.712621231889    
  120       244.300621202  0.87725507025        257.466813023  1.35406244629         189.790525778        3.264343637          77.0743813768     1.28254539093    
  121        152.76658406 0.785486190834        171.695641385  1.24266926185         170.638844695       2.6343689843          33.7047119509    0.854877464063    
  122       72.9361707552  1.07774257708        85.0334182072  1.60832169848         134.241252611      3.40379550326          11.5591233008    0.586390358879    
  123        29.682505557  1.04575117092        59.5522845488  1.91355022199         94.2498644504      5.27628580661          13.1679939347    0.577171465104    
  124       26.4617667768  1.09265201141         67.341790841  2.18190076632         148.516101923      4.50987231973          11.9216623984    0.737833049381    
  125       31.9804124752 0.791934192834        59.3936136124  1.47434419615         191.480079843      3.03316975365          10.7214567422    0.662051620244    
  126       35.9504952493 0.829634753052        38.7609566048  1.39211986211         37.9538799987      2.92574364549          8.92881765991    0.516711804461    
  127       74.5421346245  1.29725013454        88.9331769309  1.96450659913         9.18131958868      3.94668385483          20.3985974195    0.620196837611    
  128       75.0801851119  1.08505190665        88.2643623602  1.77609307138         95.6396252497       4.1280518735           17.460187327    0.637955655463    
  129       28.7024349371 0.661740247076        67.7479355843  1.14885533434         32.8647380128      2.43054798676          4.12896061659    0.755088776351    
  130       237.209425292 0.989260494125        390.617085698  1.98750263977          358.97704098      7.33548891045          30.2687913057    0.549604878341    
  131       76.8918021573 0.722638173362        94.2870342887  1.22623556888           63.83441318      2.80939109641          9.07437968637    0.468572211828    
  132       13.9682404079 0.836097862718         45.105761228  1.52123689854         50.8914113385      2.74800617487          11.3201723732    0.557202285545    
  133       2.82773999323 0.649571037667        30.2860947048  1.32886776759        -6.38331975001      4.34450388924         -6.05368687312    0.630970846693    
  134     -0.895954174543 0.899840468045        39.2586245201  1.66419424909         10.1034997301      3.35567605108         0.237353880762    0.468426505062    
  135       271.944893797 0.820166970833        314.675494624  1.36895442575         162.640751949      4.02291304148          65.4721560596     1.05486989707    
  136       22.4206485195 0.883240437077        47.6972947589  1.76442553041        -13.3880085289      4.20051128274         -10.3460149742     0.69216219708    
  137       35.9967934452  1.03773923058        96.9332859809  1.91126499661         81.5027748932      3.71354381647         -1.29589636755    0.711579299469    
  138       56.0408183442  1.10258662551          70.70424786  1.90330620567         88.3101630073      4.90671055663         -13.8692020642    0.827961140397    
  139       96.2693655377  3.35735763007        375.552240921  8.87195022968          594.97118155      12.7871770143           3.5177188493    0.706244657193    
  140       334.576461511  1.05558581883        557.542315486  1.55608162603         435.003660033      5.19476469096          22.3570715756    0.897063110287    
  141       29.1213185607 0.896290795052        73.9960096784  1.78825959546         73.3921807594      4.05260868154          14.6565535361    0.590349896514    
  142       14.7122767916 0.952949824904        49.6670697904  1.62580711816        -32.4483229972      3.10571231314          2.00781793962    0.645305585345    
  143       88.7284723503 0.998422901168        187.754199108  1.90508417626          152.73156036      4.27821707872           7.3067096624    0.889250639729    
  144       13.2286234562 0.929639332775        36.7853051787  1.69807739109         33.6425491753      4.00285127361          -5.8976230062    0.558022656143    
  145       180.429333658  2.94700022133        481.338318728    8.071589485         551.785762552      13.7767912597          24.1703022577    0.803674059254    
  146       76.6580794227   1.0735959617        115.293253915  1.72089003532         92.4893740565      3.62056277417          6.53609129727    0.534237979661    
  147        19.357681613 0.916167087679        44.2893792005  1.83467280228         124.788424184      4.34436475335         -1.44385192162    0.618372092976    
  148       30.7244616997 0.826197318858        62.5050979057   1.6079186958         158.629779613      5.18186906555          11.6679721816    0.848704197426    
  149       10.5982761228 0.750411406262        47.1278460898  1.67835193159        -60.6496231263      4.33516653216         -12.6273665882    0.599142503674    
  150       19.6021197744 0.790809067452        46.2943023435  1.39337661545         104.466275699       3.3439075484          -3.0061055334     0.47162158624    
  151       24.8314215243 0.786216837085        48.2482326432  1.67443463494         102.573583273      3.76708087907          2.12419472445    0.514365071884    
  152       42.5221521722 0.841633472547        86.9018458661  1.77275488714         192.795130293      4.08970079207         -2.81878775755    0.418134815636    
  153       84.7377013923  0.95363159443        116.737652378  1.79349154436         135.482368271      4.16179567268        -0.246312777345     0.65648938771    
  154       55.4191143898  1.39213302709        87.6751206754  2.08086008446          151.99958125        3.871031646          8.41402452105    0.677723955553    
  155       21.7849440286 0.838833633196        48.7628135846  1.25943853684         88.1395623654      2.75487891266          14.2938400931    0.514087462164    
  156       38.6696837913 0.792619363724        83.0503376768  1.33743602226         143.876956309      6.32513851541          17.8803734246    0.860185522804    
  157       12.4595302913  1.08963279685        49.3445811902  2.01703195257         102.536798879      5.16947179127          3.22164980109    0.480567232283    
  158       27.8736117509  1.06031649593        60.6999151164  2.05638287997         160.391297882      4.99977921958          2.97115095198     0.61473051733    
  159       67.8942958931  3.19812017274        192.662486702  8.57555737129         717.005040839      82.1604213591          4.42491280824    0.740327778314    
  160       76.9367401437 0.826640148347        107.430202579  1.06623121584         79.0755365778      3.50039392339          47.0661963537     0.79188393441    
  161       64.3402845736 0.697825593475        127.175042822  1.27699682218         220.445159093      3.64087296934          22.4016304708    0.666655881325    
  162       20.5683068608 0.748114008982         42.055457494  1.56384825489           159.6360073      3.26293725462          8.66668399993    0.443980390067    
  163       25.7597138902 0.877649825664        50.7235927929  1.42192666811          115.19766042      7.99429559677          4.62902856364    0.720949189873    
  164      -1.93939485726  0.76507529729        33.7013747029  1.36821332989         313.427008091      14.6645020785          4.03504822571    0.549788479244    
  165       33.5657361829 0.741404507257        61.8123233854  1.41864152697         70.3451409737      3.16633494783           19.770675745    0.532759253189    
  166      -2.60135134948  0.99715190064        31.9956528552  1.63304084633        -197.964763487        12.31444641         -7.31111680314    0.476795800731    
  167       2597.94328882  16.2602028455        6080.09720632  32.7063123599         7537.60532021      141.762941635          128.335019652     3.03367930161    
  168       54.2828292837  2.74990151204        99.4025927925  5.06271536343         1260.60887099        82.34476104         -4.25710577002    0.827633126176    
  169       43.9106982722 0.779459288136        46.9158782047  1.27368388508         36.3676102416      4.31301264537          26.4536373596    0.740354784383    
  170       23.4627561775 0.764429792016        51.4516921315  1.37431162533         6.96668205135      3.76812189658          3.87482499149    0.686022319294    
  171       83.2417582554 0.738505010939        102.043504674  1.27534224609         146.336182118      3.34452724526          5.28651060471    0.660081780888    
  172       11.8719574391 0.773696462906        64.1602071252  1.43426590676         29.0705928126         3.98851884          26.0751201624    0.743280106839    
  173       16.0229624154 0.710346611525        37.2932839319  1.17089490021        -6.70024253706      2.53273467022         -5.28914260582    0.724549900515    
  174       13.7326062774 0.741106519482        41.8778815973   1.1983507002          73.338470335      3.79728320644          8.05720171758    0.499280803657    
  175       26.4092847235 0.809637331011        46.4506905317  1.67264507098         81.4202636415      3.42182078958         0.817324316738     0.64868145764    
  176       53.6487484909 0.783461804997        56.6920986766  1.46173014607         26.8362960582      3.56165943465          12.6053218767    0.592274169192    
  177       41.9762612388 0.804767844899        49.1064515707    1.176756834         50.9578906224      3.49738584674          27.1726699268    0.790797776619    
  178       21.2553749129 0.752148457534        60.1109469432   1.6501200785         98.5098247452      4.35092182364         -7.28529062716    0.593647720801    
  179       84.6457413993  0.89600696334        350.806707629  2.55262647106         766.288046159      13.9113600744          18.1397812137    0.582725446521    
  180       804.223879588  4.13275374007        1809.41900452  8.09178213015         1986.62388471      24.8181891252          44.3940539819    0.999723407377    
  181       27.0810736224  0.82794670967        40.1257000003  1.61851482428         88.5374454621      2.92092079102          14.5865911615    0.565500270105    
  182       15.8639538751 0.933603526337        40.5657638781    1.863987057         10.2804246229      4.03296555242         -20.2612364761      0.7321287752    
  183       24.3163306818 0.912679396009        51.7407321243  1.41062167173         38.2726187912      3.32963976759         -5.45753165581    0.732668567622    
  184       32.3502102719 0.684801856102         44.027669914   1.0769746145          57.198077168      1.97418892517          -11.553251972    0.478509814606    
  185       14.8831031434 0.988154206653        51.3590389728  1.73201448079         92.4314365943      3.19167511051           12.303990866    0.619118354101    
  186        18.649818215 0.727083293132        47.4845170018  1.25796662548         35.0598811222      3.65085108844          6.43959970264    0.447284483035    
  187       116.914026626 0.820797510764        189.308419974  1.29245709607         182.493221655      5.02030103642          23.5218231582    0.755841854302    
  188       15.4602059159 0.758363391968        40.6391772027  1.45621262079         17.2497945764      3.94704186356         -2.44990505176    0.549558044691    
  189       79.7629843249 0.728550636888        98.2270643813  1.48644539654         151.997161386      3.05391194612          18.8338307547    0.630759255039    
  190       51.5450212683 0.912445480377        67.7728053582  1.52554116046         41.1728166532      3.21092688385          12.2011391805     0.65952496721    
  191        59.145769041  0.86145311694        79.9338203055  1.27675536783         104.413411516      2.94481138519          17.9692410605    0.556478812119    
  192       75.3484515094 0.666398701298        98.6158919618   1.3307055311         40.2476874357      2.08939785163          8.27117043144    0.507157230278    
  193       76.3409296429 0.837723072162        108.408943009  1.22467039026         102.943841588      2.95061127256          3.71503073948    0.726455320243    
  194       20.8443806859 0.666642024559        54.3978141876  1.08474283312          -11.76966673      2.74247351941        -0.152150063265    0.780752522198    
  195       73.1164311625 0.739551075641        100.505354448  1.41823164395         120.169456399      2.85776287972           29.186494301    0.759398556775    
  196       22.4066383868 0.645327439762        48.9480560016  1.14944890979         102.449451891      2.56661623003          1.12932659561    0.641680962753    
  197       153.807239775  1.17604596125        287.308445199  2.04161699832         417.961783725      11.1343337627          33.2374584386    0.868970481209    
  198       18.7831189773 0.751792495144        33.7517307225  1.31478279087         24.5023712373      2.85046687855          12.7095303396    0.500722299145    
  199       364.839705058  2.59755757334        772.901565637  4.59763583905         1095.27308745      23.3332631573          34.7456288292    0.825013147828    
  200       33.8721925547 0.696236246254        98.2427355954  1.27488918557         84.1100904407      2.31142118653          10.1285605935    0.602857345239    
  201       197.769709272  3.05275296016        435.748784233  5.96740188563         10583.7005681      377.726051052          47.4403232721    0.911906635434    
  202       39.6881184329 0.657449664864        68.8803959252  1.18005415408         91.9038379782      2.95549020372         -3.00623736812    0.836076393557    
  203       444.841601841  4.07571259319        922.352167392  8.64562166131         11312.0767138      317.677158119          71.5734759401     1.07661008285    
  204       58.4069615275 0.692875193577        84.7057817428  1.32670467011          54.162351593      2.41513811441         -1.02102957782    0.613743527277    
  205       22.9177607478 0.683728010841        64.5510505754  1.25177748413         29.0576080604      2.24116274069        -0.702294637805    0.730279819633    
  206       36.7526186354  0.72826051972        41.1396175603  1.26102517038         4.61807219825      2.24775743457          14.3119267942    0.589695889864    
  207       137.497081114 0.793962953492        225.848046546  1.29285369272         312.280355225      3.09801078185          32.5066023393    0.773339500283    
  208       594.469982941  1.87588824498        851.766750051  2.72399187826         915.232105837      9.22787674674           51.025482584    0.929423223413    
  209       115.130233525 0.879300217651        251.393327307  1.37794403809         225.629247081      4.87465723305          42.1045774887    0.618771080644    
  210       98.3057528641 0.799054455003        188.508343572  1.23850682592         310.766456774      3.13199686852          15.5594425988    0.596478711208    
  211        47.162492499  1.94675140788        93.3991759872  4.33038322508         737.805016714      40.8823536037          6.73019058102    0.678577949706    
  212       150.789847665  1.86434142053        242.586950195  2.30836208668         406.549956625      7.32666739728          30.9468448346     1.17507029864    
  213       66.3775918486 0.859608853763        174.764469692  1.42042248528         325.353966466       5.0440797378           5.8352458701    0.598754319527    
  214       820.540662353  9.04758511121        1734.19916404  17.8378876631          2469.6021074      49.0170925513          63.7231136236     1.59097299167    
  215       119.419285396 0.647536752279        123.530578172   1.1193530659         84.7703000033      2.22506036781          33.0642552028    0.618987958883    
  216       70.7794548325 0.852203672039        82.9642085541  1.32550180586         57.8847289935      2.63757498199          9.19167084836    0.812029544779    
  217       1478.97986654  22.0880890851        1676.76745715  22.8771134754         2184.73184003      52.1375993793          364.228995068     8.04912547415    
  218       22.7549207172 0.570032283674        40.7658103727  1.11475934684         68.4743338904      3.02644088252         -13.0256521776    0.616726745734    
  219       111.728362103 0.883423491533         221.54296681  1.58374859604         227.072068722      3.01400725586          22.3363374817    0.500451384646    
  220       56.8262499691 0.672080654046        73.7388543979   1.2175102852         25.0870457665       2.4356405063          23.8129920783    0.621027364427    
  221       31.1711999472 0.895921935683        49.3559992384  1.26871033002         50.9310517051       3.7846581055          4.85533797368    0.564565898481    
  222       35.4843669739 0.958857677216        67.9354611295  2.02168322817         234.704912045      13.1218364416          17.5906336329    0.596434352563    
  223       27.7260638127 0.868214441748        57.5859733275  1.27253174165         11.7846436362      2.68192094539          3.95193881329    0.653336536238    
  224       103.706884391 0.564446884716         228.44487723  1.10673811566         202.453032055       2.7483644783          9.70498944372      0.7576316606    
  225       135.682077001 0.960098825325         252.96949371  1.40927722959         286.811676312      3.83167579264          20.5818619606    0.683839458344    
  226       35.4574438024 0.866473093511        45.5937231788  1.17507099182         94.1176054175      3.06197539799          12.5117898434    0.480972509003    
  227       33.7447713954 0.725067892257        78.1606984081   1.4039308536         78.7806880251      4.64818118763          24.9303198117    0.790913417015    
  228       206.076720012  1.29002850298        372.339120263  1.97204354587         332.123306483      5.86913471665           50.062588509     1.01394231629    
  229       229.833375843  2.89560473104        500.335048653  6.24261119395         843.265298485       13.183397213          14.6017063294    0.544458119237    
  230       422.178107401  8.16330354838        857.530615032  14.5961695955         618.638088725      20.9231300959          135.131195014     4.34264609709    
  231       40.0019159621 0.656097763681        76.0205663709  1.33727153445         -66.467600182      8.17800129064         -1.63144493761    0.586082543465    
  232       89.0296660252 0.800600789095         131.71815368  1.28322614292         153.492483079      3.95455216204          14.3317212317    0.531644177174    
  233       279.571700909  2.40334457933          472.7744104  3.73893648225         508.985961292      8.26916709328          37.1134347488     0.79571758141    
  234       113.493294866 0.744010338931        136.268818674  1.27250716936         79.9901287182      2.26552647263          28.3319011351    0.787391961873    
  235       77.7321887118 0.623685837358        120.445644478  1.35638179465         88.5800646021      3.36747461575          28.3857473501    0.781767430013    
  236       86.6145891803  0.68327665096        166.072477489   1.2413730358         174.450774289      4.28428942048           31.382551039    0.730484412504    
  237       199.485269351  1.69894684183        328.986234901  2.54227501099         350.870690599      5.55231317949          38.5296460342    0.769468729631    
  238       90.6777028665 0.843282530082        143.239538422  1.23353308507         118.851473578      3.37558227395          17.8832927062    0.824836427298    
  239        95.937467361 0.718729476122        114.733213493  1.33607836648         135.146348181      2.88691904709          27.9766401217    0.722795921875    
  240        88.473653169 0.988523749189         195.46022652  1.93682015056         233.866105575      3.92150535973          23.3444261104    0.728057518574    
  241       92.2552536009 0.844734158992        185.294807809   1.4232036445         163.855898427      3.94646214744          18.4024360691    0.831375475183    
  242       113.507840108  1.13352006717         227.59634762  2.32568639874         304.990157787      5.29687433513           15.289066927    0.811977048193    
  243       63.8085037467  1.00253675343        119.639916584  1.93968389878         352.090874914      15.9768745275          5.66291684736    0.763980101971    
  244       25.4253553472 0.777606067847        44.9614049509  1.12295545407         29.2526344967      2.40649479062         -5.32866551855    0.607487306035    
  245       49.7310425664  0.74498278701        62.1246615292  1.14963452763        -8.35814688403      2.47481426796          16.7229841795    0.792627828647    
  246       196.135240338 0.923048125192        302.846804529  1.37771530815         309.788853313      3.42264386395          35.7933930218    0.738875149992    
  247       79.8967560785 0.712806309005        129.715805018  1.56296438493         100.601637226      4.47038254413          0.23340536156    0.570318676535    
  248       109.160533546 0.641763106985        163.799317051  1.27579485691         148.219713737      3.85719883421          24.4627968018    0.724183601439    
  249       93.2838099658 0.901579782178         155.93892467  1.42820675907         144.479919313      3.06687981007          3.04643122388    0.896803546348    
  250       48.0840855138 0.749259788127        63.5096419967   1.3153400187         26.9153243474      2.98010751253          33.3400095223    0.471690289409    
  251       120.903299915   1.1289271817        313.630047779  1.93210941287          369.08730313      7.91816776929          23.0092195545     0.82246378355    
  252       18.1883355018 0.743472306791        43.2080131555  1.20453598243         -1.0669110001      2.10155123162          3.51857362618    0.632546136624    
  253       66.0630046678 0.623372743218        163.813285511  1.14857290803         245.136704063      4.00545321029          14.6621854501    0.734385380509    
  254         20.08860488  0.69073291495        50.6603486371  1.16681902887        -17.8629584412      2.22138833243          2.13197797561    0.548317170465    
  255       35.7869539053 0.654029505811        52.6141210491  1.10657109032         66.3150533545      2.45903257107          11.3567765392    0.619183862212    
  256       11.5044422607 0.652331075417        37.0529815728  1.13905832009         89.8542808974      4.13913009053            9.760316325    0.565310939612    
  257       72.1060488509 0.625452150516        124.157449497  1.33715750202         248.603585958      5.65496596285          3.88994256391    0.577078583556    
  258       44.8747543537 0.716192892658        74.4495347817  1.13424249172         52.8205261106      2.10001259827          2.07082224255    0.685370521994    
  259       63.3980473824 0.783380982188         67.265770476  1.25265287624          60.230239623      3.20212457816          24.1208019833    0.808050852508    
  260       1017.38546644  4.71499093145        1002.75799014   5.3275727418         999.893133878      13.6456427393          165.037650928     2.19947747359    
  261       6.31779433092 0.586568048873        49.4358636601  1.25136528178         139.848487104      5.43457818323         -13.0610254989    0.561340632411    
  262       121.270186973  1.49491432315        477.130618276    4.487329475          1344.3331154      22.2418601357          18.7072601364    0.729450665275    
  263       62.0885922667 0.727264460383        95.8017693065  1.22908414337         84.7901364477      2.89300994563          25.1197283582    0.638281146968    
  264       40.8436808016 0.690543364148        68.6571426824  1.30690085669        -4.91011556317      2.29119041139          8.90345767675    0.631332518168    
  265       270.642620643  3.04573140412         541.18923958  5.79539413267         790.065867471      14.6150118912          27.7013970272    0.938574985827    
  266       79.9410420749 0.867995611111        96.4743661606  1.36503117347         67.6858460865      2.39637820473          15.0309463247    0.733063167303    
  267       15.0899945043 0.666268738697        44.2604984951  1.20301893243         77.0498829351      2.38108516799          11.8173632857    0.588457041721    
  268       291.286628836  1.20824184298        971.813248638  3.50547947435         1310.19693521      13.9763141783          23.7276678748    0.538988424136    
  269       31.8892495879  0.72331999792        70.1125850741  1.24723486741         64.4189959541      2.85450478882         -13.1717331137    0.560434812015    
  270        29.428397386 0.697752668157        130.336983695   1.1576981067         371.591426812      7.14249989161          4.37780134248    0.653639816375    
  271       344.850288508  1.38492977873        636.821377714  2.68207297546         702.697467579      9.73814728984          27.9315783374    0.956969621874    
  272       123.069838644  1.18367864703         610.93378994  4.94196153202         1820.47741559      30.1012575124          7.27310438008    0.641657267862    
  273       63.8970798854 0.957537497815        183.804976872   1.7466010576         547.893864608      7.70531966892          9.34752236277    0.889944975436    
  274       48.8906142157 0.695257090415        105.798456439  1.16471071327         113.382726779      1.82659607164          14.8020379794    0.611443681693    
  275       338.807590399  2.47855008102        653.622032613  4.63480944464         793.762118133      13.7524213023          34.0273753622    0.837431519574    
  276       58.2208301894 0.720058235337        83.2889127817  1.22104319914         115.260919043      2.74881876712          9.26908690659    0.886184482282    
  277       40.4087018036 0.654433019385        63.3265089714  1.29800872583        -44.5212964196      3.06097763502            9.904142039    0.620456838355    
  278        599.09362415  3.93474159251        1254.25184562  7.19678410508         1521.53424433      22.3346536083          41.4766986249    0.803401415437    
  279       137.827076377  1.68325463553        244.405835821  2.79913933126         249.694320928      4.87293795446        0.0588101434273    0.831086403972    
  280       35.0574464862 0.674381944156         46.221387301  1.13950990799         30.8955382481      3.01887771322          22.8857076085    0.668484193855    
  281        109.82009924 0.640371322662        152.620923223  1.21841398475         269.321221816      4.31447702344           53.920182978    0.578199571698    
  282        35.929666446 0.764046031554        62.3083238318  1.31248410827         174.615133426      3.03295785496          19.8807156122     0.68457045861    
  283       75.3081724706 0.977641677332        136.581873206  1.47439518122         131.876553042      4.00548374029          12.9771376326    0.720538922857    
  284       72.7474960626 0.637894397084        99.1828360202  1.21364604058         14.4571285841      2.30818482555          19.6232788832    0.544263099084    
  285       17.3229323827 0.725430488599        45.1859122224  1.19648419799         41.1631964716      2.45302140698          3.22813132245    0.587139334632    
  286       26.4186064541 0.769262287645        47.5851978127  1.15666769112          32.507543297      2.70460022255          3.32106597971    0.536761825974    
  287       151.264266083 0.766688008306        288.053944573  1.34666822293         401.972943375      5.65972600823          34.2929132509    0.667568840466    
  288       59.7391888608 0.736939289842        68.3664854345  1.14725214387         69.4527643314      2.63446358062          13.2377678065    0.635483418142    
  289       34.8111592165 0.744979567251        70.6226530079  1.44020790879         41.6911791026      3.47142419543           9.5440046554    0.721530073889    
  290       74.2068020419  0.62096731978        86.8304348424  1.08642020633         137.689923699      2.29412555696          25.0375470635    0.647029089694    
  291       71.5836158005 0.776710360461        89.8336162373  1.21350055255         94.9784395945      3.14266569099          11.0917011076    0.600433016465    
  292       19.9349696179 0.755561163623        43.8540748712  1.38013564745         83.7514978848      3.33622919534          0.16754353383    0.594102345124    
  293        74.304212716 0.707936527782        180.376917631  1.18550914744         210.516144928      3.49772152491          28.9337055981     0.52152773926    
  294       70.5803750365  0.62987926054         83.044492707  1.40525817398         138.634512478      4.11241208819          13.6044014262     0.64067409319    
  295       40.0546292556 0.874745016058           103.338479   1.3499004108         164.800412204      3.60507374839          3.27808660132    0.474581837536    
  296       287.517161074  3.31421262611        569.191236691  6.42528943463         783.543508404      16.1385444067          33.2548594047    0.987125117372    
  297       84.8297905154 0.894106811138        216.009360831    1.749439577         337.191903138      7.81887101471         -5.86179277028    0.602549615261    
  298       32.7790028942  0.72962466275        87.0866202969  1.29211081586         178.296288521      5.31626124939          7.36089137085    0.708434460764    
  299       70.6696149828 0.828904521456        136.048511993  1.29342490039         267.846690852      5.50483455704           27.620928504    0.571433466482    
  300        28.722654003 0.907648545442        38.4151976154  1.46122872611           96.75970829      4.14448047039          13.9785443076    0.694617299216    
  301       96.4919399469 0.900187374803        381.207891604  1.54688345121         563.189636981      9.02700615047          7.48376660133    0.677218311955    
  302       97.1985372461 0.882464695831        218.312009731  1.52573019607         311.220505624      5.96586645927          10.5764475558    0.666139217395    
  303       21.4520592801 0.736808786404        46.6349570941  1.13544650788         42.0825929396      2.64406509313          6.78609181542    0.568468145272    
  304       40.4144299877 0.756018133739        85.0589882656  1.30838712257         97.2756729745      3.30877844103           5.0058866979    0.706219183829    
  305       207.058063262 0.779186058341         495.11856426  1.36094997318         706.914781152      8.18523970129          37.0927445381    0.732899053161    
  306       31.7253446302 0.619946337415        65.5954926825  1.13790201915         157.107919656      6.94202384575          16.0370192811    0.749921956491    
  307       49.4533589438 0.514081255484         68.131892903  1.11849141594         137.677996194      4.51016386013         -2.98097748196    0.805226579756    
  308       55.3082784113 0.738142505557        66.7286606227  1.09804042205         55.1610760032      2.84826293244          12.5058873988    0.652649704197    
  309       47.3682027974 0.842500843914        101.864914701  1.39082293333         127.581614771      2.39080137927          13.0978021541    0.652609592673    
  310       98.8050674515 0.887062648051        447.518994826  1.49428196274         1203.40118286      13.9678560296          11.8417840184    0.466599327073    
  311       187.613818437 0.986639626852        241.657866324  1.47501166653         216.785819761       3.7187644452          26.3867986327    0.655033800591    
  312       40.5058648481  1.01216699911        46.8301735216  1.68964182995         80.8818200964      2.36809078326         -1.84862080488    0.568407257793    
  313       38.1322156606 0.945751536585        52.1113381999  1.28196544551          109.17638097      3.06005008921          8.50672236883    0.759936913523    
  314       583.222713478  1.97384161469        1239.67004392  3.21364164151         1271.25232793       12.276948972           89.441332051     1.34944512005    
  315       130.726463661  1.23177656857         242.34747619  2.08193989764         474.246396019      6.83665777993          37.6836709792    0.902795041787    
  316       75.1544401046 0.684202374499        349.058329924  1.54088681137         785.092666334      8.98978580536          5.58051192349    0.668349723549    
  317       34.1750066367 0.777873185249        66.9964974533  1.36032573364          12.016046048      2.44733516515          13.0064738453     0.71972556959    
  318       22.7286493681 0.798356562455        68.4081471798  1.42479432648         134.847934133      4.02944698532          10.9192698327    0.570849514745    
  319       26.7261756566 0.687090943944        63.4548671698  1.23135378401         92.2513606242      3.27071964045          15.2507032085    0.679224717976    
  320       19.4310703905 0.667679022345        71.9015845627  1.20581564721         191.200914089      2.47584201816          4.62848545556    0.557611243356    
  321       185.070087127 0.840858553946        211.849336214  1.24813929029         58.3564039616      2.35913118964          65.2120990244    0.705958193993    
  322       79.0867228312 0.674050769846        174.278622676  1.31079771781         136.665703315      3.17730164764          20.9126943131    0.610912166614    
  323       98.8450832225 0.815178636933        110.052861864  1.27970624821         51.1156490768      2.49134822185          31.9815116612     0.77249331242    
  324       23.0856292958 0.748079229094        62.4541622215  1.09057930595         78.3193705734      2.50510136991         -3.80449201602    0.583701715994    
  325       52.8042071942 0.702294045256        267.292461648  1.36797231049         694.411365555      6.10293497388           10.651758307    0.634662101981    
  326       35.2407734673 0.686349067996        42.8717460715  1.24039272736         43.3023573753      3.72762203802          18.8941582545    0.583621083138    
  327       112.084935409 0.740699644533        110.327775942  1.29094540172         75.7143312888      4.05269828748          41.5957168454    0.776366037125    
  328       41.0677242082 0.785432836574        60.9903154048  1.29800039608         18.9137456085      2.52002283838         -7.70023693285    0.633809447387    
  329       33.5567044977 0.672002733852        88.7655821708  1.28643672131         41.6548063196      2.61327932135          12.7252736228    0.608073487315    
  330        59.805155529 0.584139057859        61.5207406508  1.01238936453         13.9744891529      2.07426654073          15.3291743269    0.575357413816    
  331       47.9810489265 0.634879753765         53.074390726  1.01564840039        -37.2741647844       2.3353167017          19.7840923421    0.606189240739    
  332       38.6608618082 0.720516259742        63.5321240978  1.13252899361         36.3936726631       2.2657126867          8.30784538773    0.494510406115    
  333       74.8221353512 0.683281264655        94.3441623633  1.11847145192         62.1114895709      2.35570082027         -10.4780157717    0.677715121549    
  334       61.6237156305 0.690650354221        92.0221535758  1.17598797137         41.1970757116      3.37318590485         -6.61223501475    0.633612342539    
  335       121.880712319 0.791719020415        221.138595336  1.27592603567         161.927795169      2.75869739277          17.7443628105    0.818896166311    
  336       52.4759047504 0.680202812138        51.2824701013  1.12794123497         5.71630842541      2.03762050278          6.24694284236    0.707856536662    
  337         107.6342555 0.845678455854        201.162290202  1.48789318544         288.643278812       2.9924094272          30.3090034219     0.69723984273    
  338       46.1996265362 0.634089896627        57.9164472541  1.39675943292        -54.0678787506      3.15418351206          5.08240836489    0.701246764173    
  339       75.3399693783 0.786793508498        151.601898934  1.48643445123         48.1857449715      2.51918620777          17.9407811498    0.745945487276    
  340       74.6845081554 0.645187599871        108.729569962  1.25801198982          67.524251136      2.34184207823          -6.0173356275    0.834565412331    