# id F89 E89 F90 E90 F159 E159
    1        280.693151194   2.20983502187         624.535968878   4.25325358604       588.118017014   8.07879430321      
    2        171.214507402   0.81554033299         233.941944171   1.43526226005        7.4163200897   3.68595605098      
    3        357.559848128   1.38291227646         795.818804779   2.81285612143       546.845032289    6.7501533845      
    4        202.810140407   3.30523930736         861.404866656    8.5028167752       1938.77863626   35.7449437231      
    5        95.8924851003   1.07832782147         185.986277502   1.86242043274       72.4527866185   3.52060727694      
    6        76.3253268725  0.861953092917         143.048518023   1.49653776165      0.630639584563   4.92437076563      
    7        155.512674306  0.830090504456         293.743002168   1.72161678912       229.358825831    2.8404327631      
    8        65.6059120895  0.884038046383         361.631837274   1.45422462019       471.479203998   4.98010449973      
    9        102.993456391  0.882735159121         202.660239537   1.66386767593       59.5016107876   3.60660325944      
   10        337.392764964    3.7504984423         643.921632002   7.66684692752       461.094437706   10.3415092865      
   11        137.040400317    0.8399779949          213.14217811   1.35959576007       242.728218362   3.60495628224      
   12        233.833441679   3.18127186652         500.841469208   6.15993823924        388.31764151   9.22999372272      
   13        318.309184208   1.16758466191         367.008961258   1.46181585875       389.814044357   5.25195482664      
   14        87.3453756154  0.602104713323         115.251357839   1.25960182447        8.6727731655   2.38802475783      
   15        33.1788465134   1.06972372258         67.3778702158   2.43058975859       68.4254427515   4.90427825263      
   16         11.205429251    1.0059724353         58.5320851877   1.89548498231       173.269072432    3.0993337336      
   17        71.2270664194   1.15378457925         161.078121086   2.31634456212       24.3015889404   3.47660950099      
   18        31.2538940719  0.986035211164         52.0365588925   1.73436870765       243.243681529   12.2030607592      
   19        1060.17494461   7.38441800426         2038.62479241   12.6036503553         2468.624227   48.2582203422      
   20        47.1318599817  0.849522820196         78.2402111886   1.56875716713       201.379225179    5.7542927523      
   21        18.8354853117   1.75937584971         42.6887718508   2.75807905885       390.062647631   22.8944099672      
   22        146.571457587   2.20538196044         150.526440589   2.12293517541       1666.36198265   26.3330183837      
   23        29.8628441661  0.842929087206         63.9390917752   1.48975038786      -53.5192731015   4.50548477803      
   24        32.0843702077   1.19877629179         59.9488505025   2.01327210965       335.315957945   19.2942618835      
   25        54.1725368554   1.96184489293         76.3043820083   2.24955920641       824.443396034   27.0347803583      
   26        16.3147209169  0.917847256227         60.4267883156   1.81680551549      -71.1933426685   2.91606949139      
   27        22.1731814862   1.25679063008         49.0112944583    2.8177686024       81.6726868846   3.11348262974      
   28        38.1909255054   1.22791416567         56.1472621322   2.14808982744       70.9665671393   3.41592097969      
   29        43.3782905522   1.84420409885         70.2417231713   2.93388842671       449.622965085    29.051273187      
   30        67.8253205104   1.91040369278         104.757481048   2.77056067759       438.216455983   24.4936159382      
   31        81.5105946386  0.829453492382          114.73613073   1.52522047145       48.2247012933   2.51672502928      
   32        39.0847723839   2.01422172072         71.5741356202   2.90684744771       641.060946798   29.7172642887      
   33        18.2000291474   1.09157561056         39.3598897292   2.06648156143       33.1522508563   5.77485963107      
   34        24.8283911992   1.06292668459         53.6119368842   2.22213431233       181.234857906   5.73360622093      
   35        15.3419125701   1.24164321657         48.4375645734   2.18360030329       9.87658111149   4.75392719133      
   36        16.9654952957   1.04592989662          57.778628912    1.7632851031       122.911869236   3.96307696325      
   37        43.9129180471   1.56779785632         71.1713329668   2.66792059322       750.782564224   24.6671031935      
   38        15.2400782525   1.11377430406          46.791669905   2.10784066644       105.601099709   6.26012743045      
   39        36.4920297076   1.75856710336         65.8578474401    2.6775274818       398.779369492   23.8345803577      
   40        60.4481259644   2.22132214246         72.0758559588   3.65913609926       545.528104699   29.5891148606      
   41        56.8371872395   1.93028895988         75.0779723502   3.02941381196       717.983687336   27.3929831014      
   42        256.803294698   3.07571214924         491.844164459   5.43605926578       845.373945438   29.6659068605      
   43        58.4575910909   2.95193793341         205.646480566    5.8126547656        704.90506183   27.0992395605      
   44        121.722911665   1.60297335426         262.757574913    2.9616214178       290.056356033   5.88108190576      
   45        46.0921428167   2.03676107224         85.6722381667   2.65682509796       502.021445366   24.3186296585      
   46        67.3457235727   1.81649725682         113.165111267   2.76107439611       430.604494338   24.6674579131      
   47        98.8186693882   1.95887831589         223.441693076   3.56854337623       595.308980918   26.5002637034      
   48        40.6082362457   1.63278231594         69.7866523096   2.59238677892       828.206549305   29.8673820437      
   49        29.9964028587  0.751449709581          58.176067734   1.52732659876       164.650768216   3.68591520031      
   50        41.5258986609   0.93110230994         95.9368760162   1.70773047429       468.327465966   16.6489201206      
   51        42.9392444133   2.08961119737         501.285905953   14.1424917529       47.8364397288   17.3920581938      
   52        28.3498478264   1.29513156238         41.6845156852   2.08187941314       591.261735009   22.2386059248      
   53        36.2079499477   1.45840251667          81.503277406   2.11062698252       417.096549798   21.6481102734      
   54        95.2939847968   1.62319062327          351.29962089    4.2392875681       797.765470954   23.0935900071      
   55        126.977301177   4.64293874147         1429.71527703   51.9420406859       74.9190105967   23.5393612246      
   56        69.6832267524  0.905216311568         127.925112569    1.6905321911       22.3078739849   3.19681014381      
   57        17.9555210385   1.55918920407         49.6718076825    2.4802158325       400.003386397   25.9935573064      
   58        684.432227587   2.34878677477         2053.83861778   4.87276084219       4183.53342424   62.6370121895      
   59        106.826743181   1.32969880879         138.482064064   2.09103192532       347.835975863   22.1353166779      
   60        21.6139772749   1.15684034025         68.2109885576   2.32443206123       97.7034961741   3.20333112911      
   61        38.2793551128  0.849923366581         63.7273879876   1.41467534812       304.744524008   13.6560738737      
   62        251.709384896   1.84928483394         426.232423036   2.88288538499       651.003994752   17.7897489068      
   63        18.3883064928   1.00833191755         78.0258572705   2.14659228784       174.344035704   3.33105919623      
   64        19.3724812146    1.0416518143         64.4473623279   2.55345193127       92.9441219449   3.51451830445      
   65        52.8151307755   1.02658728493         100.968763705   2.17075279471        396.95567856   15.4171211779      
   66        15.0605966225  0.846903811667          42.751691811   1.58169480777      -112.950027197   3.33534031472      
   67        87.2722086816   1.11848920908          144.86529371   2.01348262813       291.232117804   17.0149690335      
   68        208.373968327   1.70044549535         455.438488052   4.31772513078       411.843666638   9.32903455395      
   69        27.6884129735   1.20302469662         57.0599729314   2.16845031483       238.974682194   16.2629966218      
   70         23.351600786   1.42074898339         67.6989760226   2.32884305509       353.241148665   17.7831282608      
   71        57.8081350924  0.979271180094         66.7788997127   1.93241698208       237.758708923   16.0836736405      
   72        39.6689764157    1.4024653853         72.5558786733   2.24249315147       576.674604677   25.3733235288      
   73         24.055453715  0.975751973298         65.1357310573   1.92418841413       86.2282977023   7.06273571063      
   74        33.4947149978    1.1271062895         70.8227169866   1.97860204369       227.439574558   15.6153957764      
   75        10.7935349699   1.07237916331         25.8595725766   2.00879219961       197.434141677   14.4859648988      
   76        50.5581650142  0.754949496492          99.744939495    1.4156744752       24.2180441312    2.8515961693      
   77        1684.63421957   6.08680946319          2182.5915132    7.7441128114       1969.15779061   27.3022377897      
   78        50.2434721859   1.10825019864          83.960391281   1.89338020148       241.006958192   13.5093172409      
   79        100.467627899  0.705214671744         135.732441101   1.98429305953       181.971467922   11.5206080822      
   80        32.6309583234  0.824915877596         83.2134808476   1.35212308362       135.303436528   3.67101728958      
   81        640.722919982   4.70017047023         1114.89100861   8.28262315686       1424.71667334   34.0882434448      
   82        34.9352538657  0.977634648607         87.7675766798   1.58102637566      -19.5041883281   3.91627107209      
   83        152.896884447   1.09772734915          228.82174127   1.87547153792       127.710628647    3.4149847625      
   84        107.275192999  0.872115849679         241.563595237   1.40416397602       414.631042519   16.1230499458      
   85        2.68115178732   0.96657693158         44.0809663598     1.894543067       250.165850252   13.8988189315      
   86        58.5188972808    1.1272348948         83.2188297788   1.66385528648       239.325634708   13.3803171484      
   87         102.69508719   1.69841933753         170.010491589   3.16024050712       91.8448006343   4.94627265229      
   88        140.896715371   1.89170406992         289.380252895    3.8484347315       282.208566704   5.86039696068      
   89        64.6778455482   1.30912220491         103.352780845   2.07178645042       296.440361953   13.0595569089      
   90        21.4525371341  0.997437611342          56.747247765   1.85485602396       293.821058595   13.5819011224      
   91         21.580078675   1.07507152622         47.0528932926   1.87486190671       301.394878379   13.5221068627      
   92         300.24853237    1.2086264074         545.468074889   1.96638320672       354.130290641   6.72613585874      
   93        343.043364852   2.24302499269         808.739602165   4.53066369728       866.142803959   18.1624161998      
   94        23.4829489334  0.893508361609         49.4006895168   1.92452266946       389.567348419   13.9187937952      
   95        11.4559359809    1.0608794607          50.598334782   2.31873195915       72.3172730419   3.37067970545      
   96        150.596663284     1.319589977         321.149896998   1.96557633853       530.921684321   14.9986110029      
   97        30.9520567551   1.04457668813         92.1520776456   1.60864219656       125.398582223    3.8100076132      
   98        83.1898044727  0.977565332481         199.169216742    1.9850745577       62.1863934504   3.44884432398      
   99        81.6150842682   1.04971590103         197.043903438   2.20325240909       126.721041552   2.90427327973      
  100        273.236244676   3.29762681668         559.924314455   7.10143603496       1224.97422396   18.3778096695      
  101        29.3538221745  0.794781388029         57.8848101892   1.39744232632       21.9096605509   3.70002584593      
  102        141.122413157   2.19605228864         174.662787279   3.00164252799       230.403822885     6.652399356      
  103        126.421986736   2.64855763165         145.022200545   3.38016923387       256.039025184   6.97109507663      
  104        84.9614029114  0.920787396554          76.425817622    1.7664187152       87.3655030722   4.31334846054      
  105        64.3109435445  0.862982130781         168.759052729   1.45694286848        208.30473147   3.71340080543      
  106        89.7086081436   1.29933637646         208.335267693   1.97242044468       301.540708977   7.67351938569      
  107        163.949190548   1.05120187725         208.540026648    1.6995660581       299.722873288    5.3880710992      
  108        323.569858887   1.62779185026         726.801335693   2.91322677538       765.433206434   7.93190815915      
  109       -9.38561268658  0.761310291027         69.8536045491   3.61346565748       153.873002704   9.93812076439      
  110        32.3539512154  0.853903621218         68.9230099348   1.38903568764        47.895516535   3.68907115101      
  111         69.977653463  0.797679810975         124.599387657   1.58208860524       78.4438995126   4.07940036897      
  112        29.8618043139  0.801000514994          55.718688964   1.50038103797        447.44902613   12.6485069615      
  113        14.3751190887  0.850932003408         36.1432766228    1.6024710895       290.506844416   12.5107494625      
  114        60.8837545059  0.878395052539         85.8782040711   1.52028285455       -12.018034242      3.99289002      
  115        29.5965041641  0.793233241994         43.1165548879   1.56239133147       385.733064899   12.9129068305      
  116        116.232289295  0.997178524222         218.079955179   1.90626327367       261.216227081   6.18425862775      
  117        231.560798158   5.80927434034         406.809551575   10.3984729826       640.414259027   16.5063446178      
  118        1428.54344967   8.28516359303         3379.89631217   17.4087956116       3856.47911046    57.836259469      
  119        23.8674280704  0.799730112349         61.6561279546   1.49459232664        18.634522548   4.69857699374      
  120        19.3476708357  0.905512998358         33.7487327605   1.89536203811       288.635539419   13.9920416614      
  121         41.511140366  0.965591929113          66.731286336   1.62089979039       36.0052549814   5.99054423591      
  122        178.525299981   1.26592916708         755.851688136    4.7241770909       1282.56785172   13.3474000482      
  123        73.9088864591  0.909698558236         154.611915358   1.41290534313       102.258345473   3.70372551078      
  124        18.3841878955  0.566265605384         57.9741913078  0.980648072709       219.179873423   5.09394422013      
  125        100.826120358   1.13842319697         230.170694308   1.97699904466       163.475673448   5.38810757278      
  126        384.641346575   3.26858843799          852.59844136   6.60981599152       1060.41745435    18.110126175      
  127        170.138730696   1.16641896952         203.257338134   1.54573403374       263.155819196   12.5031424483      
  128        24.0814463682  0.842670235164         50.1379783461   1.54081010096       284.394698476   6.51326863314      
  129        207.614188482   1.53683762243         481.445849496   3.10117012731       459.763801288   8.03644581793      
  130        27.2675805733   2.19809915219         43.3396506114   4.71756275708      -7.90590917487   9.46789274916      
  131        83.7221303395  0.865798107711         186.640546578   1.56201082558       87.7760600985   3.27106637984      
  132        30.1492412417  0.936511115875         78.6017859206   1.54360432285       7.66872675576   2.84602346728      
  133        37.9021667618  0.850480992214         118.409426658   1.65280344511       18.9277776351   4.52278552582      
  134        10659.0284681   19.7983352846         18231.4538185   30.1865205935       14876.7204803   169.780461441      
  135        54.5955916084  0.903368876026          121.19515342   1.42326266593       48.8102410138   3.15085724049      
  136        32.2472742462  0.733223380563         90.0073271746   1.46701065676       -64.704013386   3.60342818884      
  137        18.6432879817  0.810795055605          54.285718281    1.5377470711       215.124539139   6.86360713814      
  138        32.2738936897  0.931300362806         53.5648615044   1.44950368413       142.179926163   4.46631489432      
  139        187.028548964   1.54685811537         402.376161327   3.20767731022       469.134177037   6.08342630243      
  140        42.5005234975   0.85330539447         82.6719064296   1.31551598635      -6.11463775601    2.9325577609      
  141        79.7976778414   1.09306591521         145.919765581   1.61264253155       205.312701247   6.90363043779      
  142        39.5877702932  0.951251896964         75.4603585571   1.32572419609       37.4097016713   2.82368406199      
  143        27.9484162323  0.808362483787         65.0115547094   1.28240002984       12.7221405717   4.02127498457      
  144        89.5173920677  0.889122224749         92.0053154619   1.47706184483      -33.8616670573   3.49503727911      
  145        83.4973156629   0.86775360884         194.140809571   1.50900541878       239.979161253   3.26546414192      
  146        33.5403812821  0.947533974002         56.8453801544    1.5370276865       44.3636406301    5.3596322572      
  147        25.3657529341   1.05688653297          46.793740623   1.83787066633       97.4263199073   5.07827766922      
  148        320.508116569   1.87250865645         394.953650488   2.59492913233       418.768370794    7.3263241153      
  149        70.2329054245  0.890281561061         97.6881901438   1.64245735735       61.3834669485   4.89597305572      
  150        218.423970619   1.07906438576         540.350832029   1.76289295229         476.4965076   4.75177185975      
  151        71.5757444868  0.923317040154         97.6698725932   1.27643894293       64.2588591808   4.40090429929      
  152         148.64856121   1.03675763166         173.828816031   1.50775028414       119.088207006   3.71339886418      
  153        11.1184039111  0.799646380261         78.8863329723   1.47714368405       215.531619822   3.32060281467      
  154        37.2243387406  0.893233515782         80.3213160738   1.53904169936      -7.68554181875   5.08928551267      
  155        107.439175576   1.88174010327         230.530963882   3.33059531186       226.976713912   8.02719869697      
  156        79.8491576164   1.65567295257         146.587452111    3.2676669433       165.181506322   6.69100911898      
  157        40.9441144364  0.822649505555         114.433553085    1.4105082377        89.807204841   4.29256738101      
  158         84.737990646    2.9295122554         142.947922875   5.36008675073      -92.1556356457   15.8764954142      
  159        588.821142614   4.84922725634         1168.93329994   9.97565332289       1137.73924698   22.6319917233      
  160        163.956580878   3.21867249986         360.553934907   6.45523295381       498.893642858   15.2497404897      
  161        3259.83647638   36.7577184993         7927.36826392   82.6054787132       9742.01663092   233.193361506      
  162        40.7432647471    1.1601582363         107.204787743   2.06824029607        76.248962916   2.73468826692      
  163        17.5562692308   1.11588362392         48.6601023372   2.24643733776      -323.096158282   19.9381629908      
  164        56.0110674974  0.792355350655         105.290885815   1.45834983022       75.4988219237   4.38575128057      
  165         84.806571809  0.796491433864         185.675633924   1.63587784549       148.835481748   4.10166725637      
  166        20.9987131517   1.74802661956           80.81478413   3.17019588738       825.933833588    62.735159726      
  167        137.700804554   1.72575791662         453.404368396   5.08840540661       803.318748002   15.7604426237      
  168        76.5073260384   1.02414657696         174.306283355   1.97769453277       206.996855448   5.43467161752      
  169        234.851329977    1.2276780497         528.684821773   3.04110630192       465.723328453   7.95706461749      
  170        306.720853515   1.59505746283          1397.8581687   6.31944344736       2115.41898298   28.1230119766      
  171        72.4564467008  0.866337955228          118.79719697   1.37622133143         54.40859405   3.27826487739      
  172        186.935983245   2.83287222418         809.296714703   7.30261439816       1468.61709419   29.9281026033      
  173        585.540143488   5.60503830612         1323.39674719   12.5672850796        1463.1908916   37.8256316732      
  174        12.3441914165    1.0037223149         58.4360756237   2.01842879318      0.898586919594    3.9400921394      
  175        104.982969562  0.810940318909         174.049173595   1.37162816492       173.543299398   2.78014617651      
  176        16.5001578737  0.944491827062         51.2869308019   1.70159972941        21.886349554   4.42796479449      
  177        18.2065404354  0.878656182507         52.1739162622   1.87403598328      -93.2380860865   7.11066807721      
  178        53.3821368539  0.886507957257          114.46634112   1.61158440041       128.067879501   2.69129805286      
  179        109.555630818   1.29324780915         212.665140254   1.81864368746       234.976163042   5.52737500316      
  180        367.349429814     2.212590011         681.540233167   3.38635082699       669.936173961    12.178853403      
  181        12.6481020445   1.18706906744         44.4092766082   2.32867125984      -374.768118742   22.9034535525      
  182        17.7631440729   1.09333057452         39.7332964688   2.28872707301      -128.315374655   8.82815835428      
  183        22.5478281002   1.01820205684         43.1766093781   2.24926448548      -261.740525465    16.648032163      
  184        6.67743131382  0.744814270103         30.0812633526   1.19711335271       76.7013406698   3.68280664083      
  185         27.076123021   1.30796160088         75.8350927761   2.62878974539      -930.879729494    35.907011342      
  186        60.8887259875  0.822663302792         74.1375556072   1.35656476575      -11.5910528999   4.71370832049      
  187        166.282266651   3.48461708972         386.901341109   7.35870383489       7916.45892415   291.423894155      
  188        1033.49330578   5.07198210015         2469.65620745   10.6692621948       2393.16834678   37.7567782321      
  189         78.321881398  0.901579023399         168.405660018   1.42935796519        75.693282485   2.65466770348      
  190        116.656045103   1.10832939845         226.157972197   2.10277476324        195.16307696   4.90599037829      
  191        22.6965726926      1.93576759         65.8537140972   3.46867911642       52.3922368641   6.00584777866      
  192        471.629970199   2.11010937675         1108.43189862   3.60699845055       1157.92008797   15.3336895705      
  193        1758.09843109   24.9077119332         4196.57819264   55.8753902529       4713.38266493   156.264887907      
  194         1046.0758455   6.91543880748         2447.63878214    14.731249033       2629.98763667   43.1473443535      
  195        1814.83817876   11.6252960949          4452.0714387    24.901082399       4612.36156919   83.8162907275      
  196        79.4457138943   1.38034517655         155.899178161   2.27614388857       232.252995883   5.08820660409      
  197        54.8123131812   0.84221836016         97.9551945088   1.45939372953      -19.6928447461    3.0183870397      
  198        135.486738272   1.53741045586         284.391442311    2.8885286858       264.746652989   3.92097304473      
  199        125.593487653   1.28205153005         128.210841028   2.00974575139       170.217191961   3.96593465451      
  200        103.738330125     1.328797327         127.058252659   1.73403305697       167.796427049    4.4754488814      
  201        466.094345234   5.09183805311         1029.47988339   10.0765692642       1181.50312609   25.4554835365      
  202        30.2982985027  0.902204251747         72.0500219966   1.60728722612       100.484794697   4.26713111408      
  203        346.267999889   2.98267234494         705.475787256   5.79641979241        620.43491754   12.5747521397      
  204        185.353856177   1.86309490266         390.061747239   3.51693288224       457.026657332   8.03475284666      
  205        59.7591943379  0.804249067173         128.191940749   1.45228247421       98.8806891359   2.82789664121      
  206        25.7457963471  0.939407394498         54.7353073217   1.71896996333       26.3169163336   2.84722677904      
  207        53.7300910908  0.899468708237         86.2263579817   1.42551265251       116.816748533   2.65265700047      
  208        119.656113433  0.871396521534          285.26683344   1.67107237272       240.518667615   3.79298901276      
  209        1807.74677515   11.5186175713         3998.76700321    23.127115125       4219.90095103   63.5294697687      
  210         317.91297473   2.13918578899         721.889989007   4.01714856829       713.694621787      11.0256343      
  211        76.8891380171   1.04193503183         119.971634959   1.48354361643        65.210381576   2.79183474542      
  212        212.769609144   1.17564046449         253.979064329   1.49246669301       168.145949272   3.08084235406      
  213        81.3439157426   1.01342038714         121.177357212   1.41499244116       4.86677168798     3.013205403      
  214         242.57096929   1.39906230918         441.124447448   2.15705963467       351.027823779   5.65979931237      
  215         578.79205296   3.46203480476         1328.63908539   7.28348943952       1277.02891969   20.6689777407      
  216        270.850105081   2.79788812153          603.11220472   5.04109450758       584.962891414   14.5530165946      
  217        39.5773970911  0.990395145075         74.4487611606   1.36197557856       12.3460844518   4.82421086507      
  218        70.5305824574  0.852091824853         129.808021686   1.39168977169       48.6517695148   3.41037160435      
  219        889.089004157   1.73247877177         2838.67858588   4.22978288334       3169.25567155   32.4948403228      
  220        34.5517811107  0.915875767068         79.8303810988   1.47654042291      -90.6234749748   2.93153708964      
  221        116.008379184  0.958593047157           254.6198231   1.61745266998       351.133874363   5.56259336328      
  222        67.8109180782   1.39317859704         91.1682803083   3.29103752782       54.5350472103   3.99259662608      
  223        821.267505987   5.16577005062         3299.51132636   17.0649263413       3919.74253888   62.5247255286      
  224        48.8393588519  0.834545380942         66.7980050499   1.57264703282       3.26143985001   4.44645075663      
  225        563.067720797   3.58307079122         1321.23666893   7.10794376797       1416.97019709   21.1884055402      
  226         615.61997331   4.82339591893         998.089231816   7.30564677183       785.285576541   12.6091528365      
  227        77.4543707695  0.887849995679         165.804144622   1.41864987213       165.098003051   3.00161139921      
  228        234.935783336   1.63441623047         444.203059468   3.36586018823       322.690610038   6.36854289072      
  229        122.775159421  0.847529843919         176.984555036   1.45182980212       46.8151015477   3.40380544955      
  230        29.6906378646   1.00582087077         50.3458999581   2.10284625931       7.50712615258   6.74565932516      
  231         33.801861215  0.802728844542         71.0793601554   1.51469429526      -18.4713032859     3.731192992      
  232        61.7728449528   1.01577174617         64.7484673348   1.55365892096       -90.848730029   2.88075634022      
  233        228.658722153   1.79316961609         488.008347636   2.98588746872       454.537435053   5.62068442924      
  234        92.6823789957    1.1688303693         191.834392806   1.79589388853       122.442214227     3.779965609      
  235        459.878880385   1.51463933062         768.134249632   2.63942395738       709.178767208    8.6609810944      
  236         10.028122289   1.01943476095         45.4666576342   1.72576566085      -8.98997854172   3.33115220266      
  237        13.0183223648   1.14502174187         41.5734465079   1.97167094359      -38.3950442699   2.84627746951      
  238         205.54302493   0.79319718312         400.603090724   1.67411189573       472.248283981   4.33747130303      
  239        24.0132092132   1.09934466037         48.0629755564   1.61050830145       41.4345271992   2.99578301668      
  240        197.528710726   0.99361008892         355.684633064   1.49552611073       292.336904513   4.03452755254      
  241        16.0231327364  0.888480051841         49.9756741728   1.54315382732       112.589839328   3.75791918581      
  242      -0.833496030959   1.00028557519         48.3734771461    1.6704052773      -88.8592773505   3.31104546845      
  243        39.3930879419  0.944995544665         50.7101904697   1.63751808108      -23.3903600547   3.65022126495      
  244        55.0713036045  0.887179202497          136.70845378   1.54698058188       44.0870344082   4.07292204282      
  245        62.1352555306  0.953886563504           134.7555401   1.42474238521       88.6397506304   4.08262500756      
  246        55.6992121785  0.828729167448         252.504405188   1.57131991731       492.228130898   5.60894172121      
  247        26.8748652951  0.796558957352         46.8427415166   1.79977367007       50.3312319682   2.50132315737      
  248        19.8003896834   0.90140216444         51.3510452931   1.74507982549      -5.03666827655   3.92239781667      
  249        100.655166561   1.06348279768         226.114031757   2.00294213876       58.1250713719   3.66710281035      
  250         31.998469369   0.88541583363         47.8187132668   1.60806026944       69.2947141123   3.04252875552      
  251         55.815829669  0.867561534719         58.8585938972   1.39716770495      -37.2964879041   4.32948459734      
  252        92.3228639285  0.821431272063         86.2668221016   1.54860169792      -55.8091961343   3.62366796882      
  253        19.0895478039   0.73341701529          58.845480513   1.48480681398       58.6741095942   3.77454110657      
  254         29.933377493  0.831521764529         38.5414234543   1.82768440046       28.7695063594   3.06999793019      
  255        136.153612084     1.013897594         254.396481074   1.54316931329       120.247144881   4.07239094379      
  256        15.1918822566  0.939832156104         61.7095120715   1.42782782697      -35.4868538152   3.42989639368      
  257        18.1248873316  0.869826938147         61.2642471674   1.61760453759       60.9168548096   2.91634594913      
  258         15.995499974  0.864040635831         47.0949935362   1.71397788095        110.63803298   2.55487614443      
  259        28.4457041865  0.826468907703         52.0144976336   1.18411120755       31.9534706165   2.63781882095      
  260        16.1239833989  0.817424291246         54.5016888431   1.21202127555       66.2762812653   2.46641335517      
  261        32.0136438611  0.795609539199         48.9902625845   1.30793035162       87.6412014802   3.34125977084      
  262        33.2540136743   0.93052406109         115.045491045   1.63989235343        153.46937673   4.17764001517      
  263        80.9766678021  0.907788513575         193.149036032   1.69328414978       56.3490685483   3.28670309628      
  264        24.2459424539  0.845552047765          50.431682687   1.38147541339      -74.9063437096   2.83151151969      
  265        68.9956330406  0.874581744658         185.707914155   1.45874020626       66.5572731105   2.58221970487      
  266        25.3051570063  0.963958640203         37.8353946026   1.52715269976       12.4719356419    2.7735632434      
  267         210.73265169   2.71726792817          509.38253897   5.83615134411       537.345513693   9.46889049006      
  268        65.2447652578  0.792216274829         118.762246932   1.52425072475       74.0523844628   3.24841051376      
  269        40.1000603393  0.836664030269         77.9144852587   1.70715281506       53.5620376229   3.72801060427      
  270        63.8577454353  0.972381088818         86.7333849637   1.50645357139      -36.6256407176   4.86034398207      
  271        41.3578100323  0.832614043708          90.005676527   1.42675031152       46.3308280521   5.63476243775      
  272         76.944973373  0.889468706742         88.8472199775   1.48657408978       -57.815652093   4.52101410558      
  273        62.6740204195  0.759405749167         111.195563814   1.39540194362       18.0118221836   3.51172825258      
  274         74.296218128   1.02102476867         165.963756781    2.1523340583       87.5272752091   3.38949535677      
  275        39.4714207029   0.82674952074          42.642303159    1.4519073295      -79.8531282068    3.6228989234      
  276        76.2744596524  0.825797115346         172.965934913   1.85729249337       90.2970956591   2.91878323244      
  277        80.9733509379  0.886257033672          160.59171041   1.53886617074       83.2465338393   3.87371322074      
  278        172.300145247   2.27287563812         240.745693623    2.9470960716       175.297995261   4.11967045332      
  279        80.0895395654    1.1533607963         85.8246497426   1.69418952845       27.1464550656   4.66086313338      
  280          159.7067988   1.12037452993         291.946668375   1.74737049791        142.76975603   3.84504278721      
  281        72.0940410554   1.24456020385         109.916778838   1.91000008274      -10.3748526676   2.96351240143      
  282        14.7907636952  0.699763955587         53.2031512189   1.22928087543          30.6828866   2.14258741121      
  283        22.1859969401  0.922249467029         71.7389782548   1.52723943957       68.8848194814   4.02872757083      
  284        37.4201349742  0.866870197867         33.4337604045   1.62951243768      -65.9845325069    3.1362016433      
  285        84.3578326308   1.47155633278         153.493930084   2.02458609788       57.4607871222   4.03397163363      
  286         127.15899646   1.58087457606         144.024635788    2.5687037097       76.6548393034   2.78932338658      
  287        78.0233818115  0.877533938859         170.286153285   1.81319300549       85.3475008594   2.84295444572      
  288        17.3557246541  0.862416328275         59.2484474368   1.25097750233      -78.1327274372   5.20432955764      
  289        148.378631748  0.885780490486         374.859434655    1.9449372949       745.778776585   7.07046978186      
  290        937.093700544    4.1790880988         1768.52202082   7.22183198461       1672.93449947   21.1548593896      
  291        17.5463846984  0.861363919938         48.8743576278    1.6042523202       41.5850830144    3.5116881162      
  292        32.1537107173  0.810605101828         77.2517591635   1.30609272563      -71.8252107153   3.91053253524      
  293        18.0962678952  0.908795289664         60.4450298018   1.61692794842       41.4489749798   2.96251237512      
  294        17.6114738255  0.617902759474         45.3114480957   1.36336116414       10.7670330637   2.79082748489      
  295         293.29962942   1.47761804283         651.341398838   2.70991919959         574.2820451   7.53334785657      
  296        28.7977378392   0.81958708438          61.018287168   1.42387029196      -49.5725618494   5.24417714212      
  297        261.031245945   1.32801686701         529.778820961   2.77066474073       367.209911304   4.88485912851      
  298        35.3984407511  0.883788179018          74.564688909   1.49863657577       22.0155230332   4.82202299716      
  299        82.6065132854  0.994602605452         155.607370223   1.85361483103      0.683883672801    3.6499699521      
  300        30.2170870102  0.829924527005         61.4830953325   1.31863706644      -5.22606799204   6.02096573308      
  301         85.186682319   1.10063570019         71.5034438152   1.65742399246      -126.947757416   8.38587528778      
  302        34.5299086843  0.908609079999         113.322209125   1.71151452034       108.790609007   3.64609133678      
  303        45.5373706848  0.851971111933         66.8050811826   1.35140767837      -67.3073275501   3.82828986787      
  304        718.660047114   3.93491025445         1584.84271976   7.96417940781       1522.23713906   23.3059292873      
  305        164.629627822  0.926207770716         568.260952457   2.00539283781       895.361380163   12.2598354337      
  306        97.1934964531   1.53255011139          207.24615052   4.69921318717       91.6737812366   17.1456327383      
  307        12.1369212932   0.85361236144         36.2140478191   1.80902889809      -3.93372406717   3.38405933417      
  308        73.8359489985  0.903567166337         113.114587828    1.5720611267       83.3689097521   5.12619731564      
  309        19.8773547253  0.821349712457         48.4212899591    1.2921265319      -91.7499910006   6.47157163721      
  310        137.598007484   1.15424179038         309.916570986   2.44289242616       126.611189393   3.99235873646      
  311        264.877875482   1.51117161688         530.369774237   2.52449544684       393.995204866   5.62316930465      
  312        71.6701761757   2.97375005674         170.262634666   5.94427636585       116.154705014   6.44729215869      
  313        172.037818884  0.864899164356         355.388880721   1.55203107259       250.493485708   3.26665742995      
  314        14.1489355117  0.805561946356         54.4534527315   1.57550581826      -39.0223251029    3.1406341085      
  315        15.6603302066  0.858082420922          78.698345463   1.42415108116       57.3458554967   5.23559711922      
  316        24.0438236743  0.802239934718         61.1042639619   1.34910596654      -54.8623966837   5.94446579954      
  317         59.366146742  0.929483379367         167.858337489   1.55204596856       137.275317302   5.43966147114      
  318        33.9673232568  0.918506485457         78.0767447462   1.66067837225       9.74785805113   6.21042198526      
  319        21.6634920104  0.820574306688         70.0892516826   1.36384475495       -38.814750185   5.53491103516      
  320        41.9999138039  0.855039639689         80.1596478184   1.47004222169      -10.3580143507   5.05367735334      
  321        50.0289408967   1.03981707193         78.4890049396    1.8736207365      -80.0202591679   3.74840632916      
  322        63.2563609742  0.849788500435         83.8349905667    1.3810775762      -2.59479039844   4.99227910627      
  323         73.314472648    1.1316615067         161.394495146    1.8999075454       40.0507301456   4.28607962748      
  324        503.662492258   3.82440734683         1035.24363043   8.19261715772       1154.90656367   19.1553311285      
  325        45.8094511844  0.839031493917          134.26820799   1.38913618083       -12.870383349    5.2128293727      
  326        54.2933496831  0.926475982342         127.363972605   1.43987045156      0.847582734969   2.88789665068      
  327        49.6099806543  0.944790401023         104.383901281   1.57077347975       27.1958538534   5.43813047505      
  328        120.669305026  0.842971331365         463.524576935   1.98788288785       573.864602551   7.10694149023      
  329         142.26411422   1.12273126388         308.668134289   2.20781560866       187.738741482   4.08205984235      
  330        34.5610174674  0.716470555055         47.1526408557   1.27376706849       -66.825684517   2.71200099695      
  331        52.2646091534   1.05675321508         71.7912399478   1.73702645196       -23.700110777   6.21982027646      
  332        101.252963056   1.36692755017         125.489243588   2.00792242645      -1.96358173564    4.3983280653      
  333        44.8804045433  0.747641958959         47.0136539755   1.53060918417      -70.9903465508   5.60822024543      
  334        57.4084529082  0.977455347902         118.226173536   1.50191725564       2.27193958783   4.77916392258      
  335        53.2446020846  0.832690219314         115.559560254   1.62883850461      -33.7623267659   5.46606124079      
  336        54.1355269078  0.812733343905         62.4112949483   1.50001310002      -68.1298393839   4.47757758665      
  337        50.9736212322   0.85177421981         123.726120687    1.4912739919      -28.8683322526   4.10397539577      
  338        86.1689117835  0.899387192154         221.841074274   1.49179227066       147.956873544   4.20120074395      
  339        28.9302830048  0.805419082496         85.9400844355    1.5435130186      -43.8874626157   5.35081708076      
  340        142.790076118  0.884206995919         308.716451944   1.32598341955       160.732187705   3.93640731809      
  341        46.8379113745   2.60747440953         79.4044518874     4.386076833       732.060343625   32.7599019121      
  342        29.1342749907  0.882072819443         55.7759160199   1.46341176534       17.1731578185    7.2217871979      
  343        56.5606296654  0.857547078399         95.5158296784   1.52050298136      -28.5604447789   5.20884431717      
  344         42.915255715  0.836182069404         97.7527581978   1.49283813467      -12.2493865173   5.10290453549      
  345        55.4420817623   2.47300508514         78.1712937949   3.59065595745       612.090168187   30.7551185011      
  346        74.0599773345   2.63366094306          115.24714789   3.82003498869       808.282556621   31.8181242117      
  347        39.0847156407  0.828208711518         91.9698465195   1.57262426563       -18.221208456   6.60849235766      
  348        54.4668961143   2.63587004907         101.246024217   4.05020259976       871.846948861   33.1607420887      
  349        123.154909546  0.750238615793         275.969483261   1.65676894977       289.976003094   4.68069043252      
  350        88.2962243746  0.956807094488         218.746903843   1.67010065346       341.612281579   9.86251364306      
  351        24.3108887252  0.775197718533          58.380240748   1.39259626249      -129.177567769   5.95599963817      
  352        50.4921839732  0.790111919149         79.0808944623    1.3912913327       307.625153701   14.2406406289      
  353        164.873449542   1.05584577085         396.580784085   1.58934182373       401.109724125    5.7037489221      
  354        19.6474174064  0.847254939361          37.042615927    1.6563763188       23.8001842718   5.01504202918      
  355        38.1566797226   2.11046073249         35.8652250724    3.2204426174       547.541942577   27.7703084889      
  356        20.8142030413   1.73582492921         53.0635543936   2.54349038865       447.009816454   24.5270809663      
  357        39.8251627969   2.29397709505         84.1621485255   2.97462391598       678.702430926   32.5761955621      