# id F89 E89 F90 E90 F159 E159 F156 E156
    1       81.7440988995    0.998883257433        214.347434514    1.63508121707       186.131467406   4.00483689892         6.78685643612    0.576340173065      
    2       17.9082823965     0.85662986588        129.337298986    1.21103315051       197.985671761   3.47742132274         13.3574480328    0.491678466079      
    3       60.9647383349    0.774587367741        78.1999906896    1.28689274155       53.4698683397   1.91331814412         10.9111539636    0.624794176545      
    4       5.08921220067     1.06649355397        25.8765653313    2.22714340213       71.8683461568   5.22204898346         6.17193683323    0.491713434291      
    5       110.804044711    0.961118165424         289.70108082    1.85574032353       274.241180568    4.1257554187         28.2821682027    0.390672581081      
    6       111.622140284     1.04688775941        223.851141791    1.86023369889       600.604357022   6.67180746088         19.7410552254    0.418270837361      
    7       33.2328132146    0.981711030686        87.2957096934    1.84481988362       161.624404232   6.35349055203         4.23372756644    0.475569238798      
    8       55.5230646019     1.01946264268        136.323791341    1.41766004039       38.2972144918   2.60665412419        -5.36727980582    0.539935934539      
    9       44.9316454419    0.886869395133        75.0540803657    2.28586047287       178.073858916   5.34587546691          5.8446233189    0.324504437231      
   10        1372.7989906     5.61019198102        1708.26570614    7.21781823223       1836.81403519   25.5266660185          188.22743802     2.48964698639      
   11       344.294761958     4.03824336422         944.31450668    7.54801792303       1143.27239225   22.9323480132          42.391516021     1.67905138713      
   12       184.129046345     1.29143140182        404.962041869    2.09679867568       316.864468303   5.33814175727         10.5614580558    0.467419374218      
   13        143.81814297    0.961623400447        262.933970115    1.53874501306        172.51818648    2.5609687888         16.4824929872     0.59726576115      
   14       130.745621045    0.894532648214        333.969927206    1.70044636777       256.986560144   5.19908940382        0.945285227448    0.519827774166      
   15       186.916139381     1.74158916413        403.805257065    3.08178037984       399.420943844   6.62449968656         22.3388347151    0.546198157617      
   16       48.5574785814    0.887464451814        68.6029264378     1.4896228927       71.2951044467   2.78412407208         13.6346376474    0.589072890902      
   17       137.774870396      1.5975123019        250.846498323    2.37192334455       253.599644409   4.92513916824         21.8658075912    0.714256937463      
   18       78.8717972606    0.876899374064        96.6068100665    1.28806010969       76.7525896293   2.60985676055         -1.7853820824    0.534524809105      
   19       313.216583595     2.54608639426         699.99142869    4.52065132211       713.481108573   12.1530463388         27.7891796802    0.919953104306      
   20        77.412328138    0.893431973125        78.2264274017    1.51819016604       174.776053806   3.13035448362         13.5169796342    0.575678107211      
   21       168.596502899     1.14507829852         828.40329091    3.42843387399       1094.19208196   18.2129420856        -8.02627606493    0.437553098243      
   22        63.335360196      0.8407618638        142.243046818    1.63094664528       125.772542524   2.46771773281         5.58518369937    0.666805885721      
   23       80.1372990302     1.01888705287        188.307398267    1.56674096544        232.10294116   3.40735049433         7.61121840378    0.545598857464      
   24       106.603651663     0.92757395568        142.703364853    1.44204227187       131.021668365   2.33766673536         14.3411510837    0.676602592881      
   25       81.0412799066     1.06595076405        242.673114319    2.15437785028       354.284943484   3.97053925941         4.56653040421    0.536562225612      
   26       243.149259437     3.26765216768         471.48125386    5.30780188657       484.059799963   7.79907057127         40.3685914399     1.09557767921      
   27       159.340584852     1.26187020762        361.450176405     1.9906083241       358.542996725   5.28435758112         26.0685198019    0.591688536334      
   28       227.910180158     1.67692931863         530.85834761    3.18694568348       538.000607854   8.90095803318         20.2747140335    0.507544686891      
   29       102.120511012     1.05286695148        184.805964196     1.8761184752       213.039834766   3.96567803597         -14.254651674    0.473112006631      
   30       48.8187993769     1.03722157228        51.4832564555    1.58622976678      -11.9058804461   2.07063766167         6.23391163662    0.635219156796      
   31       9.22913594581    0.755221828017        46.9901553334    1.48884278229       101.447243363   4.22202709954        -1.85153235438    0.573131081988      
   32       236.877118875     2.02643400969        1156.03855477     7.8602071932       1912.35979461   30.5968507351         9.53951720162    0.583132995396      
   33       198.724972948     2.78654301623         492.54948418    5.43896104713       552.034887108   11.7762392813         47.0630213303     1.13633353987      
   34       41.2963473768    0.974530062443        98.1788261494    1.74475680224       136.996752696   2.98138087698         10.0646411446     0.71697116249      
   35       305.343158694     2.67674157162        664.354772754     4.9302899106       658.156919631   13.7107603772         17.6955032909    0.743231630147      
   36       65.4324506201     1.01525697113        239.418218953    1.70392391902        312.20894377   4.50860835447         15.1889777186    0.639102387704      
   37       70.2704357535     1.05287901107        157.483149712    1.79086545998       172.407110147   2.97650710699         33.6985934384    0.648539468816      
   38       33.5335991559    0.839398876162        78.7847991695    1.46280038682       103.169730903   3.58900310725         15.7597612866    0.505889668224      
   39       805.746836201     4.03324266149        1328.32276789    5.09066843056       1120.31265299   19.4990982649         83.7836640537     1.75767208717      
   40       80.2178425825    0.791636450745        169.564149309    1.27451479077       153.291956158   3.22707931242          31.097968407    0.515363326342      
   41       207.035294177     1.54306093746        458.315010606    2.85154712183       487.518531242    7.3600719636         16.4122027782    0.665850434383      
   42       271.161151303     2.66994041239         436.81065811    4.30447218608       455.205328809   9.26139717981         11.7277894586    0.668147853997      
   43       41.7305940454    0.930890519042        103.233567959    1.35809327895       104.133483319   3.07571930624         8.46540513654    0.623989974239      
   44       51.6108129676     1.01248252996        109.440603063    1.54582978836       17.0685385231    5.0945987389         3.89329072309    0.887097444118      
   45       29.3707573183    0.943047349239        84.2374101986    1.31899236495       154.733993947   3.36786095859         10.3972663142    0.591627443187      
   46       83.9118831963    0.908068116794        165.143846386    1.44231689117       134.502657115   4.01126605466         16.0320928403    0.555580806068      
   47       41.2621660433     1.06876389827        60.5619959665    1.40674871772       82.4657208148   3.02377680518          10.999490252    0.468675647237      
   48       894.494028661     5.50399509931        2165.97351392    10.2577153286       2362.06269439    34.177373292         58.6314289132     1.13745029609      
   49       57.4225121958    0.850698152776        88.3986817877    1.45343124235       113.944676108   3.42480455105         4.61967155856    0.722484671181      
   50       43.6822597861    0.792193482198        74.5437965998    1.37982802416       17.3431050332   1.99390540237         8.61121932342    0.586337237423      
   51       205.266699048      1.4722772072        422.283737527    2.89299374432       389.705498327     7.708393958         5.36282561323     0.68987518194      
   52       273.307810681     2.64135969026        616.864276236    4.50751573884       709.756282731   10.8873786272         34.6465984525    0.973219087138      
   53       43.2333940373    0.975112814398        100.751943614    1.56353355529       170.416555632   2.69286887996        -12.1090616834    0.743585066669      
   54       71.5854215756    0.976194345244        102.557620282    1.36670947937       81.4026418979   2.60930011184         6.60425830049    0.440288551139      
   55       139.955863819     1.52534055036         193.51317973    2.04357250967       247.796611083   5.18081155365         35.0555055278    0.983993632794      
   56       74.8807021823    0.850974029981        170.210964911    1.72759018794        203.34155046   4.55868768792         9.59087838654    0.595255911241      
   57       34.8467141317     1.05848034908        61.6556223759    1.61698293876      -28.4096662732   4.53055352327         3.68714628181    0.519651892047      
   58       55.3551360047    0.873996530631        107.735704101    1.51413462872       92.9668498695   4.61596345673         11.9074135839    0.598561595328      
   59       57.1388625924    0.891423015924        105.862667103    1.43830477743         96.93898567   3.27652460865        -5.74045223579    0.534220285412      
   60       49.5126276893    0.919405497403        52.4118516384    1.41535211039       67.3090467513   2.27598207779         7.17013783524    0.634472083344      
   61       431.954579441     2.72425011426        1168.94944619    5.74472594039       1207.99313291   18.3118297058         76.1614409619     1.18088902903      
   62       95.9819051757     1.13689742368        130.842001402    1.81653280704       108.455338026   4.79316595148         17.9134109541    0.680268487256      
   63       45.9777962961     0.95731427145        40.3345383787    1.39730014485       21.9371135378   3.29468816934         4.98528315512    0.573226693266      
   64       58.8608196821     0.93657502569        52.9670066312    1.78977706987        29.629925538   5.11935563793          1.0100879654    0.571277141052      
   65       56.8252599145    0.874867166265        253.271631578    1.54546916632       497.714573221    6.0427910555        0.347960266999    0.534472264549      
   66       67.3549471346    0.709678167356        79.4181389622    1.39110230341       76.9512676326   2.97958772312          32.656491133    0.504610288415      
   67       125.690393363     1.21011763883        273.188792901    2.25534509237       308.285735147   6.75270326373         31.4983157299    0.668498679458      
   68       669.451298615     5.21449715415        1548.67612341    9.54221855334       1779.22647159   29.0577939013         36.7247557229    0.929276032934      
   69       39.2550787993    0.839145041025        69.6291052416    1.61153095047       92.4425765745   4.49386119358       -0.674533855232    0.540011759128      
   70       125.044970797     2.33100115831        270.873349357    4.23841858166       338.566893351   8.03246342435         23.9212351978    0.574186360448      
   71         71.39660772    0.895271654489        118.828028287    1.55902040944       100.846773591    4.2074951059         16.7707034597    0.552763191399      
   72       35.7365099393    0.928087028522        35.7398873065    1.62701954446        24.860285671   4.65417103256          6.0808422891    0.539320931487      
   73       775.105855677     4.57669880155        1848.83203125    8.49514781812       1885.40811117   29.3859234637         36.6320076364      1.1188559023      
   74       42.9529101227    0.851600056596        133.333182063    1.47532392339       102.360776201   2.60090181249        -3.22558487265    0.775869286863      
   75       104.421527726     1.10808496303        378.758338055    2.31663324794       508.426571939   7.73938209147         1.13283115702    0.517056908495      
   76       38.2236635133    0.823517064709        53.1190739463     1.4620575886       34.4159504795   2.75061721068         5.24373516168    0.511589734603      
   77       68.3243127534     1.22893678926        145.846599721    2.11460167723       151.897987094   5.85731983056        -12.4064712176    0.741839873851      
   78       43.2671776428    0.850247411216        86.5463925865    1.48977651822       59.2823581551   2.85979400755         3.24634193713    0.397494050971      
   79       13.8960348853    0.751982332697        40.0592288689    1.13769393927        152.32069627   2.94021242534        0.581946303083    0.482060947231      
   80       91.1094933875     1.24908553919        101.205941471    1.86645554604       104.253778761   3.45880012346          3.9988799061    0.754449911244      
   81        343.55960404     4.04102016122        772.225911929    8.01870623848       988.433575169   17.8643266487         19.2510682424    0.863112713409      
   82       19.3857467457     0.75407100207        53.1037179852    1.41888884317       72.3686528595   2.84113757727         3.19512053794    0.594388499163      
   83       184.692403542     3.57725811987        544.582926044    8.19079953545       799.299318611   16.2516738274          32.427620815     1.14040746065      
   84       67.1762294579      1.0289877575        166.482425789    1.94647334398       201.430479239   3.52659555099        -2.09524716878    0.630309550348      
   85       71.2632624592    0.932475603348        108.457557136    1.68606262678       72.7664893988   3.15668964015         19.6469257208    0.647823176219      
   86          61.1546264     1.14255827083        87.7305017193    1.67821816005       100.537861613   3.20408928443         11.4387825487    0.501362447141      
   87       49.7866491083     1.00308595085         85.320786922    1.69714554645       95.0223753578   2.88919950773         9.36983185297     0.72412983407      
   88       29.9774781286    0.856263662982        52.8481651052    1.51338367859       11.2321265502   3.14809221784        0.233378769579    0.810312084272      
   89       291.454137182     2.16229604384        628.836785657    4.06250001568        704.52604639   10.4388027331         21.4471576825    0.638043177545      
   90       98.4028291367     0.83070618253        162.165204092    1.49179533259       179.801928242   2.93179477936         30.8429180701    0.512340097687      
   91       80.7055121911     2.05961679266        164.810227393    3.32122378131       160.569472358   8.77243311854        -3.42589126655    0.704831926167      
   92       1135.51682427     6.34309899146         2816.5329997     12.203618645       2934.35077458    43.579663749         56.3019790485     1.36112874375      
   93       35.2673169544     1.07663865136        80.1898535244    1.71620621104       134.363931138   3.26921288292       -0.786037110552    0.527612724039      
   94       83.0079513775     1.24016653763        124.336086046    1.91084004744       75.8155738229   4.05791482529         12.7775494243    0.729362267367      
   95       72.2943488348     1.58246089827        106.086873191    2.67763785736        70.105397047   3.46108403905         11.6921226892    0.700875118104      
   96       43.2297848664     1.14560267317        89.0735130073    1.79677283926       93.8739024025   3.05785778328        -4.30313482674    0.593029527171      
   97       26.2831552906     1.21292371428        71.8203175918    2.04325843978       24.6388800771   3.48578342432         13.6091090793    0.611205465758      
   98       40.2163017741     1.23204469998        71.4648254689    1.89922127038       23.3715547746   3.24487083867        -6.16719829601      0.5950047404      
   99       472.587066226     5.56316957753        842.112587529    9.25776770946       980.736635142    20.792831236         21.2955263841     1.38436766431      
  100       29.1879703693    0.740255002418        55.4494081177    1.31849946248       42.1318343958   2.60899497142         8.27996439764    0.459960740278      
  101       735.348197453     5.16868454009        1648.24906757    9.68234299809        1849.9637211   29.3493876517         47.3142262034     1.20837115041      
  102       43.0594535287      0.8859038622        77.0522600434     1.5560025019        58.507165757   2.56240922272        -9.30421405546    0.515465672929      
  103       63.0581239368     0.83153665836         144.91568956    1.45469320518       67.6194137703   2.67395851965         21.3128285573    0.654938499633      
  104       54.7601247134     1.19857880684        108.321676977    2.07738020902       168.404007498   4.11472475381         1.85202988656    0.519357350064      
  105       72.5687832803      1.2656926303        113.650580613    1.97197412465       56.9327747204   2.89669128993         7.01780062945    0.577016795474      
  106       162.731161005     1.12685728037        357.541712142    1.83934095014       272.336957056   4.13259484391        -6.41871958703    0.678837929645      
  107       363.486349555     1.67121112432        980.536593632    2.96682405681       817.838134432    13.118505679         27.9447539413    0.492267095034      
  108       106.732604567     1.96567612811        249.220299557    3.51320121332       298.190477866   11.6867937463         21.1295883861    0.468179412493      
  109       65.7664117414     1.01752371292         91.223058883    2.00247005549       52.6556461139   3.80898603077         20.3477869276    0.536718394041      
  110       108.060263283     1.11877898607        189.225436822    2.38587820148       220.148203163    5.2820628758         21.0735300338    0.634341462021      
  111       79.5044523857    0.912745664248        179.317183684    1.67718675131       148.869295636   2.95963290972        -7.13864227969    0.555054363577      
  112       101.076596394    0.855473577204        116.470096307    1.35056792845       110.372286825   2.73543854295         27.3094330704    0.608800686855      
  113       208.253442054     1.55068473995        463.030160265    2.87706368244       542.751051677   8.26240456817         25.1334694213    0.608417076486      
  114       47.0259540933    0.980376615545        132.830822143    1.31802670172       133.418840258   2.92946332429          2.1738610424    0.627067557711      
  115       104.880185196    0.800396810676         250.45228899    1.38236218082       288.718508389   3.36745359411         29.0878451004    0.695120575345      
  116       16.9385732142     1.07578112106        47.0319097132    1.91862745935      -5.86899045655   2.82242395455        -1.90613955305    0.580441207335      
  117       85.0028845781    0.806760331653        101.402789803    1.39355301764       83.2485358128   3.20217397769         7.41034355186    0.639156879182      
  118       2342.21602043     8.78379621655        5997.27166428    17.0326467323       6130.93842434      76.8783408         116.408062128     1.88503581587      
  119       84.3572945411     1.75752283857        161.161300323    3.30735442638       59.4047813878    5.1663936346        0.715325763788     0.56571512369      
  120       79.3718542529     1.37004211315        145.781304435    2.39860975394       103.013764332   4.47889462238          7.8399377138    0.593706679616      
  121       69.0726323394     1.07656140231        362.194519896    2.60207397832       887.738990832   13.6772208044          1.1921665915    0.473181948565      
  122        91.489245703     1.27220306531        136.100163691    2.23879619812       96.4891495114   4.01038122525         7.60542084168     0.68874867633      
  123        662.58834997     4.12312216528        1668.01758201    8.68367605208       1805.05390157   27.2700157839         39.6116579721    0.786767701819      
  124       48.4091325716    0.826621989814        73.4555837358    1.43317077437       59.7972106491   2.54839122973         18.5937098235    0.599494550164      
  125       328.942741425     2.84009639558        739.296071119    5.40204333684       855.425310321   15.7509866576         39.3821708894    0.540291064983      
  126       121.955979324     1.03483043084        214.855613181    1.36359733028       202.486877679   3.63601867955          23.502422748    0.606357449379      
  127       32.6338499274     1.16903272438        76.3463129658    2.10765156124       79.9029699421   3.97023715659         4.91205417907    0.534525697615      
  128       94.4016549057     1.16707609201        130.815299903    1.63714971429       89.8550530611   3.81983388018         10.8204939906    0.689368098857      
  129       284.519023473     6.23557472505         674.74744205    15.1005597163       2026.94530812   50.9060431611         27.6438691829       1.164890253      
  130       65.5426624698    0.974104862949        99.3680803315    1.56175043975       29.4817325465   2.66009416118         5.63799477625    0.693882530676      
  131       31.2778994193    0.808275501949        85.0557124221    1.61498024825       64.7234413739   3.51063730768           8.932102147    0.505759681136      
  132        50.977522759     0.90448958531         117.09161268    1.51910139112       126.295238538   3.32061894102         7.67086375644    0.605688857957      
  133       12.1446370637    0.876645579512        46.0883210016    1.36396836119       20.2242063507   2.71504255808        -5.97095059852      0.5838977969      
  134       90.0285154542     1.02873326368        130.390830853    2.03754280941       236.974499781   5.81319727204          40.351997642    0.602117208555      
  135       12.0596922091    0.841053493473         45.663321863    1.46049922961       1.32110274037   2.85690894648         4.48537414235    0.516456652473      
  136       259.241786931     6.56705733098        584.344667994    17.6032837571       2137.91204444   57.7552764101         48.6944557569     1.23522546216      
  137       190.801825152     4.89544490639        497.825367431    11.2327050662        876.94973481   22.8763637897         38.2911249875     1.82546648994      
  138       539.928233933     4.33476328089        816.689740877    5.52997054084       773.627814965   12.5069001358         71.8118320397     1.31955038519      
  139         1330.628345     4.53273267258        2707.56745686    7.05433049899       2471.65206942   28.5001358925         109.456630427     1.59188589184      
  140       30.9901501877    0.817182902246        67.1073835274    1.62910310315        88.092439955   4.06090768509        -5.94272186478    0.482629431116      
  141       88.1608390248     1.41587560798        125.153499919    1.81642367744       55.3962657912   2.90288253925         5.77825833974    0.815701806895      
  142       41.6600507664    0.976342978805        87.4196803383    1.78784972093       100.765738107   3.41576337427         4.35488891914    0.612991256304      
  143       58.1118192671    0.801448566335        84.0139201324    1.52279292432       28.2224749365   3.00091507231         7.53687701339    0.682436820485      
  144       99.2901969259     0.75335858367         217.24856705    1.43098698305       271.520888108   3.33416128019        -4.70167780784    0.434310183834      
  145       26.0190203576     1.15830632572        35.2564340226    2.04154776323       33.8137253472   3.14782803279         6.20739945779    0.624997911533      
  146       16.5799386559    0.992974381707        56.6508989359    1.67346728859       55.6028009554   3.35791499944         2.19802702758    0.609586250685      
  147       48.4393694851    0.950996051966        65.9102078212    1.46215776113       7.52905370622   2.54952027212         20.6691624274     0.63919404992      
  148        55.497864826    0.968872813882        89.0316213679     1.5963999442       53.4218117806   4.70500235244         11.2635618602    0.840233911809      
  149       36.0539421689    0.907251157206        102.932814845    1.47543103791       63.5101700064    2.6721832782        -4.53937655189    0.438542085424      
  150       288.596374307     1.87521831284        662.897725548    3.72225264903       751.442946761   10.3176771549         20.7173639874    0.727073575208      
  151       371.977800556     2.19744074176        848.901128904     3.6639932054       980.840434486   12.6077393185          26.219644474    0.679853228478      
  152       15.3298287973     1.14880122616        52.1774768348    2.06105050034       54.3308825051   3.40005982091         1.71981465105     0.54683219164      
  153       4288.28296514     38.4751226978        10756.4242027     83.245871238       12982.9224128   234.805554354         242.908132746     5.04961449122      
  154        76.865827743     1.07907727626        162.206592388    1.62077612088       86.4225318302   4.46178890431         3.23661177462    0.560661308074      
  155       42.3273724304    0.776997716772        80.6147158079    1.42493251942       130.977209166   3.46034679908         27.4099780794    0.548114528028      
  156       27.6868343841    0.773359543814        72.1345704269    1.32130952617        27.696082247   2.48707494427         20.3326939022     0.44837509291      
  157        68.407938664     1.18404698615        105.610080609    1.96683292441       186.859828916   4.27363384298        0.650030574279    0.516504400441      
  158       50.2285515699    0.931269922223        62.7455579009    1.45959401613       44.9297860342   2.60263923752         6.66600809229    0.467200739042      
  159       47.3134638067     1.45474014355        101.786474902    2.69026792886       108.668488058   4.52258123549        -5.97357399853    0.625979836785      
  160       203.560070943     1.01436568015        367.715956436    1.76070040083       296.930951238   2.47673390829         46.8996935873    0.966972898153      
  161       136.523342701    0.993604268702        281.362319828    1.62595646202       314.609596341   3.38575768133          5.3777851917    0.490488821407      
  162       452.646884028      3.6411055419         1025.7882239     6.7655047879        1059.9714594   18.6937506934         31.9109875312    0.695990984148      
  163       294.435526798      2.5560748622        741.706295504    4.77570686558       857.974076468   14.6257079438         9.26860032003    0.739941418234      
  164       133.524572287     1.29684312825        313.104749855    2.55577385866       302.440471828    7.4147334605         29.1006044101    0.526832020952      
  165       94.2779095316    0.986550264955        187.228592838    1.67867161038       259.077150595   3.21489487347         -3.5456947626    0.531401593175      
  166       29.7850855537    0.974695461005        63.6917856455    1.22515729025       109.038768346   3.34046489166         1.04622132248    0.401043525626      
  167       28.8695931242     1.03485784618        75.0930103487     1.6675597078       66.8351056239   2.44292774583         16.8084892326    0.594183545547      
  168       143.947227095     0.93598049701        269.580714299     1.6939211952       243.390786125   2.65030732393         17.2453580466    0.614870284431      
  169       282.110192935     1.74269731099        365.623362772    2.10697432167       289.880354978   4.82669569376         67.8180717017     1.18557308951      
  170       73.0360241429    0.969245580369        187.897190412    1.56792907954       100.368913305   3.79884326784        -2.13514773331    0.593252829653      
  171       16.5953344827     0.92627130572        44.5300503046    1.76947883667       11.8111652349   2.47907752456        -4.40727804828    0.610318703646      
  172       2948.07257646     16.7266474585        7737.74382426    34.7517920792        8957.1507106   118.950452111         153.004215733     2.34410570165      
  173       175.209554473    0.996742534402        397.852948433    1.73412386135       398.820253298   5.51019933479         17.3165239987    0.506167015819      
  174        54.032648169    0.907268546739        109.476995116    1.66267878242       145.715394718   3.45043925088        -9.56449297101    0.559464731107      
  175       80.8785730122     1.25761842954         126.51479553    1.78887507134       234.030416767   4.63111347497         28.5278591884    0.825853325464      
  176       277.180357784     1.08294139026         416.20202703    1.70335717042       410.221069934   4.93832527467         36.4138974392    0.672451436576      
  177       54.0882085345    0.947343889042        145.815388597    1.68858172647       187.351001461   3.96108757201         9.34954235845    0.515528592727      
  178       50.7393376357    0.833958496034        117.850755482    1.25530908407       100.486358262   1.86732322928        -3.75189148253    0.537630789454      
  179       67.3331356642     1.06981304357        149.002343967    1.98742544441       167.259041535   5.96268971349        -1.78339581672    0.755608371289      
  180       202.807304735     2.48977121031        430.763389663    4.47240106077       397.534761245   10.7910467589         11.2302123305    0.792694356222      
  181       64.3552556806     0.88914497368        68.5377180475    1.46448078284       47.1521811591   2.66335787514         1.91366426598    0.755588771897      
  182       95.5687973977     1.10993127306        147.315924671    1.38091648147       175.234491696   2.60138492416         25.6732220782    0.709425250393      
  183       20.9708828406    0.932140427861        125.535393282    1.52906467371       288.383272457    3.6674846667          8.2236557591    0.505472445393      
  184       27.0375872337    0.779874112321        83.7368702454    1.42335210211        168.25897042   2.96728010446         7.59700303485    0.474470518667      
  185       45.0857066016    0.952001923878         100.40032413    1.54841106063        101.05754031   2.67188891391         5.49606569223    0.552641252748      
  186       546.781636227     2.15248912166        2213.87617318    6.83588001243       2817.92141184   36.7559246844         28.4442035876    0.670339786723      
  187       258.663068723     1.50182092826        629.122242889    2.36465457636       617.263361029   10.1657120981          28.634055503    0.701088441341      
  188       70.5489242406     1.02520708714        79.4611397889    1.95878814924       9.32890443692   4.51649747383         15.8878105852    0.600393611202      
  189       109.951387124    0.904366040075         278.06646995     1.4585820071       451.162628006   7.43963597687         8.90611427086    0.608364735458      
  190       26.0346133477    0.940302433153        136.733486616     1.4581284719       274.120131906   5.07236468166        0.744673413882    0.582731361685      
  191       25.2664021273    0.848916268425        46.8819554535    1.40859828047        91.213996123   3.09913534593         7.80375321103    0.476550491344      
  192       39.0903760879    0.793796693892         69.541616544    1.41219151599        50.947158714   2.49450623618         14.0252169018     0.45899401328      
  193        177.50393996    0.887115584726        397.278109138    1.77413029861       344.984883034   4.43667048507         7.48431065125    0.578974913001      
  194       189.169976383    0.905872846318        273.283135117    1.45206137725        354.59663725   3.58985280319         48.4871160001    0.743582227181      
  195       74.8347033431    0.940986339523        155.797868145     1.7578123787       141.524779609    2.4091674533        -5.53053338221    0.531648772395      
  196       52.9383416476    0.905714325356        91.9980393452    1.57889906636      -11.1139684456   3.47883398966         1.37633506331    0.586440562769      
  197       188.776561395     1.61702695045        869.969299796    5.23316193517       1282.49780949   21.5625447081         12.2698923114    0.511164155633      
  198       48.4092180087     0.76770998352        49.2185063278    1.49196934749       69.8454643987   2.89751482563         6.02731361312    0.689219986323      
  199       63.6844095011    0.927360090672        131.232987976     1.6837992995       163.776888009   3.32038354639          1.4333030344    0.563342783278      
  200       175.068607423     1.09991189888        459.092583779    1.66967276578       383.591858086   6.72051232818         7.98286997923    0.659699219608      
  201       935.424111413     8.84169366544        1895.93899393    15.6946383405       1958.71687682   33.6094037818         74.5475105549     1.49070629932      
  202       82.8846487274     1.25880643394        124.096590166    1.64427288942       180.261631256   3.31320634849         24.2270813676    0.725733266998      
  203       42.0083119067     0.88933709982        102.421436943    1.28237902236       134.489683367   2.55974109673         4.85796601221    0.491903493236      
  204       29.1542943701    0.827298839448        68.1998006193    1.48188362517       56.3923387415   2.31399733826        -1.39564001568    0.570538857971      
  205       442.568321079     3.33646651438        1040.68703633    5.91685751341        1143.3553845   18.0860021827         33.2688589858    0.901219081729      
  206        928.04068163     6.63788324715        2259.37077666    13.3820623369       2627.33096362   39.4628601559         54.5026737076     1.12533031837      
  207       348.327176045     3.65318332705        978.494901903    9.04769481945       1167.22329709   21.3556773555         47.9368901745     1.13337199417      
  208       27.9684917025    0.681099168778        105.620406749    1.83645642602       613.231088073   9.58473971169         9.68203252075    0.334538691218      
  209       90.4967589285    0.887899367159         122.37313326     1.4429561932       65.0954688158   2.53917146618         15.8242297183    0.537442641873      
  210       56.7855702356    0.917367334181        85.2106832229    1.39786313915       34.3921272723   2.44546576465         14.2402288787    0.858231940009      
  211         156.5807783     2.46845735648        570.637729613    7.17918403545       999.327011161   18.6572822429         23.4173278035    0.594429834601      
  212       71.0380441758    0.970032063331        122.234797921    1.33110213589       95.2875247079   2.34205965065         10.6422900345    0.608213951636      
  213       403.911138153     4.02219377383        887.461903266    7.71133631532       1089.00460407   19.8363481386         28.4541627552     1.04653402173      
  214       53.9455887072    0.901890188962        107.219458181    1.47343345546       158.802882487   3.46022665668         18.1436115746    0.529813669936      
  215       146.025458744      1.0761193833        344.090826231    1.99542834308       297.553483214   4.14516267824         37.9740444913    0.805575979082      
  216       57.7323957808     1.19705212937        134.718571659    2.15353778811       133.304861113   4.86951506092        -1.01572292714    0.711455386717      
  217       367.213384075     2.34150775981        824.645963357    4.60023537726       978.960018177   12.1686863563         31.6829106576    0.794721636912      
  218       44.4098653554    0.971773673791        59.7288494806     1.4571810945       60.1648518998   3.67994190173         4.50351481088    0.695209614029      
  219       85.9402227552     1.03776611141        98.1536233114    1.36649812982       82.6353246151   2.33261313778          10.645850299    0.748212694616      
  220       45.2522255412     1.03806626828        100.138664584    1.74047093672       41.3727542962   3.07834743277         1.81819915567    0.478682225691      
  221       36.5733138148    0.748455675494        74.9113042118      1.618053464       8.12317972744   2.85190432418        -1.81951852905    0.619839720056      
  222       63.0006241037    0.825989187675        70.5924816033    1.47928363395       91.9925332619     3.028791287         19.0036425527    0.570746093703      
  223       55.4354589615    0.786571093977          67.07451728    1.45717160053        45.663687974   2.36488906923         16.1107399863     0.61509797139      
  224       41.1305234545     1.12400753836         72.050660777    1.90186500677       92.3633565686   3.91762313555         11.6536391244    0.438432068503      
  225       35.0302705034     1.43213707012        79.6732785961    2.53341999042        279.07279285   7.55880511206         10.0360720323    0.382966726436      
  226       9.73428308257    0.872179018569        64.6081169198    1.40066505834       70.2398068505   2.71398851814        -6.06063704568    0.544438430088      
  227       34.6722001312    0.843192535562          43.10766304    1.49699240991       96.9046102234   2.24367271464         4.11656022208     0.57215869434      
  228       119.540602212    0.958221822619        257.845741989    1.81980104402       238.606880007   4.90371243677         1.78284157563    0.595590526619      
  229       192.858299062     1.04543851752        299.238347581    1.34396241306       387.180088357   4.35909332785         33.3259385613     0.78674278974      
  230       93.0486856135     0.98859615251        146.886038603    1.36269758404       216.520467597   3.95196562516        -3.16358138284    0.650583939765      
  231        122.85035054    0.895561874183        204.057098278     1.1884701105       90.1407509832   2.53805358985          16.195926498    0.719784052515      
  232        71.404566296    0.811849233234        109.175102855     1.3354630145        66.921954028   2.96562792674         14.1059802847    0.624915925962      
  233       48.6701406992    0.923211652241        73.1277008978    1.66717018077       122.671228326   2.58845525758        0.647674495306    0.640794813962      
  234       50.5900714566    0.720054399464        126.372967717    1.28602764127       68.9305416441    2.3458745901         4.45640578965    0.491827091047      
  235       50.5429019519    0.877301201667        61.5574856872    1.72184181864       87.0291420912   3.28971334266          16.250903581    0.579426475886      
  236       3.70431367357     0.75070579076        29.0700922439    1.67600450185      -48.5281944703   2.70818933055        -12.7512104606    0.557335096406      
  237       1345.18005558     9.11431684838        2475.34840311     15.126236343       2608.94146407    44.091865847         190.476611223     2.95443787435      
  238       124.580371283     1.09919886121        360.970422017     1.8219920604       437.198313604   6.74431502275         7.13730473593     0.55109824811      
  239       59.7832426455    0.897687161822        63.7908223821    1.70352306965       87.8038130962   2.00026122666         19.9114612032    0.489009961253      
  240       50.2973495616     1.13085706024        71.0332161382    1.30400105064       134.673072243   2.70921274409         4.59210703919    0.597378979231      
  241       38.4892671228    0.810956903388        77.6287978036    1.36602298187       66.4888853432   2.59887572586        -2.44883083661    0.511766156783      
  242       234.189410551     1.33806269109        507.939468835    2.30322368372       503.884354171   5.98125377113        0.595944878246    0.665132126003      
  243       68.2600729908     0.91206164248        68.4791103067    1.50697633704       23.2840590069   3.11738261502         8.36379777532    0.434450425647      
  244       50.6971695977     1.52431701165        54.7018864515    1.93426483594       84.1516632867   4.47352470701         14.3559460456    0.850488297799      
  245       78.3747567853    0.935046121232        122.090660295     1.5559961481       190.064456703   4.27232259179         38.9438779942    0.691054224825      
  246       83.8257081711     0.89659720698        114.934559948    1.45716345131       61.3828547758   2.78587275385         36.2573997074    0.575117205794      
  247       109.443166445     1.86859574744        179.233191885    2.60821506842        218.02694215   4.58665363605         12.4449517894    0.545767289464      
  248       132.106866677     1.04282339336        285.794243841    1.74962552639       305.798296122   4.35806463715         8.03578615286    0.564056269093      
  249       38.7170128436    0.956357667244        103.027440673    1.42149318219       72.9157383994    2.7377738534         20.5836118909    0.552737429698      
  250       23.2000586348    0.848014664427        63.6585570557    1.52451091841        86.819221385   2.93320525963        -8.31338293909    0.623239323618      
  251       39.2161556946    0.819945451874        74.6918500559    1.51830360886       92.3601987842   3.12290128387         4.13534220857     0.52136829986      
  252       32.5274698482    0.906018933293        65.2959465676    1.47282216263       68.9859263305   2.55760072755         5.58135851508    0.468282143871      
  253        89.575865911    0.855436022632        132.910346043    1.35985135625        119.04004719   2.25081403407         18.4684598063    0.597653209685      
  254       55.3393586094     1.10173542607        67.9783540135    1.76790396026       121.196941729   3.61429626153         22.1196999622    0.625430823328      
  255       59.6004262943     1.07457278929        122.302094767    1.53106206188       88.1382211515   2.97349696227        -5.14667911782    0.557809029763      
  256       35.9630728602    0.885617796313        182.420180378    1.65103416924        512.19631308   7.96343193758          3.4696036249    0.465881541031      
  257       88.2759405535    0.744690116758        114.465906538    1.44538798183       119.157038122   2.77857262964         6.89295045004    0.660673128124      
  258       74.5437885486    0.845041611463         92.124666717    1.44455006047       54.1137532685   1.93250666371         8.22273000072    0.572473975262      
  259       54.8141267841    0.715139631799        64.2357328663    1.44867737275       67.0058010829   2.07311475388          21.248669987     0.52336646562      
  260       29.2634570266    0.884120513057        65.3651608896    1.50618074603       56.4959369413   3.41887679722         6.95254925305    0.555685706621      
  261       87.3730838122     1.06551686793         284.60171966    1.67722520419       312.071829175   5.44078302397         13.2952140051    0.722754094953      
  262       51.0405793235     1.18655438085        199.444984452    2.57068474402        235.97208273   5.61561077437         18.6810554538     0.53790986574      
  263       52.2538822236     0.68323597953        52.4091203922    1.11771412301       74.9022400886   1.88002521645         10.6097162114    0.497430159447      
  264       26.9570986271    0.651973999084        96.7899078305    1.14637133686      -22.5174589018   2.26525753882         8.57815653268    0.558973301099      
  265       38.2653300863    0.800667504241        64.7129320887    1.41413121014       -21.323707308   1.99542816968         2.37020294399    0.514286319475      
  266       234.938144208         1.8040799        357.595029259    2.65423429774       302.994417558   5.22116720098         50.3028391079     0.74723860989      
  267       54.9843441383    0.776994257646         79.340953919    1.43120317799       81.1733418387   2.09819489118         -2.5303300191    0.568471273569      
  268       37.2280169559    0.884039572309        62.6900585924    1.42327323858       50.2601319911   2.48990056494        -9.40468429285    0.631457840724      
  269       43.8358892365     0.95090764781        269.816558845    2.84898012957       683.606813604   15.7144371792        -4.54622107965    0.550984299193      
  270       53.0725185074    0.916947128862        81.5089263675    1.46134232108       72.6492217547   3.29734468465         36.4855380403    0.457544592556      