# id F89 E89 F90 E90 F159 E159 F156 E156
   1      11.5577137039  0.594054279557        45.5175069658     1.16261558313         92.8812620989    4.87614096764        1.76834198856    0.263394934823    
   2      3296.20209067   6.95074309708        10331.1321395     20.7772718066          14716.161414    115.183326962        66.4874825066    0.567892151589    
   3      487.918088275   3.64438400473        1011.46404299     7.10967136899         1293.28509462    20.9160760271        27.6487481852    0.778428038753    
   4      90.8850483095  0.865972376947         116.05697974     1.20048896018         302.963613235     3.9811292642        20.2843940627    0.278134841924    
   5       399.71032358   1.32041006576        511.204067291     2.13766060334         592.265539381    6.79668733312        40.0753565623     1.02051643285    
   6      210.349922545    3.6033413996        313.949673373      5.4798105792         629.888079032     14.626844544         34.081496157    0.939099186236    
   7      31.4467972786  0.755617941142        82.4029237481     1.61914225653          100.09830163    4.14857373054      -0.816630876363     0.39141986814    
   8      93.7102432189   1.98466939105         198.41097877     3.62433622303         502.811791933    9.85571787364        18.0004852633    0.453722760422    
   9      228.230054262  0.844857526253        296.557763348     1.38181254717         424.794528367    4.11387184893         29.294230713    0.396139439343    
  10      75.8973661589  0.628289832402        79.7930283279      1.2375352321         117.198078299    2.62868032039        14.2310067429    0.432295513897    
  11      58.4860429432   1.00133587362        69.7433744535     1.53810795138         -29.331418059    2.92458782129        5.88266568946    0.408332779317    
  12       29.384898216  0.694214250933         85.009257098     1.12189102344         48.9816822322    3.82097970877       -4.72141451404    0.288412969815    
  13       35.169976094  0.644878647286        57.6767064461     1.07108392043         84.7835067556    1.99687427273        4.01522938035    0.468472072079    
  14      178.557679502    1.1567838853        353.400480472     1.84795245911         340.422878733     4.3610823435        18.6372972926    0.309862775006    
  15      368.159821043    2.3013022431        837.441186487     4.65010222582         1311.56761288    15.2085184364        15.4637539872    0.475585970347    
  16      138.132186245   1.82057483963        245.570722891     2.47597563737         160.498324286    4.99141502453        12.1030423696    0.644490696486    
  17      115.273713853    2.1417594054        112.117676602     3.36762552013         25.2730910957     4.7698064171        21.4147299984    0.650417794962    
  18      35.0286873197   1.17155343459        69.5747740381     1.73451491309         54.0504308529    3.18615343682       -4.42321436057    0.364501199127    
  19      204.067416655   1.39183439227        421.242529599     2.48144667671         384.909749148    6.70263793191        3.53596688925    0.435579414517    
  20      88.6039932255   0.76607094895        191.843186884     1.36454348761         29.3698897866    4.00781169208       -1.81771367883    0.383637199292    
  21      24.8010181296  0.765432609548        43.5948122692     1.30938492126         51.0163981707    3.01326893443       -5.43459404245    0.323446677128    
  22      129.259208813  0.792308747077        171.821225559     1.22758755186         67.1703679265    2.77892155293        18.0546732314    0.405973994969    
  23      24.7286836635  0.915937673638        50.4022366998     1.43104001923         40.9911885154    3.44088493375        10.2367969471    0.419543554506    
  24      598.567688462   4.49212752347        1311.68612811       9.261088336         1407.89433193    23.7816322768        14.9664660481    0.456859109629    
  25      113.494800925  0.854416165546        265.346213935     1.69706760595         136.554099234    3.44115901982       -4.31752573106    0.422238856974    
  26      45.3381178002   0.79232493323        60.8169860673     1.41124695623        -17.0600921835    4.28053653206       0.899858124756    0.458933838075    
  27      26.8038444598  0.804863831164        69.3597476462     1.42209324617         46.0775279218    3.37610640858       -4.07138869978    0.444739777671    
  28      129.915721533   1.31810657203        154.996266312      1.8068240443         144.459155798    3.00672024109        16.9898337203    0.469553441843    
  29      173.482673658   1.70793385996        239.990715533     2.57831449033         158.511089837    2.98919958414        17.7179465406     0.54099447644    
  30      38.8351758064  0.907486584954         89.561498449     1.58614871073         49.0662432553    3.86924720412       -7.29509022624    0.585234294239    
  31      134.161014655   1.32053203722         253.99638497     2.71282570568         316.505489341    5.41410088237        2.81792747674    0.415526425995    
  32      87.5391928996   0.88454836859        181.935098966     1.66675537708         163.169182079    3.46330601169       0.492366603552    0.454182953787    
  33      24.8178090666  0.896417303509        53.6498591635     1.47703418265        -96.4568134526    3.25584249104        10.6921016123    0.478352403465    
  34      908.943337924   6.46220802709        2028.92263454     13.7671251157         2388.51933288    38.8783611228        46.3678425991    0.773605708198    
  35      86.4962337074  0.905567391946        108.608929295     1.44857341633         137.305175446    3.07170495019        15.2031569982    0.523695073953    
  36      58.5577313803  0.877474820757        61.9758876834     1.35642024569         61.2369527118     2.9120597424        10.2958539755    0.412710200819    
  37      130.500739781  0.718621843957        215.510093163     1.42842270701         162.374423548    2.73470599633         3.3860137637    0.451795920404    
  38      90.2455014487   1.49483287416        183.431496624     2.77042155175         318.058868196    6.54126991337         14.612186731      0.5113309789    
  39      161.662145472   1.21829461516        294.850980119     2.25438640184         322.615006253     4.6741639615        3.98743674891    0.468704111359    
  40      89.2877392436   1.27347723659        126.257958443     1.53537814543         84.0010983154    3.59178701137        16.4535631751       0.523646042    
  41      48.6273153642  0.803166531589        83.2877697911      1.4950183258         64.2809542247    2.77351901634        2.79900879353    0.466444383152    
  42       64.243779151  0.878981411542        75.1452576757     1.24843313154         15.4204326067    2.75152164016       -5.62078776281    0.429644051897    
  43      40.9145906279  0.772682839746        103.781877716     1.44439658191         77.6050294784    2.67271551435       -1.33180104008    0.419077079951    
  44      191.232682373   1.23657440972        649.531948595     2.59675575827         743.363234953    8.28066440525        3.87640478884    0.721217649098    
  45      64.4004212226   2.21141764317        115.372037757     5.60656616325          84.636972081    12.4847744767        1.10745893314    0.541589360203    
  46         54.6779939   1.04889482356        103.260466463     1.74049710171         141.244244343    2.40875680839        3.87919442468    0.411945433334    
  47      71.8268774327   0.80046460595         140.26158242     1.52386002471         46.0349455424    2.80051850169        10.4444141614    0.490616703001    
  48      612.011291877    5.8661476896        802.330193648     7.12625701454         892.753536806    11.0612001815        44.1065886411    0.772368464732    
  49      9.60928824487  0.902192992889          59.56182045     1.51652002466        -95.3319277418    4.34897420588        2.76314323843    0.419382056069    
  50      166.295231076  0.947827997096        376.939958876     1.97958715037         457.433019693    5.33263546275        -9.0432596321    0.500119114218    
  51      494.587908979   4.45344495335        826.578222068     6.98633916125          922.70893784    16.5377181399        24.8309889832    0.946690598891    
  52      44.4550810692  0.791549853881        53.7484560893     1.32894903787         34.2617753887    2.70152309885        2.37595783184    0.359023318495    
  53      299.020237555    1.5944008652        580.860969128     2.97885828106         652.708406754    8.09164081761        8.10240658201    0.306387841886    
  54      133.719094242   1.25308390619        213.627511926     2.01807109595         259.266071366    5.69746792329        17.6808323716    0.500275014992    
  55      80.7864683966  0.781489181757        66.6120700717     1.21403920641         5.19965732766     2.8166845243        13.2110341389    0.382939579564    
  56      79.7907776015  0.843672963659        101.182035645     1.47165977486         16.1364078974    4.16272905006        1.38649407424    0.430332869436    
  57      131.688831524  0.977704570649        267.510884532     1.67136530591         297.784097025    4.16115155486        5.51624556563    0.378953356449    
  58      89.4620705619   2.52038757003        192.413442181     4.01950906977         508.437818082    12.4870905692        16.4948192263    0.534626364695    
  59      30.1670880101   0.87296869099        55.7287135133     1.54173986171         57.2390851704    3.39895138214       -5.62946784519    0.471910585422    
  60      67.5640496568  0.769288640075        97.2526512465     1.39966232486         79.5613684254    2.63377169801        5.81159959386    0.486213843911    
  61      396.771182153   3.46991342523        614.714825342     5.22125385576         684.085455215     12.270489277        24.2517149818     0.64425180779    
  62      116.023036816   1.15501438132        255.229041863     1.91433110906          328.69869974    4.84146033111     -0.0713771805717    0.377898156258    
  63      97.6880978736   2.50569014733          305.7100803     4.87437493355         683.652868846    14.2883743632        17.3173194589    0.462082615999    
  64      8.26429797108  0.816069287568        96.8995826436     1.33711271007          210.85749954    4.13642685674       -4.12939530054    0.578788405351    
  65      86.1246093181  0.920480406156        211.064229427      1.4782665707         196.899539599    3.79163730665         14.345597817    0.585820627701    
  66      200.143120896   1.87935083637        397.863825157     3.51199244264         442.853218256    8.27671519602        3.53477577711    0.517708836219    
  67      55.2934230098  0.782189200451        105.478620236     1.44729630519         92.8347421862    3.67123709444        14.1652186618    0.457011811237    
  68      446.328247571   3.90265180308        1011.65548989     8.05679404446         1204.85265963    19.9960053629       0.885592772108     0.72553002205    
  69      38.4000415677  0.932067463612        77.2848043596     1.62882147897        -9.94883796617    5.21723066161        6.76127162844    0.420886227656    
  70      82.4091198966  0.904746556707        98.8192784012     1.27923516753         106.293417881    2.99271078246        14.5888271454    0.461081198948    
  71      69.0497561861  0.882663527075        58.9589610055     1.68404902746          31.410573316    2.64046847742        10.7327169215    0.516785704984    
  72       947.68499111   5.08820636946        1982.35307914     9.59828188636         1970.81236535      32.22863997        36.7892032459    0.927843964073    
  73       1202.8669086   6.56937886197        2809.35307634     14.3544508918         3064.95249289    46.4885836541          36.83904591    0.713167209272    
  74      243.869333397   3.14186313088        358.921645508     4.96475181603         376.625056319    13.1865074156        27.6417713126    0.509030645516    
  75      55.2344791338  0.770636282385         109.09262338     1.35358661528         94.9916897155    2.43991745615        3.85591874258    0.482033188565    
  76      84.5179894377  0.988361321507        85.0277012428      1.3464123129         34.7282951724      3.347035501        10.7326790249     0.44987005786    
  77      40.0522741474  0.805530757348        73.2251893003     1.24678204066          18.421663837    2.37216812311        5.31933941972    0.321162015759    
  78      44.6641453375  0.914030815357        67.9755087847     1.33696384495        -16.5550890998    2.44274500131        -2.6256255877    0.343824852201    
  79      53.9266814264  0.813261436024        107.775175399      1.4209506093          153.86075807    2.62641783335       -4.11103281491    0.460289817227    
  80      88.7424113883  0.859551171365        185.093390135     1.42036803348         225.709345689    3.41623460486        3.62055599615    0.472889814881    
  81      314.893732733   1.79931778549        648.233028051     3.64410291311         688.357216223     10.129871152         9.1852783076    0.391396470401    
  82      24.5211806222  0.759586885307        48.4060142415     1.34767411114          20.235198396     2.7690458794      -0.260970312213    0.536754331962    
  83      20.6751086772  0.950522283485        47.7810930809     1.45423998805         34.6191682981    4.61558728113        6.26778268809    0.309120507067    
  84      57.5654504682  0.738936244048        108.531025147     1.43860317601         65.7909371399    3.71269439799        9.30138861204    0.400045940096    
  85      150.434391186   2.20776302048         301.07288706     3.29881456933         285.601165276    10.8564607635         3.8611341053    0.399044637587    
  86      49.0672684635  0.921654163433        55.7584244328     1.58342822211         94.2177176391    3.22512959409        3.79472658931     0.42392363653    
  87      19.9121001542  0.922603601237         41.369176476     1.71388232809          104.02492417    2.92734314261        3.93236733075    0.531564850726    
  88       105.18588029   1.39730182619        133.097483609      1.7695537927         98.2174529117    4.77966436558        9.58289823623    0.587125409294    
  89      60.0745810717  0.806336864106        44.9070743862     1.60874545707        -21.9701907065    2.55005851766        6.75483607262    0.413236674558    
  90       23.599577134  0.812925639831        47.3250010422     1.65866226667         45.3769914285    4.19086052512       -3.72100491446    0.427004926742    
  91      17.8157612427   1.06860305174        38.3742340164     1.89730477808         86.6123821822    4.47286443694         11.133503222    0.489280896253    
  92      121.238161015   1.04621866223        115.814116914     1.44021466477         70.5960847478    2.49195518099        25.0287662756    0.529045524258    
  93      5.68636274973   1.08455284451        39.3496527842     2.03013293918         -43.537391476    3.60400841503       -2.48226827135    0.381670418713    
  94      39.2608990506  0.831469368294        99.0893191355     1.51366171797         117.620425308     3.0441800741        9.49193181082    0.390439976902    
  95       74.113652013   4.81944019655        196.798135328      12.316648108         774.653152669    32.8051938097        14.2890060233    0.452743216447    
  96      1160.12523298   10.6400984723        2648.94421598     22.4881641582         3245.33460316    64.6385920367        43.6484550233    0.985332420966    
  97      7468.80165896   57.0453705576         18808.223612     136.034777559         23767.2370825    411.515234201        235.855117881     4.41537633996    
  98      108.116516841   1.52726838877        124.373018912     1.77327985167         160.756009986    3.72776984052        13.5305768061    0.489778230242    
  99      19.0354881309  0.775097950561        45.4649427787     1.83404809333         95.7595168678    4.36340780172       -5.08736994892    0.396690952436    
 100      58.7439487143  0.941610487299        67.9863408106     1.54910997758        -32.8264789374    3.00294812188       -1.19393094347    0.435116458392    
 101      50.4607999824   1.06179302068        99.9387174876     1.46330656282         92.4873458529    3.72881193878       -8.88404788006    0.484965358875    
 102      54.8838552341   1.14395334876        52.0811095033     1.76568541198         18.7592409585    3.56818672015        3.07046617145    0.418697378448    
 103      76.9795399343   1.27363493448        117.985212575     2.28223556086         117.621453821    5.33786287454        3.69223976698    0.626137809401    
 104      88.2670840012   1.13344985711        195.899838203     1.92384730263         253.713060244    4.15344466723        14.0908358042    0.452602060247    
 105      4.98038631271   1.17086017041        49.3249871939     1.91064289441         49.7522981432     4.0400279221       -3.03548921278    0.449926998939    
 106      42.2193478715   1.16205212915        90.8737901069     2.04539917053         90.1071743929    3.56381971194        5.30698553282    0.349985220488    
 107      218.337120542   2.25036303858        438.480513336        4.12192779         445.198258674    9.97150976421       -3.22111408621    0.419408503912    
 108      43.7407298372  0.906126680165        89.5382079573     1.41952698054         108.066256372    3.67281604852       -2.15189483808    0.387991838213    
 109       73.768772073  0.850418022418        74.0734279527     1.25206836912         33.2612931228    2.37820313471       -1.41427728427    0.465877179806    
 110      524.298626591   2.66781764423        1148.89405595     5.27345963293         1243.38021112    15.9183728752        14.7739878294    0.456967490392    
 111      60.4526697287   1.17438010969        75.4640350939       1.997894576         99.3758948934    3.46197021149        19.1037376679    0.432557093979    
 112      81.0600885168   1.53922013579         269.78482408     3.40812501039         532.269292325     9.7220544766        0.96805249426    0.429251914321    
 113      282.795453173   1.60403552965        570.968922044     3.19787228872         759.402636507    8.73400101491        18.8502322577      0.3389768262    
 114      58.8506754073   0.89854678371         96.033329469     1.36727889088           132.0564947    2.49895460867        9.31879495264    0.373654450954    
 115      10.6957505046   1.06126638077        46.5608750795     1.65191986686          59.004187056    4.17573009671          9.235431786    0.370549533668    
 116      89.0139486778   1.35226178479        191.327438725     2.60711599777         235.858897812    5.40288097653        4.09563182034    0.544871087038    
 117      151.114115681    1.4888163217        206.274474792     2.64005683072         166.153070217    4.58760595797        10.0723852001    0.647908375367    
 118      9.21687964138    1.0942278011        56.1550355699     1.83128104393         24.4122001258    4.24423616475       -6.02895788465     0.43086557988    
 119      81.5800069332   1.43026305017        106.776361657     2.47412476813         108.651071539    6.13048648431        11.7863019989    0.453360538322    
 120      74.5823385664   1.88735514558        78.4016640618     2.48464902289         161.045095523     4.1056666526        17.5663174127    0.543984003202    
 121      45.2329918543   1.00464215631        95.1804262981     1.33480913071         167.508851941    3.47537530712        1.62289597048    0.410629633892    
 122      253.131399729   1.60475679139        642.229647028     3.17501999576         612.541621582    9.57688722356        4.04261016717    0.469796646544    
 123      26.5783499215   1.03768249097        45.2986521455     1.93645531238         23.5867701719    3.60195853201       -5.13468430429    0.514086349364    
 124       25.928655738   0.99985687171        50.1373810492      2.0035294909         120.157466239     3.6959347451       -2.86657333278    0.399845694361    
 125      32.2162470924  0.817487860977        52.5722512549     1.51070691351          131.21632259    3.88963639673       -12.2551219828    0.471169876328    
 126      497.372304353   2.10592036257          706.3472331      2.8704014069         636.581440358    9.81657443547         34.981152874    0.672722702358    
 127      16.0493094785   1.15066884748        38.7235534656     2.24130401017         114.888687217    3.69642368398        7.37782487158    0.719644146921    
 128       375.82904601   2.00017176367        860.302071064     4.45052597977         910.895869551    12.1456805596       0.103589099782    0.583324849622    
 129      4627.06540476   23.8120947626        11615.9691181     54.0742835491         13116.1545831    181.336289224        140.314518512     2.42432409937    
 130      52.9452883331   2.88270776941        99.6625614016      4.9241488575         241.694835349     9.3939322645        1.61476129849    0.559512211759    
 131      16.7099136953    1.0153231048        41.4293233017     1.83329039759         14.1616917556     4.2324117875        6.17451995665    0.398876330813    
 132      46.3695774963  0.883763604837        124.621955652     1.37857929671         55.1153424511    3.00687470054        1.32248385273    0.311049387478    
 133      181.213420719   1.02219074237        408.889868525      1.8868468269         484.991981076    7.74199275911         13.735752025    0.440908091799    
 134      24.3024940007  0.929383805419        45.5779668853     1.58068893193         21.0415979245    3.66747677347        1.23204602827    0.432301251932    
 135      29.4206266614  0.859797872967        51.2999671402      1.5229568111         87.1148333323    3.09876054919      -0.661072327931    0.354333639947    
 136      35.3659685066  0.772983150305        58.0774672165     1.64602381118         49.0492816201    2.23463089366       -3.69645551288     0.45689200812    
 137     -24.8806794111   13.5608122207        -53.429827508     31.6496229297         232.181681838    63.5304873673        5.69019785565    0.824950041367    
 138      45.3444381324   2.54637709561        111.744559246     6.05311810834         346.496084231    17.4571085775        5.34438550067    0.355390716273    
 139       1098.6997122   3.29676100785        2733.84500719     7.57601730623         2761.08434439    34.1207966123        30.9275525657    0.649937698095    
 140      172.533776259  0.838920697321        273.138293467     1.62424920576         239.304748842     5.6142265356       -3.41675399423    0.408365690313    
 141      262.181066034   1.86075851535        318.559252248     2.02881480627         170.701716295    3.18925901171        29.0193304882    0.758983432939    
 142      98.6119535874  0.946612127709        204.850423882     1.62251060986         242.645537699    5.55373411793        1.96918033643    0.368650008635    
 143      73.8051743255   1.05021959821        115.821079837     1.91131026102         146.388582074    4.14871811231        1.34855209674     0.36892526678    
 144      76.9164947484  0.772077330397        94.5650360072     1.36376439681          50.098160533    3.45876301184        16.4083558872    0.536453600622    
 145      84.4166270135  0.947737193794        170.080098367     1.93803423732         142.769014007     3.9241895702       -5.91877019061    0.443297471879    
 146      75.3492958054  0.887281439531        106.389632627     1.38610920305         62.0249922007    2.86317218032        6.71499221559      0.4134559306    
 147      16.3652150231  0.774252166384        76.9460000254     1.50099503306         21.0574391745    2.64545670265      0.0624666658789    0.499695203652    
 148      276.085834961  0.990047346509        418.837435654     1.75206329982           322.3553279     4.1199000644        2.82137097558    0.533511418601    
 149      50.2790259263   0.98962400401         54.553681126     1.63478980635           57.35245249    3.58768596417        10.6296821644    0.503917734952    
 150      41.4424371879  0.960080810892        103.289959916       1.556327426         102.922602056    2.63335781569       -7.21657163429     0.46420876673    
 151      60.1393164755  0.989303380028        75.4669859032     1.70438405207         66.9180054861      2.586742127        4.14751039374    0.490300442481    
 152      53.1156624181   1.01069327809        83.8396932597     1.64771579313         58.1570683503    3.35196684236       -5.36229850834    0.586431694927    
 153      44.5439470502  0.784050909682        69.9817755139      1.4113145128         93.8729572712    3.43296619149        1.29064672868    0.318951941097    
 154       62.195276979  0.811231107455          103.0185637     1.56200407523         259.153593218    4.30840109627        10.0168970061    0.359416925317    
 155      111.157461195   1.45067041852        249.397822979     2.42718074148         245.494976141     3.7181497771        6.54382829449    0.383910869584    
 156      124.449128826   1.21023786942        156.726608476     2.23447542612         113.760540651    5.12590840018        8.31281447704    0.391525266486    
 157       608.15257787   6.69623596884        1411.76542574     16.2901337045           1943.900285    21.3307737001        28.1910293844     0.80907148115    
 158      59.5315263123   1.20761672712        49.3390875536     1.83271926194        -10.6450955854    3.73642450561        15.1488684159    0.348704168551    
 159       5.4158673065   0.86861264245         35.388242327      1.7008536994         126.882075786    3.67120827406        -7.9336647402     0.27020907231    
 160      152.746253635  0.869382716104        171.289678813     1.61262918603         192.714358127    3.58298646939        23.5663456039    0.477977024516    
 161       57.300143017   1.02445817982        104.883038408      2.1918377836         158.731232708    3.38984957127        10.1252703613    0.396326453881    
 162      234.741183464   2.04993372414        471.514676819     4.62800560014          547.29101234     9.1859779879        20.6321227172    0.454740343822    
 163      93.2423013083   1.06975452947        110.957613907     1.69641429297          63.350012298    3.14364083087        4.98163975045    0.518227316785    
 164      66.8188427421  0.920934905563        138.915158766     1.37903616947         167.410782881    3.27905338315        1.81826042494    0.372872515358    
 165      728.449465161    8.2237060599        1558.45540066     17.3341069567         2578.91285107    43.3220992313        50.6437711109    0.858231494063    
 166      697.835189223   4.45712834306        1599.03446467     10.0219783703         1810.52549948    29.1049646428        21.6506124752    0.662316909123    
 167      82.0618040924   1.08538303504        161.779519501     1.82192345291         269.485884798    5.50819437657        10.3249496223    0.469314345103    
 168      32.2347429158  0.966112435887        39.5895091189     1.64516709586         19.8593170232    3.79815836423        9.44016990341     0.39938791564    
 169      125.619022406   1.51424279384         148.29360556     2.26064297615         158.626561046    3.86037787994        10.2260067816    0.453764205662    
 170      94.1475042528  0.840202770487        95.0131197254     1.27808523775         58.7151548141      3.263224511        15.5279543736    0.363308763166    
 171      514.231883491    3.2332165769        1084.20852669       6.176381251         1335.59975222    16.0447421372        2.93244432675    0.721256737698    
 172       58.247886148  0.806061655282        86.2019244007     1.48866283437         125.563222404    3.03530555053        14.8889744968    0.790754130957    
 173      46.7632175892  0.869643021926         150.57931015     1.61883653145         379.021184953    4.35064612911        7.49470141196    0.383015220458    
 174      57.9621317717    1.0216898092        89.3195841602      1.4067090777        -33.4361855203    3.22849089036       -5.72291383646    0.490687805636    
 175      34.7774491621  0.848972590757        52.6771438529     1.67390188833         99.1297050708    2.82225873267        -2.9130859254    0.451754339557    
 176      104.526265128  0.994532882114        186.017821333     2.01250472487         326.770300029    3.55837819009        4.56300343985    0.413439221135    
 177      240.649578411   1.94074969257        506.215471613      3.8835422785         597.446244685    9.37278513524        6.47030737277    0.469820161682    
 178      1091.63556691    7.2801515147        2162.85720995     13.1883392478          2667.4738096    38.7243511848        52.2568310505     1.15682137955    
 179       102.91367456  0.912876553354        225.505610548     1.55091553543         287.247501151    3.44292810185        15.6401639019    0.393084100851    
 180      83.6238321956   0.91240461008        179.815535083     1.63999699687            293.512628    5.80480784389        3.21201849259    0.366949296286    
 181      2535.96068636   18.8115583879        5902.62177348     42.4588817012         7638.07628597    113.136639115        88.4775222053     1.57455745991    
 182     -5.42070807102  0.606095307055        41.4952699638     1.18551995864         184.547637305    4.84112665955        12.9470557292    0.387333919337    
 183      34.9300987755  0.759141030521        91.1754047191     1.32259528476         123.247514001    3.47411607925        13.4543600667    0.587458177419    
 184      831.214834554   1.59804553881        2286.93037373     4.57170924374         2602.51930249     26.112689765        21.7072508289    0.462242948972    
 185       100.34071408  0.803885421114        128.812198197     1.49302916107         77.4656637497     2.4859817302       0.533316715728    0.409765959708    
 186      149.742019681   1.08691063795        329.053602532     1.78734145474         383.213132514    5.03135747962        9.13717833026    0.502446655707    
 187      144.742139181   1.32691463681          283.1434703     1.80387734352         248.427423202    5.72226622307        16.4905252552    0.549857591275    
 188      77.8533724855  0.899944926572         60.466466491     1.23917749176         37.7223417155    2.78607270045        18.7253576301    0.539611182158    
 189      116.225432409    1.0530370424        243.093791405     1.74880178243         236.346248606    4.35029344923        3.76513527571    0.394397562186    
 190      96.2247929271   0.88089742889        211.443739776     1.55618030208         236.804679489    3.91888583295        6.83888505229    0.424292991707    
 191      219.843129583   1.29827164578        296.512464107     1.80912969215         360.801359947    3.70257329937        32.6617819666    0.597534734236    
 192      217.081030256  0.813699301711        658.564386557     1.76210870428         1154.57484074    10.8857819245        1.23172209433    0.500178345519    
 193       45.519618247  0.938170175209        72.4832198121     1.52059864314         134.332819435    4.85810499704        8.36907382996    0.647420130777    
 194      74.4739220005  0.874276187717        85.4564255465     1.67386795263         22.4958579778    2.66631222151        12.8216405517     0.46886750466    
 195       25.116827731  0.740536200865        55.2319262773     1.46313635396         118.292687756    2.93464511229         6.2750702268    0.402638792617    
 196      72.8703912176  0.836121765367        60.1785943479     1.43425694644         40.7687667935    3.17662442179        16.0940392844    0.520539171156    
 197      103.504025274  0.774790612163        88.9318361643     1.29490625075         60.7869062262    3.67002324991         9.8517294862    0.420738820626    
 198      42.5562041892  0.963039162978        41.7286698733     1.63591309868         88.9367192097    2.74122980126        5.97137048863    0.511950107628    
 199      282.230477495   1.95942509234        492.882590657     3.22504895379         617.181219289    7.79938236255        14.8809298155    0.473456529729    
 200      73.2898549676  0.795398283232        90.1705592392     1.62416863465         16.7144572878    2.86460279623        18.0112455184    0.459741193593    
 201      71.1775668534   0.99412437673        153.110711464     1.30565434155          129.86227567    3.20631044891       -3.81114716117    0.469831360438    
 202      31.4287865675  0.829634963791        44.1241287464     1.27516506265         82.2058232099    2.64291663794        6.56952927083    0.492521149008    
 203      289.798023386   1.01679082096        456.752000878     1.68619126204         416.304541683    4.07035569075         30.802330482     0.86712034662    
 204      121.426318693   1.23291253608        258.059865046     2.51683582393         312.361862971    6.76900043615        6.36118524565    0.499221418821    
 205      108.474976623  0.920967309857        449.656941057     2.23615856325         1008.87509125    12.5886328908        2.85175341585    0.483143677529    
 206      27.7021492437  0.888865374253        52.3402256627     1.57859928666        -23.2175220968    2.73258786788       -6.86420228803    0.344271567797    
 207      274.159725714   1.89974230559        462.103573931     3.46888592425         613.052822744    10.7397818954         37.024685147    0.634798385301    
 208      85.6058380134  0.830984572313        96.4279784712     1.51476214043         61.7208873609    3.09256574875        13.8053741271    0.401881153929    
 209      151.266421202  0.993071963264        312.474614221     1.86671363928         390.154801198    5.41417175788        5.20172718415    0.442612089034    
 210      33.2599298646  0.787833666072        68.9909523633     1.44383350813         64.5668826024    2.98674931891        3.31874096231     0.37395086233    
 211      81.4520592261  0.948773647285        163.102321139     1.56516527691         181.246807563    2.90851414121        -9.3067614317     0.47683964425    
 212      123.423734981   1.03293930201        133.103798486     1.76214859103         142.330082629    8.87399846734        10.8680745158    0.489600614671    
 213      429.480507587   2.72693981582        906.139966988     5.34153122817         1135.53146109    15.7962895996        17.5210866514    0.578835227698    
 214        158.6042609   1.68364847967          338.1490539     2.76383059845         393.569806489     8.8777457896        11.5133781494    0.605901639887    
 215      72.4655278034  0.772545643297        143.370407267     1.56363461532         109.935809393     3.3597158236        18.1555639132    0.345699807634    
 216      104.499687063  0.988023293503        123.332616763     1.43507015286         121.057585876    3.36219864283         17.123744275    0.429530787543    
 217      282.389578398   2.40153471075        616.859013627     5.01257438081         729.313396931    14.2525092683        11.8617278074    0.555609593347    
 218      11.8993022529  0.753326262435        47.7762913366      1.3625722507         145.259455306    2.88113260001        7.98482231184    0.350763565846    
 219       29.384843263   0.93836256767        55.3224211566     1.58376454976        -15.9803373346    2.94857067895       -4.73429194562    0.533891691489    
 220      98.8856371615    0.9158014078        176.283435529     1.21801181299          205.10431966    2.56829025497        21.7502630437    0.454936673048    
 221      223.882767795   1.45515162434        474.551699657     2.47720280081         559.942829293    7.29834389432        10.6039962002    0.552249986709    
 222      53.4873725977  0.773842605667        50.8021719344     1.52245861564         41.0439237724    2.05827584675        13.8922609958    0.442277407165    
 223      165.643851737  0.892496026403         280.45554383     1.47822292005         444.923932018    5.98873558684        13.6057191767    0.522975020977    
 224      48.0945104382  0.858009024314        111.830522663     1.54528024496          103.81358924    3.74439168424        12.3783172854    0.342207983931    
 225      124.108408612   1.04554395242        215.836752622      1.9079274847         370.012561034    6.76985115995        20.3775342121    0.516227847696    
 226      35.1165692787  0.834565882628        87.4766530314     1.43589713099          64.847189813    3.57115029342      0.0127663394874    0.343201513901    
 227      65.4279970007  0.786498010089        81.5716197244     1.42302365299          99.222180951    3.32176994731        15.2450004502    0.810074355725    
 228       711.40003545   5.80902329153        1588.35796183     11.7592890074          1981.3424874    31.6313469895        24.1945595618    0.651998402128    
 229      71.8408903071  0.827714113836        114.361776479     1.57077429681         132.664947889      4.124228737        24.0002513909     0.44256463814    
 230      650.859855734   5.45408315122        1444.37925885      11.632022756         1894.18170151    31.0618231494        26.8229773875    0.823753081225    
 231      523.709549592   1.63429528536        675.292865183     2.54928574518         742.059264793    9.01451535633        36.3212941069    0.539866489989    
 232      36.5323607422  0.757683662133        39.4218324392     1.48618655959         18.4866022956    3.68912378382       -2.72645907602    0.482477179569    
 233      83.8490055708  0.941137516809        199.395821176      1.7647994201         168.055346463    4.88006190414        14.8221313722    0.425528044216    
 234      19.3998369681  0.916867751374        45.2824511718     1.60464540791         56.8692384649    3.11031624499       -7.80819276399    0.461307998961    
 235      496.553811891    3.4004587348        1057.70409595     6.52638171335         1335.26882875    19.7820529821        18.7806591818     0.69636441704    
 236      70.0215707201  0.914564188033        56.8287569361     1.55073810462         58.1627501505    2.26106956893        10.6750665567     0.37130404247    
 237      62.6864637602  0.841839675093        57.3286574982     1.37809067812         72.3733175386    2.98245780013         5.5964215036    0.391065656187    
 238      140.023487078  0.882332727525        321.446427053     1.86848002464         359.752983067    5.67354882611        6.55194850586    0.539069379732    
 239      129.671901609  0.887469061086        482.751062447     2.71648954245         711.316159025    9.50458469021        4.13364744918    0.546808883358    
 240      320.119559461   2.03383643843        382.775522653     2.59627421719         406.284866004    7.38634521326        26.8037845784    0.470829457491    
 241      370.688141344     2.347046857        821.352453785     5.76451503081         1009.47248227     19.151940641        8.60408918636    0.542424809544    
 242      83.8194115745   1.16242172663        341.545235704     3.16209339653          819.85877948    16.0228914094        13.6473953578    0.419506773683    
 243      82.9090736646   1.01287384622        94.4463791686     1.68089710398         61.1370420236    2.93030745823        15.1675578055     0.44097572414    
 244      470.749550019   3.70852302055        718.807105702     6.09371201554         778.365954898     14.571816052        18.4039543387    0.646658048443    
 245      168.388877953   1.01030047515        271.838155289     1.52861050434         440.938649118    5.11569928192        16.5787052303    0.384328079661    
 246       222.62456913   1.27760406605        519.821635488     2.53793780746         704.219137229     7.5151730308         22.212733813    0.540269192503    
 247      434.019485773   2.82396205969        950.964636868     5.80736010178         1239.88916809     16.241000148        16.9019960011    0.537544201752    
 248      42.5345972229   1.21963649186        141.506968633     2.62009954906         126.843807981    7.45816976697       -9.52194471964    0.433380488233    
 249       53.047659056   1.02133067565        53.4038006617     1.40084617098        -4.12025000694    2.74890782279         18.161774468    0.552996276634    
 250       93.960870044  0.881353620163        138.933524199     1.56008757718         255.101267198      3.735112687        19.5983907762    0.483489785626    
 251      65.3246569736  0.884589597942        144.588472369     1.58791618761         352.368446051    6.34078166988        6.15852878595    0.613751418524    
 252      273.156231888  0.911437934222        331.394041686     1.46707647513         415.280883749    6.02946603859        47.1407761098      0.8311947558    
 253      150.464691622  0.913893934446        377.996281161     1.67967049564         486.844759205    6.48306531584        2.63952692592    0.443120988649    
 254      68.6860279806   1.08756751541         86.290840709      1.8344325561         209.230110847    5.64751573616        15.6686510027      0.5451453245    
 255      31.7569324844  0.814217457571        57.8723312791     1.50400231228         86.6191570913    3.16341755124         4.4587708408    0.372773558735    
 256      120.812431923   1.66111397694        154.757412051     2.00255414319         220.826140037    6.25022299877        30.9603079678    0.798238169504    
 257      356.908446447     2.040218317        575.283876222     3.23964048595         351.099810781    6.94378411866        51.4844010178     1.12473827948    
 258      50.5981903047    0.8645671051         111.26342049     1.63331879756         233.515268404    3.48152045355        7.03144069609    0.377451876206    
 259      119.268690987  0.974071343765        490.532074278     2.59920930782         1076.79153268    12.1986303961      -0.500491103465    0.319592033994    
 260      204.646915319   1.59532610152        456.999355062     3.43747538061         607.436793578    9.94859178286        6.01630738619    0.484952233512    
 261      31.0712936399  0.833325881647        73.9795355095     1.55136231642         97.5554409312    3.22813236681        8.25266506148    0.423890002492    
 262       55.556500333    1.1661363313        108.355778741     1.92713805648         202.647382222    8.43934883659        16.4677414254    0.689779675833    
 263      45.1861774041   0.77967971974        51.2352273741     1.59309172767         167.511110167    17.7252394713        20.4636283236    0.458185942081    
 264      43.5121351073   1.03580143489        110.052584494      1.9664345352         186.684258443    4.22531206198        10.9668033679    0.442678680454    
 265      140.085216954   1.27892994398        195.447048499     1.61252727024         278.488141579    4.72298954006        26.7788275557    0.482453602392    
 266      68.4192476639   1.10753038299        134.771146316     1.60288998569         116.334026592    5.23098040431        11.8378878139    0.539054092747    
 267      82.8955056042  0.750995689366        92.2521560497     1.46831527945         111.931899066    2.97006441685         8.9953672206    0.659412532667    
 268       126.74116059    1.3174872111        254.581080194      2.2925783333         341.023133432    7.23730647985         14.009335114     0.50661274928    
 269      92.7736436335   1.10103727697        199.699544238      2.0081869159         209.845706017    5.79952622376       -7.82383243843    0.396959384664    
 270      219.505498379   1.31054649917        451.198443989     2.46342092564         527.429310904    6.62840766306        10.1310554184    0.402051327801    
 271      77.8786314625  0.846429611688        210.183973837     1.41214199524         301.738349989    4.30602507231       -1.42870267628    0.552636526251    
 272      65.0950980503  0.895243390508        92.8205044947     1.34548501993         168.377868222    3.28956756069        10.5507381138    0.482330055398    
 273      38.4676090363  0.929010860247        55.5548662147     1.55482183888         75.6550835053    2.85735820595        6.64539207453    0.351905501566    
 274      94.6524960505   1.93757131713        137.501845748     2.39242395839         100.556395129     3.6166860232        3.69743653213    0.362093206229    
 275      20.2773342494  0.914397732636        42.1738856158     1.56093033641         50.1001409544    4.40508229173       -3.32953487072    0.337707504195    
 276      94.0190870685  0.917241415422        118.157007405     1.35764441016         131.513397183    3.92783555832        15.7605438069    0.530924418308    
 277      31.4211603573  0.749501598531        64.8057402952     1.48597680015         85.4846562699    3.06687640322        1.12877976408    0.369504960542    
 278      30.1481518589  0.904624718453        64.7388224792      1.4005068705         102.079597825    2.71537099232      -0.528041341604    0.486316808468    
 279       91.845374177   1.04824586689        95.9721299821     1.32963092596         31.8180780272    3.46651215586        11.8613952509    0.463764444482    
 280      57.3132223517  0.946758116221        91.7201228681     1.41295649326         83.8459353104     2.5703145408        7.14347523312    0.482670493771    
 281       15.453567645  0.830521833998        63.6123507537     1.37944170506         43.1196412407    2.58312633327       -4.18698877432    0.542877560616    
 282      65.6042686622  0.787546500332        132.904034541      1.4683254904         119.136638075    2.79281701693         2.0957130018    0.331428981877    
 283      38.9719651582  0.853752278939        55.2493295935     1.41289406777        -21.6352601879     5.2372073627        15.2567263425    0.362819323346    
 284      58.1585429492  0.921884252116        110.568971734     1.34585138449         77.2952630656    3.04435534882       -2.09431194045    0.641606934817    
 285      322.102366497   1.64648601531        705.983907601     3.32552167775         600.735438042    11.2333042749       -3.54362255917    0.599972486845    