# id F89 E89 F90 E90 F159 E159 F156 E156
  1    32.8524112117     1.16162370231   66.2516788741    2.41905469142   -18.2398362713       2.4121025684      -3.96408530071     0.696316403229
  2    56.7734937338     2.93782715888   113.323927665    6.74439100722    101.372129441      5.92567662125       13.5657581247      0.77329695531
  3    21.089221712    0.987791787598    68.2054421258    1.65779685818    143.950535243      3.01080392756        4.8498030176     0.638657252491
  4    192.991064432      5.6405150351   409.069582481    12.2616482015    359.316215038       10.239530178       33.4067308137      1.05666059557
  5    6383.69052085     13.2061965898   9269.68508281    15.3053024453     3682.9711998      32.7222694268       2001.21981265      9.67656453984
  6    78.8157759083     2.73939337735   151.324714955    5.10423210734    126.679996165      4.64025125236       20.8234954232     0.718061250551
  7    142.558474329     2.11769964627   196.715974091    3.73058452999    168.232896249       4.0630937641       53.5179829037     0.829780143476
  8    217.983908472      8.4832512007   465.872401226    16.1218316002    398.726499737      13.6076247372       33.7137738735      2.35846985363
  9    98.5019919024    0.839119111995   110.637589556     1.1944376453    19.9658126766      1.96511271305       40.9014939252     0.737608701389
 10    39.8768527757    0.725419260077   230.673183646    1.27649313263    212.074222409      3.00679568548      0.391753663184     0.554007242028
 11    167.974320427     1.63361949543   267.433047138    3.17984310743    124.676514985      4.38293473048       78.4118647077     0.732379253301
 12    18.9330514622     1.12427726265   53.8907361022    2.07298040932    65.2275874663      2.20341252901     -0.335747658976     0.513347042425
 13    73.8267567844     1.09442032265   110.011490698    1.59888118183      1.605760631      2.20970118625       44.9961806511     0.996693202345
 14    97.0520416207     1.40446967577   166.874077062    2.25719368263    116.446260914       2.3734440943       23.1966331573     0.537467996259
 15    99.0406783392     1.29428915829   171.962803359    2.29030022213    122.832988102      1.76207352744       25.1766011101     0.689060868126
 16    156.409650626    0.759409335798   272.168284137    1.19332046842    208.038243917      2.09130672767       76.5618770548     0.615603462264
 17    35.3128205935    0.671314552065   51.0822073993    1.25974542203   -12.7718387068       2.1037165192       21.0214607155     0.687290601363
 18    70.1660953378    0.519967283965   85.5684853791   0.815984816458    44.4985882949       1.9557069359       26.1121686421     0.482556801049
 19    233.309067175    0.841728122517   872.652654491     1.4926864206    786.717903364      7.86683842663       22.6297692499      0.59841210498
 20    638.549182956      1.8673449593   2147.53767777     3.9665728815    1368.63658215      12.9966932528       65.3999825289     0.686333653646
 21    100.225782234     1.25068767553    186.16708553    2.20918549641    92.8011617439      1.64224541727       36.5155473364     0.656472980934
 22    67.4247862496    0.735608868536   77.5282826392    1.34762228627    29.9942997747      1.80491499905       24.4184072488     0.598234547417
 23    18.8334090266     1.24352054057   32.9414352048    2.15295460347    46.1058008321      2.59450248197       13.2376039112     0.808022022468
 24    34.2982578949      0.8171462658   31.9594541925    1.34597927791    51.5847752613      1.56090596299       5.78952855539     0.641010714065
 25    144.830344032     1.89153620245   253.578808598    2.66231398878    110.577482311      3.43779432839       15.2444357094      1.18690245516
 26    135.677182606     3.54612163731   243.850533171     7.7026126266   -25.9503812095       5.7665134778       29.8345984536      1.45112803884
 27    211.092323319     2.51868520748   294.208204613    3.77619780828    194.331098462      2.74904611571        99.840374431      1.59811385132
 28    114.02015336     2.07205725918    202.097492632    4.85839439732     26.814711122      2.74376416165       46.6620404148       1.2861525871
 29    166.315443872     3.23971654857   265.551934485    4.63275913907    92.4568764031      4.20836730013        27.201163328      1.43857105342
 30    120.465028092     6.40337140711   284.197899868    10.8741827368    183.203384271      8.78048509363        66.218866979      2.74421284232
 31    22.0292801266    0.773692978064   36.8150944001    1.30834985447    17.3393048119      2.39479406146       20.3492716236     0.729263730024
 32    90.6205642873     1.95346922434   234.583567867    4.40027462439    77.2825771467      4.59817318947       16.0310857987     0.873485961438
 33    14.928179683     1.15441622276    45.6059779825    1.92877478854    22.2528156905      3.54603326452        7.6116431001     0.854622028842
 34    55.9756003484    0.760897503838   77.2186599126    1.07521151971   0.808849217731      1.96947082746       19.0932321435     0.644460515131
 35    52.5718669639    0.972335780504   172.942319296     1.6490022373     91.641110641      2.68385699983       19.8639287007     0.836208927846
 36    85.5836857467    0.789918781893   120.987246617    1.41020231966    85.8200809619      1.79257705828       66.4362261938     0.710088615034
 37    137.545051915     1.79675148035   311.744089436    6.21859077617    209.912140028      5.77427861239       78.1583597419     0.738979808857
 38    78.3209942683     2.16797618946   368.560779144    4.82091231978    284.401167076      5.20543062793      -2.03336250465      1.21191230955
 39    117.01082627    0.929312281959    182.710606579    1.61558370599    46.6482473864      2.97662506531       66.8172511068     0.781202103818
 40    226.269710749     1.76532041799   452.906799876    3.46881087021    262.149149306      4.41194577414       32.5953842829     0.831069603855
 41    66.2629148102    0.792820787311   91.5835311458    1.32921126646    2.11478475757      2.50363728257       38.9550505758     0.712359395295
 42    56.7941746991    0.688207199682   62.0209328724    1.38585327665    72.7726961193       1.7828920745       23.8823397719     0.584706709748
 43    27.719759924    0.867644690517    82.1934228417    1.58734371029    66.9390674315      2.37084725078       17.4934735261     0.553752060397
 44    24.7593861552     0.76473635764   78.2511320693    1.26543896948    62.0037640152      2.01378884035       9.23608691775     0.683176199965
 45    334.436440329     4.45852172034   518.036942253    6.05063328954    346.515491543      4.86441266851       116.020143296      1.90854047464
 46    236.605978668     1.27464920103   447.451760013    1.77617013075    175.622082771      2.23763875884       51.0990551243     0.689482946635
 47    52.7855761569     1.12850755939    49.973547285    2.46735025804    4.47794353058      1.85568049902       30.4556392753     0.813919737734
 48    118.348360177     1.13994268924   203.437101898    1.43846671173    179.644130574      2.53215847035       72.6875396932     0.775920067255
 49    45.259572398     1.25928758699    93.1423178595    2.27872669278    71.3854059975      3.08151474122       15.9325112507     0.636584229776
 50    64.1172849012    0.795619933252   112.984207859    1.26956602477    25.7608217492      2.03132755366        21.017128318     0.611683354067
 51    93.9423351311    0.697557521522   185.479789053    1.19178152068    147.660842384       1.4597922861        19.705398192     0.616550380723
 52    49.7280846969    0.721259111835   65.3686258764     1.4426107586   -19.1312225653      2.09346386411       18.0185125967     0.665177283576
 53    92.4349335339    0.865535555398   185.063125023    1.38568590101    118.686477848      2.58432951739       48.4300863135     0.725929149784
 54    31.6624332144    0.891254970635   47.0355503747    1.89855674585    45.4254854025      2.35751291557       20.9703537925     0.617835665152
 55    58.4608262423    0.999968656471   96.4381732339    1.44677714655   -10.9115425147      1.85194223177       23.1924173195     0.808849834633
 56    100.185771541      1.3344508001   165.975932902    2.27888611845    128.067388682      2.63131068391       23.5744546491     0.669192617273
 57    145.517606602     1.28384313761   192.829096005    1.79684963826    79.1665136065      2.12964212578       70.2368872096     0.809591353085
 58    56.0654917207    0.823344727177   86.6505498365    1.49566436448    39.2363707311      1.76872789266       31.2531002955     0.722666737878
 59    2441.71081519     5.59007227008   3716.00750497      6.713689283     1389.8155664      14.7472212804       680.418474786      3.80247585243
 60    28.3889982584    0.986410098536   53.3270014858    1.45862084726    3.02368735653       1.8791833196       7.98202166241     0.619238398948
 61    56.0742294543    0.935581352421   62.0311666639     1.7361394447    -29.339233714      2.21511842153       24.9237631977     0.597329533084
 62    49.8505803012     1.08132467468    89.272816517    1.70205675793    67.0812605978      1.73056693901       24.6008718105     0.655625691621
 63    66.3134577735    0.972131877509   66.7215423474    1.55623641535    83.4960529486      2.18670041881       22.1433311896     0.604517664733
 64    26.0365760742    0.710272958069   51.5768149728    1.41731914082   -18.6848267975      1.99162089903       11.3365188592     0.678558017512
 65    212.424871284     1.00851504931   413.037207805    1.76737086958    187.767523117       1.6953781209       92.0428995145      0.72931377704
 66    257.747220981     4.58181490692    621.80745738    9.65627023954    481.400152727      10.4129556491       99.8185782725       1.9515482043
 67    15.5928192711     1.03155413415   39.5885862117     2.3141221309   -6.83955939791      2.06621694921       5.06767604567     0.551257373495
 68    154.837557337     7.53248681594   357.969837931    17.9256466931    279.391534019      10.7742741818       19.7205129876       1.3521895338
 69    76.0717184857     1.10296249175   80.7063674687    1.95109814489    63.0104658408      2.70398270949       22.9233751534     0.688286322834
 70    101.66768377     1.06161370694    170.878407686    1.85270243256     99.983076787      4.08808178175       64.5685144809     0.949152958772
 71    40.0562754082     1.29867167605   91.6559493194    2.79685557951    46.2010488704      3.31980695897       5.40523548633      0.61442154096
 72    135.518887798     10.8913922883   425.784696333    21.1807400912    229.172402494      22.8437990542       3.14370716646      1.99528388836
 73    2122.81543545      6.7701694564   4915.72848559     14.935400659    2295.39908794      42.5145385567       282.037754955      1.62814144746
 74    4004.08646406     7.90911434851   7529.53300421    11.2764905523    3123.75107818      32.1291029332       724.277502035      3.19476413314
 75    38.9509730401    0.910561277641   89.8381390253      1.700551155     47.698052094      1.86298237383       25.7479858032     0.650427957039
 76    118.530112208     1.03481857057   140.034973935    2.04582450487    8.67810400753      1.97861224997       51.1686728149     0.684248530727
 77    76.3734483334    0.771672211783   134.666787909    1.36057526585    66.2438385635      1.60893705119       22.5504674394     0.619926739007
 78    76.157138626    0.941358612733    128.390832823    1.57382638648    204.606983208      2.50075568993       37.8791331063     0.864264869456
 79    32.9626477291    0.581514970241   39.6206627874    1.04093548913   -4.71893202212      1.27972382414       18.9845443184     0.495643111548
 80    313.428455118     1.29276163754   1104.19839341    2.90367240491    990.858142851      10.8548259259       39.4403742004     0.544784204669
 81    207.614072709     4.66412548484   529.703797829     10.492670042    140.865373045      5.55832979979       11.9446608665     0.865277949302
 82    234.907839948     5.91173568907   600.409677087    12.8104683868   -278.251893654      13.6447689111       13.5448637304     0.905302065001
 83    329.882724297     4.02676599634   563.657691697    6.34889882977    314.345505418      8.11769562715       108.623740887      1.68115735518
 84    62.5289730459     1.10106500897   72.2043747107    2.36717839524    71.5763057919      2.38234991362       28.7062187802     0.666760227849
 85    130.578993851     1.51117528735   246.536537973    2.68127857879    142.701418085      3.44566625972       27.2811278272     0.777842039881
 86    62.6435930206     1.42642155053   86.9486407169    2.43127029617    30.8069558252      1.55029288018       29.0166983034     0.702024682111
 87    63.3225012263    0.499116046991   80.1102172491   0.912648378237    47.2613468816      1.40012057839       35.1230641563     0.498239576769
 88    89.8292956181     1.01707920759   139.921608555     1.7338182492    95.7146646246       3.1938206767       42.0767570704     0.844826263071
 89    27.4560036273    0.813117231864    101.52151872     1.4736538404     175.00005373      2.31282935842       -1.6103028465     0.641824394963
 90    136.034594531      1.2522129845   260.714706442    2.18321088757    111.801316972      3.51045508457       87.0062063491     0.833896952976
 91    3543.14139027     41.3256569129   7901.09993394    84.3171383142     5373.4771312      102.940099448       604.355371847      8.97008538533
 92    44.0375972696     1.21382771641   74.4279534199    2.44122509368    115.541246867      4.15466962657       10.2357152926     0.628096960733
 93    33.1343194136     2.64950583456   123.876638926    6.92829714784    37.7062655146      3.69629306878       3.44894757759     0.723695957145
 94    59.9164629349    0.824219285831   119.719979779    1.40354682599    96.9612118043      2.40502045707       15.8723131454     0.529490122666
 95    36.3636137156     1.75979597495   81.8493913351     3.5991171592    97.4890630469      5.22065312838      -5.33972578366     0.914151152063
 96    31.0437458236     1.93897880527   85.3182326825    4.26812824811    86.9451336916      6.61908782882       8.84019833531     0.853367304226
 97    908.195082954     3.13708927882   1270.64018584     4.3634104365    2058.48102985      13.2291726421       415.819520164      2.34415785056
 98    357.776268414     2.98072339268    666.88397934    5.08168677336    398.158738991      7.83300907046       84.3435569793      1.22489774442
 99    53.1508529361    0.742129637079   65.8608127326    1.41464460769     30.458468386      2.30972693699       12.6265567323     0.642756236749
100    457.034937742     4.40980373625   922.571254546    8.43947210687     542.83953386      11.0088136916       91.6679170679      1.40535609909
101    41.6615577287     1.52247940522   96.1617972983    3.30386481967    71.2511254682      4.58336430083       5.21740386443     0.638240157367
102    104.248093451     1.02853941285   117.350470434    1.54981694717    38.3538608923      1.56061499442       48.0680964872      0.86818141271
103    13.2516680457    0.963458990672   37.5287407906    1.65898497881    36.9530981414       1.4170437304       10.4544168008     0.634777793234
104    50.5568308842    0.760362567057    81.814069009    1.35274471216     32.729073768      1.93762422761       28.0800746045     0.620729916804
105    173.862257776     2.16691205447   359.174272469    4.36306687925     244.48016995      6.15276221266       22.0466830623     0.895799033952
106    17.1035513083    0.715888534077   96.9171439187    1.11792517154    195.885458203      2.43483116101       13.1926705185     0.667293341649
107    19.4894201499    0.714613361995   42.5499789196    1.29080614718    10.0262680137      1.84145422449        5.0809595374     0.611828198859
108    61.1584455989    0.818172180553   122.867886478     1.3866593161    81.1168507817      2.48038723148       37.4091349879     0.672067573238
109    400.589023929     12.3994876061   1789.20414069    22.7465590098   -3096.10939823      73.7059388721      -86.9969205501      3.03822527764
110    75.8127177456     3.08381371991   161.369304576    7.71254651802    82.0907837657      4.48935363626       22.4284609651     0.921390650026
111    247.91516571     4.79418538898    472.590996244    8.24815205935    299.793311258      8.41732772459       59.9404181741      1.54869374939
112    34.1657647779     1.11980072158   82.1981177089    2.03953014061   -6.53015029695      2.21555071918        24.366292996     0.608609570062
113    55.0504630884    0.890118445379   112.250304119    1.64203130423    31.3331257238      2.27734380658       14.4329450151     0.646759746915
114    318.822885329     3.81952857494   641.325448436     7.0294066397    649.688957778      12.4378235152        133.35463701      2.06991161242
115    318.753922943     2.93751542965   629.038456804     5.0717955995    390.310542214      6.64305411612       71.2586073693         1.22405391
116    187.47167779     2.38924033365    371.249218347    4.86279432897    227.018743112      7.21978223387        45.610580711     0.949581589334
117    21.3084152834    0.718710201003    105.13570453    1.35714572664    191.523892347       2.2756858575      0.992240299228     0.664849116835
118    57.6368221295    0.718035868702   111.725892065    1.36045850958     119.24174651      2.65996674723       23.2645417171     0.634072796195
119    31.2270658513     1.24055034539   67.8419799461    2.06654461741    80.5908317034      3.62975810868       2.92020722096     0.682361997162
120    59.2598354446    0.973615930553   114.130702149      1.734861284    91.9511494133       2.7549524991       21.4754699294     0.614190280551
121    75.9461953392    0.819277506569   105.160135298    1.36010512019    10.1040481116      2.52065746447       29.8227646361     0.720381053762
122    32.5930537322    0.913734203392   78.2974068649    1.49850383284    72.3870003151       2.6733402696        11.851435901     0.797713991252
123    96.8968601187     1.03606733262   128.854960772    1.70504704597    70.3027060223      2.07014621999       53.8997273341     0.805654191417
124    477.342304612     5.27401451376   990.746930198    9.88951918529    621.743564571      11.7699064574       101.543296211      1.48291864174
125    32.0018670555     1.55437831382   54.5920522847    2.82237142446   -1.35559720505      1.90225432168       18.0111779653     0.792744605214
126    42.634663964     1.75166196004    98.7635960628    3.28133274434    38.1663462065      2.68951048958       17.3419536794     0.868268313719
127    32.9296428694    0.852605652809   86.8692278346    1.81579534547    72.0804873617       2.9983599822       11.7080306975      0.56181276126
128    44.6473769527    0.755835700411   67.3229217765    1.28943290668   -17.7387086976       1.7287959045       31.9044312191      0.70275379078
129    81.3584335858    0.701297189119   188.880752761    1.48036429914    138.254375572      2.86292980193       27.8649902838     0.669518470798
130    2948.81213212     7.04590499162   9876.92896726    18.2191018778    5866.01421782      57.6484259107       230.165693387       1.2741848257
131    50.6788369117     1.57844251344   84.1141119883    2.65616112674    101.743236099      4.04378695498       10.2426795437      0.73639573516
132    54.696608473      1.4802132625    88.0465120368    2.38723571151    51.3726470376      3.26994554323       16.7623144114      0.71091440488
133    137.982400564     2.47499024105   261.493527493    4.64991767443    207.201678243      4.45536747914       33.6570159925     0.926462297166
134    56.4565556991     1.94936887428   86.3410884206    3.36443030583     103.42446914      4.14180108072       9.79330410403     0.780592098575
135    33.6857941737     2.25407587528   88.1251619557    3.43328859887    87.9286288568      4.30423484453       13.3266437474     0.737870954654
136    23.087346444     1.82057548106    50.1211953524    2.86657294389    59.7781997943      2.37965929805       1.38568846906     0.846286384152
137    29.0025924139     1.69862089859   45.7841927399    3.10114249859   -15.3267266452      2.63399744562       11.5410087071     0.742419450631
138    27.0288290006     1.88397481816   69.5159513968    3.15379637115     31.661295765      2.34543078226       15.3574386061     0.805057886756
139    38.070054851     1.66629883319    51.6469879287    3.10281238945    45.5220165021      1.96376492332       10.8514291121     0.727702586014
140    43.2757189541     1.34105853987   96.2113776622    2.81271511547     20.703035295      2.16309171831       15.4499764484      0.73940893581
141    24.1742207598     1.27156455928   56.8141016046    2.50895853525   -27.3949235312      2.56752481142       10.9500502793     0.796663216712
142    101.951487828    0.612880915592   149.590158195    1.44014561437    43.6386144049      2.34344784803       21.4148031762     0.569449960332
143    29.7595215918     1.73413162135   57.0821011582     3.1764680735   -36.2080655736      2.27644064216       7.50027233138     0.743662876075
144    43.8592337534    0.786569996477   64.1396858551    1.28697331769   -33.6525856754      2.55861382256       28.6870725929     0.705313957858
145    148.13026165     1.11636257418    164.734668539    1.63030935045    103.763047495      2.28165908035       104.058513863      1.20992282675
146    103.11149593    0.928156844315    166.171380222    1.44314617257    113.982692133      2.23287965396       40.4067503024     0.724425078654
147    16.4803881834      1.0834066332   34.0593959082     2.1883185332    16.8792473058      1.61687842458        2.9203775706     0.679730657472
148    180.049633197     1.75234287535   306.247674219    3.33832822523    206.261485024      4.78197996824       49.7006914678     0.763669040904
149    18.4305322512     1.13358762262   30.2719730699     1.8164020986    28.7911320198       1.8813421195       6.55532980935     0.646272079924
150    43.070761173    0.775380098308    86.0816081762    1.29371645844    65.8131723712      1.93444291608       14.8702864316     0.712289110358
151    55.9528915522     3.68284412445   200.533308717    8.70221629136   -148.283080378      16.2985279117      -3.24301471199      1.41323836546
152    36.883392543     3.60887542919    58.0514769224    11.3137390542    140.602167008      9.81081399864       13.6252018266     0.684742149237
153    2.25703977378     1.49052589801   40.5531381253     2.2847096883   -21.4650359952      2.45382654969       3.15737099529     0.674103230438
154    101.222222157     1.29355963408   164.484972757     2.1459165959   -71.5914794548       2.8605118325       17.0056128769     0.758001464228
155    146.248627854     1.42749922199   192.650483397    1.88587317521    72.9031220868      1.94336223038       51.3838108294     0.758520702774
156    48.0944351077     2.96662483067   239.028506596    8.96036972627   -96.8790470758       10.898603371      -8.02533492563      1.32075582097
157    53.7610797971     1.61504222092   117.929076853     3.2090903265    137.966789153      3.91282713478       12.8545727371     0.851927209173
158    131.434845476    0.975936210408   156.052947631    1.54482752985    32.6497773531       2.4822652368        64.104883376     0.834694575323
159    15.171888566     1.26294458066    59.1992769328    2.30834921874    43.8833555953      2.58047898703       9.02604372116     0.757046078303
160    41.7792469204     1.63216548787   88.5896466046    3.19708103152    41.0300436962      2.37219154884       9.33516331578     0.907989968443
161    186.289821924     2.08591970477   405.113748631    4.43444139957     237.17773636      2.71030477851       88.0139057792      1.17330903624
162    17.5626154354     1.01038781884   47.4918638277    1.73481658856    12.7991812975       2.0652668621       5.15160177799     0.695039893619
163    55.1826469843     1.04314844266   99.2659592204    1.30517020031    75.8485570605      2.00428392074       15.3424388567     0.637844736838
164    97.3688438544     1.28046797569   175.727657243     2.7476308563    159.958619654      2.97730923732       43.3842359279     0.781669652515
165    81.0400906243     2.19623940748   176.604516852    5.35877362259    74.0073548816      5.11881944707       8.95891008487      0.85725330823
166    77.7394645461     2.66926969764   170.456692842    5.70068377964   -1.77299844439      8.31046222946       28.7968180151     0.952451263763
167    65.0438300638    0.901953488946   127.827839058    1.36110187464    92.8819440065      2.08436202473       15.0493010412     0.718762886999
168    51.0541287715    0.951393354558   91.1140800221    1.83866473402    38.6493037353      2.13818763495       13.2820711488     0.559913416865
169    293.047633337     1.83546122679   501.001286926    2.81565169112    328.788351255      4.01487476374       103.975768897     0.760622760227
170    578.35626202     2.77139098674    2264.25184014    6.07826083126     3742.3106509      44.2861137848       45.3920658546      1.09931993494
171    21.6005491156     1.09917476898   37.8445691938    1.95618060691    26.3569757148      2.53193853773       11.0871794264     0.661095361211
172    48.0131685311     1.77928270088   76.2913249557    3.56106882241    39.3135105247      3.65241320616       10.3689332864     0.761214425546
173    47.7985837821     1.97002360912   89.6292020937    4.00580260428    71.4371901074      6.06143058224        13.017323492     0.784768359897
174    38.6035292575     1.57378298085   114.282358504     3.2167337914    149.660322716      6.92033538014       4.10362319339     0.745298604853
175    134.219611418     2.14952949945   335.372104802    4.95953058064     160.47781104      4.78148192854       11.5227927401      0.77253655788
176    126.229165495     3.34377639988   270.468529792    7.13211972018    295.014996143      7.93734577729       61.9030193872      1.70485824067
177    98.0993020732     2.55703773973   209.444884963    5.38179220872    119.521156307      4.60545514677       9.33589053241     0.938490459779
178    147.100265381     2.00015717402   352.772218809    4.43380163682    149.723904999      2.97324571496       11.5114537497      0.73228454801
179    18.7135592377    0.741121168361   41.8931485117    1.18579761558    52.5792805895      2.38839755985       9.56268306335     0.596517550832
180    4937.40053957     14.8397483325   7095.01797786    19.4248825018    2704.97390835      37.1693706305       1685.24668857      9.45079727827
181    29.8121764709     1.06021492353   57.2614989229    1.73119419443    22.2422469105      2.22406328432       10.7511816415      0.57401523735
182    230.028148975       2.586525792   462.351916781    5.11002872204    304.120067908      5.13728671064       37.4360455865     0.782302192957
183    41.9074213276     1.05164903336   100.597414011    1.86544841679    30.6478144168      2.56702209006       1.44447823423     0.785228815454
184    53.2266927384     2.46185299181     100.5371109    5.12756862517    161.985531683      7.00044464326       8.16661282892     0.801924221596
185    180.471379787    0.791733986264   265.464498032    1.41254436408    178.344007106      2.24978497866       92.7053564129     0.737745252726
186    19.3001430567    0.985623250168   70.9151157441    2.37597721304    59.3461483815       1.8849886025       8.45501769922     0.709256151435
187    567.226991428     1.71982056353   1901.40801422    3.67188406176    1229.99965232      11.9995919125       39.0503091912      0.56266009116
188    111.751572631    0.968639460934   146.039472429    1.39172808081     68.716226474      2.48283902582       65.0430339884     0.833107158515
189    44.6461626663      1.1339704721   166.934010086    2.32985767918    233.363873408       2.2129914743      -6.70752375064     0.578697085991
190    28.3053214337     1.21224050337   83.8447407682    2.46223730436    22.7471281108      2.97580100813      -4.98880973238      0.76601096366
191    235.868534612      6.9453595771    538.95767093    17.5715179107    340.255372243      9.47294386296       28.6148084772      1.02976401568
192    87.1398703095     1.16826372091   179.064018877    2.23953346399    85.5470100521      3.52425582658       37.6362034355     0.698426535953
193    62.9627891273     0.82031540536   129.748368685    1.47627570792    21.2746039923      1.88887511897       17.4532838751     0.637652675034
194    1.71709902567    0.571459378333     22.26300817    1.04331648196    31.8473962005      1.79876565038      -1.20743841382     0.408284485743
195    90.979862648     1.55203044994    186.951989465    3.03372754021    186.169218498      3.04891429555       24.3243138214     0.760718106773
196    84.6066969575      1.1156990747   125.450084337    1.78030773376    46.2647183341      2.20764131873       58.5266700532     0.727063081743
197    73.6509880261     1.24647683097   293.342196064    1.98030197411    322.455856291      2.64438068452        10.840814337     0.590980007053
198    73.9974140257     1.00971156134   124.081400333    1.75201557566    82.1746113523      1.86404644567       27.1588520614     0.674305543964
199    162.926882898     6.42279503666   353.670905667    13.6903484686   -365.382858977      19.7478411192       66.3156109764      0.93994322985
200    193.296050047     1.81261007539   355.984507491    2.92255973408    130.639651861      3.17476727091       71.8465445637      1.13951410248
201    72.5318101675     1.09863021208   152.357184179    1.86850078451    159.921383515      4.08188195771       20.9036981267     0.853644436681
202    61.0973202896    0.623258160232   66.7670942171    1.22469114503   -4.17508616788      1.30696852677       22.4188813681     0.519426549089
203    214.30181142     1.38980125705    615.419418112    3.44418216009    395.327270624      4.76196599119       23.0012163334     0.762325510775
204    3.69354334775    0.631757467486   34.2172022518    1.30437012299    17.4135760758      1.80569348729        1.6719598725     0.489453034537
205    29.3887029928    0.936724869113   89.2309820934    2.27350649611    68.7622670447      1.99869515004       13.3020693633     0.789892518707
206    59.7399534479     1.08935842528   68.9936313983    2.34279216555   -1.70382524518      1.57273491596       21.4771307315     0.626986238874
207    120.333419016      1.3997497344   388.527335947    2.83291272623    505.589708231      5.48950531897       3.08963826283     0.736266976058
208    24.4111929929    0.835375639073   39.3786801827    1.63109291487    17.8378517057      1.75454546831       2.71505168119     0.637495456721
209    287.076364614     1.37017337306   1022.96052553    2.78213400623    1173.10448225      12.2319927583       16.1289633505     0.514612507423
210    145.043305154    0.909513598615   356.080737569     1.5830711756     190.65779573       2.9146434453       11.7357523414     0.703788271442
211    40.1581732882      1.8185365476   76.2962625676     3.8448076765   -1.82736973976      2.28615451999       2.32545294259     0.662744209713
212    29.4265761878     1.81591954606   73.1298969802    3.38532742807   -35.3233978918      2.67144302334       4.10868560405     0.647382219609
213    24.4930704955     1.64327482622   71.4684673838    3.35026337078    27.7024468246      2.28801988209       3.35655313685     0.668594981204
214    36.3785979441     1.78576068402   80.1247591435    3.96384412605    23.4288744499      2.41003114754       6.97064200788      0.60067364185
215    33.6430401896      1.8732611428   76.7560808876    4.23609981942    42.4280470398      2.50061252458       6.70385945306     0.590541825637
216    50.6243920064     1.56218018571   114.556203472    2.62424976659    81.6789428645      2.49439850351       10.1446753744      0.61660265271
217    64.4224880102     1.06060329045   146.183210546    1.86638406413    97.9225441397      1.98005128411       20.0928127628     0.588894712805
218    27.5282188203     1.06089477353   34.4126495337    2.62882411778   -3.44209992604      2.30173265235       16.1186364223      0.68166003494
219    31.6933919185     1.78930046752    81.245766308    3.93488056675    12.4976266222      2.48243580844       1.13501579708      0.71806611922
220    17.7112616727    0.936346952793   21.2668076986    1.54885584721    -8.3396712841      1.84703505034       4.15673054399     0.686650192824
221    17.2065779038     1.17106340179   17.8335784538     1.9557160892    33.5016843832      1.83576516833     0.0134209819623     0.724089864453
222    85.5664874676     1.02284953157   99.9630512756    2.41466885897    28.0703216396      2.46181804021       41.2877380082     0.575114623079
223    45.9878790118     1.84588059224    80.020946486    3.45427170738     65.078757654      3.02842257881        16.240569982      0.71636065404
224    164.43663832     1.92197975617    331.660295311    3.30496254622    256.458263197      5.17195929311       31.4479851666      1.06729981834
225    20.7917935691     1.52819378817   86.5481236907    3.16592530586    44.7969143149      2.35160724624      -2.17762796451     0.677959511105
226    16.4132633301    0.968627623533   35.8578063577    1.87778410605    1.75490271339      2.14266796245      -1.56126601285     0.657557963762
227    90.7731421987    0.721547768346   230.691246708    1.25538244636    191.529452738       2.9308467239       14.5536582936     0.839437762245
228    44.982852123     1.13978965476    101.615259461    2.75175277829    59.6655899269      3.14826539472       9.53735074762      0.59907708866
229    203.207188709      2.5619461388   240.846947704     3.8628352808    163.347332303      3.21829450169       75.6168831075     0.969247900141
230    70.5933230469    0.784057850383   321.373708528    1.53693280491    423.624535084      5.30786044884       21.9709840259     0.660788397954
231    98.8482113424    0.876401932542   141.053494161    1.70253888052    32.8584272855      1.81323094971       42.6892103358     0.701400130805
232    61.1384521807     1.51003452022   182.784297007    3.53394092517    93.5446378725      3.43512226578        5.3929946481     0.556470883987
233    37.6464241933      1.1987625941   103.650856846    2.31723252724    4.08129100532      2.01494336292       6.60985665367     0.593827410407
234    51.865362876    0.858176998102    107.690257755    1.44967062262    14.9021596124      1.87902166873       9.35068617075     0.680672442021
235    68.4177105653     1.13601499033   135.215905369    2.58272060759    86.7679051383      2.73355849242       15.6021336845     0.668075790442
236    81.5698485864    0.904270295875   216.464291009    1.52272806099    212.012743803      2.32514159322       17.9437638445     0.566650395095
237    2032.56977657     3.74266957952   3143.70673549    4.16389116517    1253.27995384      9.82805249494       606.496029314       2.5411081044
238    159.362683958     1.25764656824   351.720297807    1.85744631986    166.048823785      3.02902486762       77.2070881365     0.801533824418
239    38.8170767936     1.83026644331   93.9155439788    4.06777560339    106.550066509      2.87248577434       5.10902543694     0.603815270224
240    28.0934399098     1.93100622739    86.383613896    4.16453676052   -13.8051275801      3.88499949644       1.41595909208     0.681406778932
241    18.8551288452     1.21095758087   43.2961859371    2.04176186146    44.8222323869      2.44255682911       4.45199128581     0.689093000634
242    79.1259999646    0.812006743791   143.787467452    1.56047440091     57.589074958      2.20544617925       5.68233122229     0.597747998255
243    35.7231275728     1.72114397191   78.3645923401    4.02222340573    40.1379386926      2.49051382528     0.0789056367853     0.703787244859
244    45.4967755685     1.75827949839   108.150764711    4.13070522752    124.947193792      4.39546195887        8.4500127959     0.516309660766
245    70.8856035916     2.03839073931    127.07199135    4.51437770053    98.3861529188      5.45934374972       28.9196179436     0.899062423032
246    45.2236977441     1.76933027731   96.8635263939    4.04300674918    102.534607891      4.36345666301       14.1494412517     0.560337652418
247    59.9649797195     1.91171803228   132.946207237    4.25666135737    181.174379899       4.7390110336       11.8124501917      0.61516190858
248    36.6683420688     1.82428229307   101.786765181    4.27534672584   -1.68369760603      3.96628993036       8.05833917473     0.630104092383
249    3477.26879104     7.38577019668   12758.4504599    21.0179953112     8443.1231193      78.7029960343       273.465614504      1.20223071218
250    61.7345576283      1.3970613062   176.420602045     3.3698705093      180.1656068      4.82136036789       7.02631987298     0.648635717507
251    36.1190565937     1.79083751448   97.6349633022    4.80175047698    170.383809298      4.35664990443      -3.87722257575     0.613787230698
252    2452.50519333      4.4376745052   7503.45061912    10.9528819888    3967.86420482      37.8680941254       209.265173614     0.933237372905
253    46.1322654612     1.62070420233   110.859737503    3.56492570082    96.5887815239      3.62319486771       12.1700502438     0.705941242176
254    109.253241693     1.89981995084   237.598973465    3.28846085888    121.943071738      3.13837624894       36.4638739851      0.95311380582
255    202.627692163     0.90409999757   383.394890323    1.55619207628    190.726163058      2.66891295679       36.8332306671     0.669322055094
256    93.5891471995     0.91046457693   245.062697051    1.55032402868    166.044928174      2.05287571508       11.5104464018     0.651112217383
257    61.5478877068    0.786639033045   102.524163016    1.42872199404    47.7001892627      2.31170257094       23.6485124275     0.628561844381
258    81.0918279927     1.63241964925   104.821172346    3.34167868561     124.62149065      4.05531797872       38.1818095883     0.886248314909
259    487.679718175     29.1848409746   273.010464849     53.647026607   -7129.01531146      112.166796207      -278.731989918      5.48397100651
260    20.4538019784     1.08710126511   46.7144726311     2.0117263502     45.837613407      1.87935684362       2.94709205893     0.636668510348
261    87.0029269528     1.87285695411   186.223217217    4.31688162112    118.576238017      3.90405715594       39.8126994998     0.822687365886
262    36.6548617087     2.47265190568   63.9344654331     5.1855846417    115.827731773       4.5389646179       3.76118864019       1.0601912073
263    145.764875616     2.82177927952   630.501204962    7.24019597656    698.287085265      12.0616304208       25.6917082287     0.884165114979
264    243.383375291     3.93771324068   510.270646313    8.87955640888    408.195549862      12.9830435439       51.8649249694      1.23690889975
265    32.544251165      1.5107277434    87.3878340831    3.43345399915   0.881048132806      2.64423408149       1.28482971508     0.687221676634
266    30.0790155459     1.70219755726    72.097566153    3.59580438854    28.0396943773      2.43760370749       4.31687880994     0.676633557024
267    36.1630219087     1.68275980363   84.6038753564    3.72995275985    48.6073794925      2.38126713671        2.7028757169      0.70003029464
268    47.5371854714    0.746608763908    100.19643217    1.26385184099    64.1580584365         1.88278779       17.4608588364     0.656893861751
269    121.703664364    0.976577430014   240.396730547    1.64430443532    139.895539843      2.72803206405       56.0127125796     0.849090465513
270    28.5104282678     1.49308852671   73.0964158837    3.12556285262    47.8754821789       2.6369597517       4.13851062567     0.660389483556
271    28.3389784647     1.69978342338   83.3228521095    3.82818978637    41.3993465936      2.70628697794      0.365366735191     0.693082280596
272    43.3279932505     1.52708143098    86.834450672    3.74704705643    5.19774520353      3.03441059689       4.00768326385     0.774408765228
273    29.8582423918     1.60732857829   78.9905632333    3.48915741399    39.2420682023      2.60958732473       7.54646576562     0.689363990805
274    138.464014518    0.993127712275   202.557219065    1.96168155322    94.8856790228      2.09656933277       38.9163015035      0.62967567896
275    57.0738546645     3.02053290978   104.354357659    5.78729553678    105.304336301      5.89930217246       7.54762818604     0.794662432939
276    79.6768686936     2.23849977425   212.101035352    4.76663152301    -215.69196946        4.200664862       2.03006084471     0.857214331744
277    32.1128450497    0.878295062781   49.0849128581    1.51292662639   -48.2280147394      1.53111228616       13.8422904249     0.668203454809
278    31.4708034629     1.29991412792   98.0483723333    2.95956917424   -66.5454275573      2.95605493831       14.3198409726     0.770482857386
279    110.668322101    0.945561902793   234.810131262    2.13991911125     107.10276603      3.57273326313        44.018354732     0.756569484877
280    27.793423107     1.70257964474    83.9538744478    3.33277295654   -47.5529025536       2.2940258342      0.700498495038     0.646242737649
281    57.2831569279    0.951969720797   51.1316012635     1.5165818109   -19.0757968214      2.28104314003       13.1869052103     0.670536122215
282    20.5778689725     1.43496709004   86.2960096469    2.99182278327    23.3504723718      1.88966442198       3.63650185578     0.646980767143
283    30.3043804307     1.82752221447   66.4457133597    3.60247559677   -6.05913358427      3.03391817103       5.60594256737      0.68612923148
284    71.6043393891     1.90845706984   131.968399044    3.91545909088     32.590764478      2.79901977052       21.7270288805     0.700100010368
285    1383.5527071     3.09598371387    5307.26162146    8.72141734654    3759.30297121      34.0907651884       108.157091559     0.740256276706
286    116.874307965    0.694094849407   268.683164579    1.34289425162    134.008148343      2.82950370904       34.9250160637     0.798228754907
287    13.6455073375     1.30749531892   28.0340444313    2.51732386685   -12.8576905563      1.81772388705      -2.06674422415     0.657667211747
288    34.1234695665     1.57519648813   85.2397834703    3.47756437702    33.0160769477      3.84167763058       7.90623541398     0.671865566105
289    24.0863937933    0.695091843647   43.4843501565    1.41454516474    2.05578995578       1.6530283549      -1.09966961801     0.604106373387
290    18.6783052787    0.715264510197   65.8195334558    1.35211126943    41.4694124075      2.20657936951      -7.81498366608     0.755541530385
291    73.1177406722     1.53364094705   167.044875387    2.80897839606    154.504357166      3.89146235145       24.0125132395     0.712891955606
292    35.2741575016     1.40788938814   81.4984290659    2.78544827748    -7.5423581838      2.79275019559       2.91276382912     0.683101395446
293    39.7577423996    0.778396149375    164.89832514    1.34955226687    137.267258713      3.52526564706       1.85324215455     0.669337962393
294    42.1535515921    0.927157852693   126.564412112    1.77156334801    40.2753191917      2.83255954203       17.9269543104     0.710426729585
295    104.769769593    0.837527753186   167.840001052     1.1674293539    99.8597301575      2.08600012583       29.1667323556     0.660148092446
296    118.601512412    0.779371197472   193.066684561    1.34909139606    182.834626238      2.93984148133        44.627229635     0.652781010117
297    42.780074961      1.0249599608    77.3923765551    1.90068565839    86.1398488652      2.07535149956       4.57556472429     0.639741948361
298    28.8790305984    0.803864483067   35.5544900806     1.3969361335    8.02765897403      2.50879345785       10.7794493406     0.601486691476
299    13.5196378612    0.875535868182   50.0750804544     1.3575509429   0.334564498829      2.00074613425      -4.07221497504     0.826487520894
300    61.4547236593     1.45719502049    207.51880478    3.13281769863    76.7678809037      3.33463898439       7.14550275706     0.739820663042
301    35.5769096818     1.08522677568   66.7683555987    2.60299116565     98.695254055      2.33680037648       7.33436320592      0.57522650307
302    115.764810805     2.68526301548   266.751754683    6.99013263015    194.760458125      7.37365027468       16.9018318921      0.80795112486
303    33.5071427209     2.30121739404   190.041963461    6.17183114735   -81.4649631446      4.02295590074      -2.01821699812     0.730347330753
304    26.5927043014    0.800653934422   55.8420059478    1.62954643175    51.9214607951      2.22639470386       6.54537696815     0.592342091112
305    41.8249625743     1.25598548899   87.2960845796    1.87096361972    60.3664217352      2.30870918035       23.8386708065     0.652942635195
306    61.0207096642     1.95623573735   208.759700606    4.51737540991    63.7097848454      3.88108523318       5.24913463121     0.703940389817
307    88.3792817093    0.874507248026    105.58575903    1.26421518021    59.3021654855      1.82922600133       40.8295317057     0.787192206264
308    16.7007771218    0.915413540816   32.0081548812    1.64008903903    10.4476694418      1.83681088232       5.80001368655     0.548696138984
309    20.6553531015    0.679213442971   51.5916985626    1.23815329908    3.01462479826      1.91807569086       10.0243511732     0.716206631618
310    67.4067611086     3.35395539384   192.498975409    7.89807540439   -79.5861648047      4.82930032355      -9.04198424337     0.843389916787
311    97.7487422635     3.27980177401   276.702057294    7.16952288333    -37.548177918      4.48181315068      -3.12181535751     0.780176745723
312    198.21548493    0.770258417757    604.909959134    1.65353175496    385.841493836       3.1055223372       18.1623654213      0.66988071261
313    2294.10437578     4.87661192682    4114.6127185    7.20099469859    1803.04905819      14.8548528368       515.414205856      2.40680592431
314    59.0016136644    0.738614397591   132.431190118    1.42199183315    121.877183456      2.43209706617       9.62944607862     0.568384164763
315    64.0290011498    0.759275896352   151.547939966    1.61325450204    142.516368522      2.24483226732       28.0414689026     0.633820805459
316    60.7499583774     0.70578268408   130.944635872    1.35440244532    131.174026542      2.27994557589       27.4815797609     0.595968048782
317    27.091520131    0.761043394406    143.245202141    1.45759511202    224.160024205      3.62549827214       9.59359958697     0.711752602714
318    22.4388820274    0.751020458458   57.6741778682    1.17342671795    48.1768205898      2.27090068758       3.57396214628     0.756941464212
319    60.6850397569     0.80644627833   92.4301844246    1.21013523398    123.586313478      1.95055932584       25.6006848865     0.718640987549
320    53.7323280373     1.45481170991   107.223632961    2.92448718333    72.4712337952      3.72658943442       27.9955841992     0.804717210008
321    49.0491971953     1.13987140446    98.627363901    1.66913609117    59.3058777373       1.6178547667       16.9663399344     0.700795577102
322    494.735441766     1.34095902041   1798.55371052    3.74401574061    1608.61058032      13.6534821749       30.9628044422     0.662329294686
323    99.5192351579    0.775677197706   164.235974055    1.41663003006    95.4101020642       2.2155335161       44.6428665671     0.827614955985
324    185.396290018     1.61970672458   455.141304656    3.78913594391    268.722651665      3.21421493212       71.7796598995     0.949152516352
325    77.048005094     1.00451296297    129.038904559    1.37648466186    159.592102193      3.18551540386       39.7547063059     0.694118205114
326    35.3200188594     1.67705729144   54.1599031694    2.20514397239    53.3671144638      4.08151329892       11.7065015163      1.09736815032
327    94.0733029863    0.843045502779   114.065330578    1.19156114053    153.904404422      2.74592972726       38.6132110265     0.651649768623
328    41.2940269203    0.944255685005   63.0254020011    1.33507091276    24.9530053092      2.45493480967       23.2210080139     0.638583371437
329    27.7973479766    0.800981413147   45.2918844507    1.41295503716   -51.9824925593      1.74585268035       9.63479806161     0.787150487151
330    512.719671449     2.18582824976   1058.97005159    3.68837760612    539.763086948      8.51956838726       157.252615454      1.14025368452
331    139.755590684      1.4662504986   297.863097828    3.01154914497    152.329148798       3.8365913377       26.8498714446     0.715048458938
332    80.8952212564     1.11931971683   157.017733856    1.75678933966    69.1331376486      1.78910553845       22.7824732034     0.681537041658
333    26.5908959699    0.711040625177   60.9053500976    1.31200330521    -1.1821778465      2.03081870817       4.69273930392     0.624021307941
334    24.4992934223    0.573250808022   49.2208860155    1.09626141507     45.796419231      1.26117480607       12.7961909748     0.623132565831
335    118.345717774     1.28095406243    126.51103033    1.71923964836    63.6456161808      2.44508566962       68.5965505135      1.10283556869
336    2091.98871456      4.9983656266   7731.51410145    13.9973294003     5979.4183618      54.7261351726       158.989772945     0.908776279662
337    258.373624307     2.43826795271   524.797398654    4.37366274736    331.674700976      5.68908955338       50.8846217775      1.04080258745
338    74.8618647074    0.694859866474   109.460395165   0.870722643422    166.159968607      2.11759973744       43.1400247596     0.524912349168
339    48.1989855909    0.792857416227   85.9688549809    1.21078064667    28.8242346638      1.99161018383       16.2490066979     0.567859885025
340    4209.73344251     9.42724603005   14809.4038325    24.3351673532    11306.0575544       103.99538243       355.491646605      1.57312430434
341    262.819066526     1.75196689455   612.576615221    3.51362823573    420.491466423      5.40654096137       105.372263919      1.24938609278
342    860.279542273     1.75059399644   2961.11749971    4.73128876031    2071.66859616       16.897734954       70.9250508888     0.665603679162
343    184.117033262      0.9355086319   285.462374238    1.27953890217    67.2404536473      1.83287370667        61.339477168     0.695050085055
344    433.109920606     2.95475306681   919.983926428    5.58454079174    531.248095742      7.36098412249         77.32365585      1.13058469719
345    36.4960655118    0.691096597619   178.500046512    1.34199292769    206.326823696      2.33734702924       11.0912296184     0.676610662817
346    30.8981324215    0.887047026436   51.4932747817    1.36753739454    41.8086199923      1.62415543388       11.7502628114     0.764066637748
347    53.3576230952    0.759557792811    91.689836356     1.2447337346    44.5554828562      2.14557887218       25.6719547671     0.829695502625
348    418.147151137    0.929265180406   1461.25900752    2.45453156098    1012.47897084      9.35384953406       33.7391685074     0.730969666964
349    80.1352825693    0.839980910588   173.794826591    1.32039939404    58.9109307734      1.46697215203       28.2527193542     0.729141362323
350    31.601449749    0.742510725999    170.910427514    1.81801652076     174.94506523      4.56094646996      0.223628926697     0.592617501012
351    65.7934038202    0.772789298452   94.8702977664    1.43221780455     26.235725692      2.15086568166       42.6449058769     0.568857953131
352    60.11589403    0.744189318871     344.541207702    2.30269612938     472.84718113      6.91441144629       14.4128149202     0.633462658671
353    81.9849314109    0.962514752955   165.607430607    1.59264251649    44.8285378286      2.21369577907        22.645838998      0.60488618518
354    131.800644037    0.858417745238   626.062457394    2.19267364093    515.790029885      4.48261207034       8.18827518787     0.632121638168
355    34.2115840723    0.918764859945   51.5083875635    1.62938308414    25.8577461207      1.49961098102       14.7730697315     0.747638916647
356    44.9785541671    0.699713651669   49.4168949774    1.31106408136   -57.9897278425      2.16816948473       29.9239112107     0.612439050746
357    37.6872275206    0.701262041218   51.4767907623    1.02684702372    16.0312061807      1.55153392792       18.5612348802     0.616171430353
358    57.6471411635    0.663784833374   73.5363409015    1.34748756083   0.463637357052      2.06272308366       22.7646780367     0.777925951107
359    35.5004012891    0.874112673172   48.8533842614    1.10670496666   -72.0273769887      2.00071132503       5.95995824589     0.632131632118
360    153.988281697     2.09391527818   290.012374629    3.86640819789    218.016482022      4.22154271057       36.2321905263     0.874350728725
361    110.652192073     1.54358047053   221.294687597    2.56742987479     117.75032475      2.93860655347       21.7256381326     0.757833632427
362    11.4589288631    0.627340795136   42.1310255696    1.09371544059    58.8666737697      1.41379305188       5.03084142572      0.42944385976
363    16.8222435799    0.788176002338   83.5053606429    1.34615757613    20.6790952369      1.86693834503        4.3238442591     0.655505802164
364    103.933712499     1.52537129797   196.926931653    2.63958615916    144.003796243       1.9067914576       25.6348647764     0.854681615221
365    135.220007666    0.709178648014   134.294911566    1.40048371676    20.3361146105      2.72879590318       83.6464168941     0.638514823288
366    26.5974087461    0.764072686469   46.4607509881    1.28813718147   -22.5571288656      2.22833243868       16.4604089198     0.508696335845
367    17.5159306863    0.605752957739    45.635046328    1.31635744467   -37.0440106184      2.69084438575       2.07897844292     0.840303632888
368    48.2962240603    0.776040034937   64.5138647818    1.10866094602    3.82715043089      1.65782442215       31.9821691858     0.671120959724
369    78.5876586024      0.6904632013   111.867665057    1.27520045746    46.9185404395      2.82624217707       30.7840531404     0.723791071011
370    43.5093665728    0.731725718104   51.3260530232      1.221451512   -39.0438667742      2.13523322867       38.0601662686     0.689811691811
371    36.6494894246    0.734175663047   47.4531397712    1.20062856026   -4.34379481219        2.299247509       17.3464103924     0.578028239367
372    66.6611858082     2.34193851889   161.157804404    4.69098158016    83.0955045171      4.01296461689       6.67296310744     0.673812558392
373    32.9068265666     3.44121888515   131.800459936     7.3105620952     -163.3622366      5.21689519193      -7.97552503205     0.853634759927
374    104.21495422     1.66719547669    223.126482279    4.46475465431    101.693114795      3.93466306285       17.5920415216      1.12492954753
375    22.2918832583    0.789629416829   31.6570860481     1.3697372866   -22.7946808659      2.12367754021       12.9897931129     0.581029810339
376    76.8755456723    0.869035639044   131.257475301     1.7144023367   -6.55511881904      1.51329185943       24.2811571167     0.651679003526
