# id F89 E89 F90 E90 F159 E159 F156 E156
  1      37.1246409239    1.16162370231     84.3151886753   2.41905469142   -12.9581716017    2.4121025684    -2.60741526328   0.696316403229
  2       103.35087555    2.93782715888     224.406403062   6.74439100722    195.268044033   5.92567662125     20.5876660124    0.77329695531
  3      28.6055883971   0.987791787598     83.8051419853   1.65779685818    181.512767887   3.01080392756     7.17719581986   0.638657252491
  4      284.421431286     5.6405150351     608.101508037   12.2616482015      525.1865845    10.239530178     46.3571360101    1.05666059557
  5      6560.59403884    13.2061965898     9472.63190838   15.3053024453     4160.0248559   32.7222694268     2144.57789588    9.67656453984
  6      122.966810217    2.73939337735     234.714262325   5.10423210734    192.112005469   4.64025125236     27.6264048699   0.718061250551
  7      174.981168088    2.11769964627     254.180503266   3.73058452999    227.864098856    4.0630937641     61.9842082174   0.829780143476
  8       351.94455478     8.4832512007      727.32676942   16.1218316002    612.255557223   13.6076247372     65.4563756962    2.35846985363
  9      103.652717072   0.839119111995     113.423168349    1.1944376453    33.8984772269   1.96511271305     46.7540448812   0.737608701389
 10      34.4388629707   0.725419260077     228.025747754   1.27649313263    226.909354125   3.00679568548   -0.430901759245   0.554007242028
 11      192.188552318    1.63361949543      315.75744862   3.17984310743    187.145567909   4.38293473048     86.3937572427   0.732379253301
 12      32.5511634751    1.12427726265     78.5787399632   2.07298040932    77.6564659423   2.20341252901    0.815975375009   0.513347042425
 13      84.4802509755    1.09442032265     122.958919894   1.59888118183   -7.70674015773   2.20970118625     54.1013787573   0.996693202345
 14      113.074517017    1.40446967577     191.094939523   2.25719368263    121.392450206    2.3734440943     25.9001865587   0.537467996259
 15      112.317180584    1.29428915829     190.776777342   2.29030022213      125.3407567   1.76207352744     29.4853229397   0.689060868126
 16      158.950419043   0.759409335798     272.231957143   1.19332046842     223.41819962   2.09130672767     81.4125786204   0.615603462264
 17      35.0460980431   0.671314552065     48.2578806579   1.25974542203   -37.7500324373    2.1037165192     24.1900115027   0.687290601363
 18       68.356217811   0.519967283965     82.4027808351  0.815984816458    28.6657304953    1.9557069359     27.9108597388   0.482556801049
 19      237.296178616   0.841728122517     875.547560025    1.4926864206    882.667254841   7.86683842663     21.1659378315    0.59841210498
 20       660.96443348     1.8673449593     2196.82478804    3.9665728815    1550.77483449   12.9966932528     70.6331650131   0.686333653646
 21      114.481649134    1.25068767553     212.631721278   2.20918549641    87.1415885186   1.64224541727     40.2180649946   0.656472980934
 22      66.4343344089   0.735608868536     65.9394696116   1.34762228627    10.1157944488   1.80491499905      25.189062183   0.598234547417
 23      34.1031137964    1.24352054057     61.2323667955   2.15295460347    73.7605785677   2.59450248197     17.9620834698   0.808022022468
 24      36.3651562246     0.8171462658     32.7110167996   1.34597927791    39.7706149966   1.56090596299     7.32004877321   0.641010714065
 25      144.772256747    1.89153620245     266.612769947   2.66231398878    119.773240381   3.43779432839   -0.704418881288    1.18690245516
 26      122.850037787    3.54612163731     217.203722894    7.7026126266   -10.1083990281    5.7665134778     17.7539692944    1.45112803884
 27      211.983173734    2.51868520748     307.718585806   3.77619780828    199.489593378   2.74904611571     121.644209551    1.59811385132
 28      117.558586813    2.07205725918     197.702791324   4.85839439732    32.6743897235   2.74376416165     53.7010692785     1.2861525871
 29      144.064220873    3.23971654857     259.384867728   4.63275913907    76.2556165796   4.20836730013     14.5897907008    1.43857105342
 30      166.356387616    6.40337140711     415.670009914   10.8741827368    253.093548871   8.78048509363     102.879816205    2.74421284232
 31      17.0223412632   0.773692978064     27.4590043791   1.30834985447   -13.0171854891   2.39479406146      18.352809888   0.729263730024
 32      110.366524707    1.95346922434      289.42793707   4.40027462439    83.7527969519   4.59817318947     21.2848986028   0.873485961438
 33      29.5316200184    1.15441622276     69.8330209564   1.92877478854    69.1287205327   3.54603326452     14.0779447879   0.854622028842
 34      61.2492729322   0.760897503838     82.7040062897   1.07521151971    17.2813368625   1.96947082746     22.1433546749   0.644460515131
 35      63.3159959269   0.972335780504     191.526949884    1.6490022373    115.148365654   2.68385699983     23.8240795482   0.836208927846
 36      86.9233281564   0.789918781893     115.348059587   1.41020231966    81.4806051626   1.79257705828      70.876054058   0.710088615034
 37      159.679014905    1.79675148035     373.913936275   6.21859077617    284.369997325   5.77427861239     84.9384322502   0.738979808857
 38      100.371352718    2.16797618946     419.721856525   4.82091231978    352.074188318   5.20543062793     7.69537671779    1.21191230955
 39      124.393074753   0.929312281959     184.290076244   1.61558370599    57.1005028955   2.97662506531     73.2204553335   0.781202103818
 40      251.535786573    1.76532041799        504.600962   3.46881087021    327.549510604   4.41194577414     40.1049350101   0.831069603855
 41      66.7523740197   0.792820787311     90.1149769652   1.32921126646   -26.1594584835   2.50363728257     38.6346675178   0.712359395295
 42      62.2064832087   0.688207199682     68.6289507446   1.38585327665    88.6193206409    1.7828920745      24.870981241   0.584706709748
 43      19.0428983641   0.867644690517     64.7045564412   1.58734371029    50.7862963229   2.37084725078     15.3020578118   0.553752060397
 44      27.4348682255    0.76473635764     80.8699579637   1.26543896948    66.1382425398   2.01378884035     10.5208975599   0.683176199965
 45      397.566986624    4.45852172034     596.875978506   6.05063328954    398.443422458   4.86441266851     143.873879711    1.90854047464
 46      249.843860771    1.27464920103      464.93408572   1.77617013075    189.589186501   2.23763875884     52.9366633508   0.689482946635
 47       42.413535546    1.12850755939     14.8055406075   2.46735025804   -15.3003446827   1.85568049902     23.8614539688   0.813919737734
 48      127.482196607    1.13994268924     209.584377224   1.43846671173    210.182116423   2.53215847035     80.6923767221   0.775920067255
 49      62.5334846203    1.25928758699     124.940024774   2.27872669278    112.066856661   3.08151474122     21.2466951862   0.636584229776
 50      66.8101626589   0.795619933252     116.974553977   1.26956602477    35.2692146383   2.03132755366     23.2272632356   0.611683354067
 51      93.2854745311   0.697557521522     180.899356398   1.19178152068    150.673858732    1.4597922861     21.2354705071   0.616550380723
 52      48.3881676172   0.721259111835     55.3749085878    1.4426107586   -33.9646914936   2.09346386411     19.1576946549   0.665177283576
 53      100.654628866   0.865535555398     194.980097874   1.38568590101    141.101195268   2.58432951739      55.303646264   0.725929149784
 54      21.6334448923   0.891254970635     19.6361331706   1.89855674585    11.7436904889   2.35751291557     20.9220942543   0.617835665152
 55       65.489128324   0.999968656471      98.787045424   1.44677714655   -22.6330065269   1.85194223177     26.8049902244   0.808849834633
 56      118.339215569     1.3344508001      197.12576088   2.27888611845    158.491135549   2.63131068391     29.5611425837   0.669192617273
 57      160.522625656    1.28384313761     211.431201773   1.79684963826    101.671223982   2.12964212578     78.3223143774   0.809591353085
 58      62.2899088929   0.823344727177      100.13000117   1.49566436448    49.4659494451   1.76872789266     36.2855414599   0.722666737878
 59      2514.46667342    5.59007227008     3796.14759961     6.713689283    1593.23374807   14.7472212804     733.087710139    3.80247585243
 60      32.8254186107   0.986410098536     49.9613090771   1.45862084726   -9.51966408007    1.8791833196     10.5559181758   0.619238398948
 61      51.3847625703   0.935581352421     52.4922198267    1.7361394447   -53.7697302051   2.21511842153     24.3018687822   0.597329533084
 62      61.1892342224    1.08132467468     108.207139198   1.70205675793    84.4739718179   1.73056693901      28.898026409   0.655625691621
 63      77.3740977988   0.972131877509     83.6967114879   1.55623641535    106.193723093   2.18670041881     26.7430980076   0.604517664733
 64      19.8531440371   0.710272958069     36.1570638904   1.41731914082   -29.8766060564   1.99162089903     10.3511117171   0.678558017512
 65       221.64486514    1.00851504931      428.26460314   1.76737086958    199.744087299    1.6953781209      99.509781995    0.72931377704
 66       331.96956521    4.58181490692     778.484414442   9.65627023954    647.854876151   10.4129556491      129.93243339     1.9515482043
 67       3.1143917047    1.03155413415     4.52891020483    2.3141221309   -10.0436778397   2.06621694921     2.96283317973   0.551257373495
 68      280.780645699    7.53248681594     658.929338822   17.9256466931    456.566852073   10.7742741818     39.0487049658     1.3521895338
 69      89.6402424587    1.10296249175     103.960926247   1.95109814489    100.530354358   2.70398270949     27.0478742245   0.688286322834
 70      107.767899473    1.06161370694     165.949460014   1.85270243256    156.097169775   4.08808178175     76.5500619869   0.949152958772
 71      58.7491430716    1.29867167605     134.048629194   2.79685557951    92.6143464727   3.31980695897     10.1089041838    0.61442154096
 72      214.199018623    10.8913922883     580.597992351   21.1807400912    461.243277369   22.8437990542     17.8673479608    1.99528388836
 73       2219.7342753     6.7701694564     5127.38432837    14.935400659    2896.61329565   42.5145385567     303.043764357    1.62814144746
 74      4106.93115111    7.90911434851     7668.03220765   11.2764905523     3574.5867541   32.1291029332     768.483282389    3.19476413314
 75      30.4264933396   0.910561277641     70.4148896438     1.700551155    57.3790679413   1.86298237383     25.6561751554   0.650427957039
 76      107.214188546    1.03481857057     111.460797234   2.04582450487   -11.8003426803   1.97861224997     52.0424400424   0.684248530727
 77      78.2461896064   0.771672211783     134.024616842   1.36057526585    65.3320433713   1.60893705119     22.4849101867   0.619926739007
 78      84.6876983686   0.941358612733     139.341324438   1.57382638648    235.085069291   2.50075568993      48.372170221   0.864264869456
 79      31.6235593768   0.581514970241     38.5101583623   1.04093548913   -2.82168304526   1.27972382414     19.8999329138   0.495643111548
 80      329.028651269    1.29276163754     1144.08615239   2.90367240491     1148.0634684   10.8548259259     40.0686769984   0.544784204669
 81      207.747427476    4.66412548484      543.53626846    10.492670042    180.805497151   5.55832979979     10.2297741006   0.865277949302
 82      214.711064387    5.91173568907     562.654192342   12.8104683868   -236.291058235   13.6447689111     14.5037521011   0.905302065001
 83       392.13718755    4.02676599634     660.153259033   6.34889882977    442.952394174   8.11769562715     133.112936508    1.68115735518
 84      50.2852657428    1.10106500897     35.9981778799   2.36717839524    66.5420039306   2.38234991362     30.3567469692   0.666760227849
 85      150.947966267    1.51117528735     281.433160159   2.68127857879    188.420209339   3.44566625972     32.8223522752   0.777842039881
 86      82.4750251096    1.42642155053     121.022659651   2.43127029617    33.6142419314   1.55029288018     33.5107362985   0.702024682111
 87      64.3189263806   0.499116046991     77.7221683826  0.912648378237    45.4809178153   1.40012057839     37.1188226541   0.498239576769
 88      102.388251978    1.01707920759     158.115472299    1.7338182492    134.887654291    3.1938206767     47.1348829691   0.844826263071
 89      31.8969309522   0.813117231864     115.018049872    1.4736538404    195.474975738   2.31282935842     2.14982773594   0.641824394963
 90      153.306011275     1.2522129845     288.158414615   2.18321088757    157.077949775   3.51045508457     94.4219701925   0.833896952976
 91      4193.28066288    41.3256569129     9219.76931487   84.3171383142    7053.86117248   102.940099448     750.426319582    8.97008538533
 92       57.788383169    1.21382771641     103.825213854   2.44122509368    165.055656061   4.15466962657     15.1485233212   0.628096960733
 93       75.539963118    2.64950583456     238.292809331   6.92829714784    74.4878626433   3.69629306878     8.09597701054   0.723695957145
 94      63.3300811252   0.824219285831     129.358286385   1.40354682599     123.66427341   2.40502045707     16.8059871237   0.529490122666
 95      61.4357670113    1.75979597495     133.546673878    3.5991171592    168.540707302   5.22065312838     2.61167898719   0.914151152063
 96      59.3336900608    1.93897880527     149.263036177   4.26812824811    186.517258993   6.61908782882     17.1971418943   0.853367304226
 97      938.253057174    3.13708927882     1312.05298291    4.3634104365    2183.15231969   13.2291726421     439.648017345    2.34415785056
 98       396.53839697    2.98072339268     732.067774374   5.08168677336    515.574662783   7.83300907046     100.791361303    1.22489774442
 99      54.2175062981   0.742129637079     55.9298461539   1.41464460769    22.4363115388   2.30972693699     13.8444278747   0.642756236749
100      526.659042539    4.40980373625     1057.18553696   8.43947210687    717.901684569   11.0088136916     110.869916526    1.40535609909
101      61.3736711022    1.52247940522     140.129863885   3.30386481967    131.247175706   4.58336430083      8.5506279234   0.638240157367
102      114.189243952    1.02853941285     121.571478554   1.54981694717    49.1255099103   1.56061499442     58.5222306761    0.86818141271
103      2.59969897585   0.963458990672     18.0831954638   1.65898497881    34.8112467229    1.4170437304     6.52187660299   0.634777793234
104      49.0387374276   0.760362567057     77.3591562294   1.35274471216    21.5311857261   1.93762422761     31.8666211557   0.620729916804
105       208.13471667    2.16691205447     430.079179923   4.36306687925    342.909463422   6.15276221266     30.5535406374   0.895799033952
106      12.8106545056   0.715888534077     90.1739748404   1.11792517154    204.739383338   2.43483116101     14.3524724993   0.667293341649
107      18.0492857982   0.714613361995     43.4723448921   1.29080614718    19.5196978208   1.84145422449     4.13238479182   0.611828198859
108      60.4532367889   0.818172180553      114.93772936    1.3866593161    108.959098038   2.48038723148     40.6936690795   0.672067573238
109       456.14174571    12.3994876061     1669.26152443   22.7465590098   -2082.01997712   73.7059388721    -54.8677372284    3.03822527764
110      125.469609645    3.08381371991     289.367286725   7.71254651802    146.006986529   4.48935363626     33.1999294566   0.921390650026
111      321.900521077    4.79418538898     596.926578138   8.24815205935    430.697126471   8.41732772459     83.1343315122    1.54869374939
112      18.4638728861    1.11980072158     53.3109080303   2.03953014061   -19.8643354301   2.21555071918     19.3434069372   0.608609570062
113      54.3860307873   0.890118445379     104.912971424   1.64203130423    34.7745745643   2.27734380658     18.1054528536   0.646759746915
114      374.182474768    3.81952857494     749.498339226    7.0294066397    851.701015843   12.4378235152     161.660433317    2.06991161242
115      364.377677186    2.93751542965     709.294676246    5.0717955995     489.99857979   6.64305411612     89.3982284732       1.22405391
116      225.000208098    2.38924033365     448.674255248   4.86279432897    342.412172657   7.21978223387     55.6682201731   0.949581589334
117      25.6970104008   0.718710201003     114.337270462   1.35714572664     218.09352561    2.2756858575     5.24737626089   0.664849116835
118      53.1734312562   0.718035868702     104.598882299   1.36045850958    136.594934384   2.65996674723     24.7831507523   0.634072796195
119      46.7200940232    1.24055034539     94.7994330644   2.06654461741    133.173727429   3.62975810868     5.77616288518   0.682361997162
120      68.2059541807   0.973615930553     134.529389507     1.734861284     128.80127867    2.7549524991     22.4814423232   0.614190280551
121      79.3076928898   0.819277506569     105.971532588   1.36010512019    5.13413897575   2.52065746447     35.6265293129   0.720381053762
122      39.6850328971   0.913734203392     89.0701722195   1.49850383284    73.4689048781    2.6733402696     18.3988639505   0.797713991252
123      107.355170763    1.03606733262     145.954969512   1.70504704597    72.3672550212   2.07014621999     63.2792221758   0.805654191417
124      561.602235627    5.27401451376     1148.82903379   9.88951918529    811.449324326   11.7699064574     123.500863252    1.48291864174
125      54.0991321269    1.55437831382     96.6491211104   2.82237142446   -5.47328449597   1.90225432168     24.2550938255   0.792744605214
126      68.1962495891    1.75166196004     148.942418999   3.28133274434    55.2235124358   2.68951048958     27.7343174909   0.868268313719
127      41.3818585628   0.852605652809      106.97027545   1.81579534547    108.142656632    2.9983599822     13.6281629324    0.56181276126
128      48.4410543233   0.755835700411      71.880229049   1.28943290668   -7.00352403264    1.7287959045     34.4112053672    0.70275379078
129      86.2567117029   0.701297189119     197.753622076   1.48036429914    172.032762855   2.86292980193     29.1023666764   0.669518470798
130      3047.06452122    7.04590499162     10131.7294541   18.2191018778    6723.37717043   57.6484259107     247.045024092     1.2741848257
131      73.8287571437    1.57844251344     122.611981133   2.65616112674     164.12032695   4.04378695498     16.8651963537    0.73639573516
132      71.0046634839     1.4802132625     114.235885309   2.38723571151    67.5613310706   3.26994554323     20.3663897605    0.71091440488
133      175.568754785    2.47499024105     333.993298426   4.64991767443    245.727860726   4.45536747914     44.3702581548   0.926462297166
134       85.839932049    1.94936887428     136.544144595   3.36443030583    157.081148875   4.14180108072     17.8998551887   0.780592098575
135      68.8828524932    2.25407587528     141.842243112   3.43328859887    153.804438865   4.30423484453     20.9833898107   0.737870954654
136       50.007949309    1.82057548106     92.0446679255   2.86657294389    69.6798177141   2.37965929805     11.3984518228   0.846286384152
137      54.0911573204    1.69862089859     93.0635996333   3.10114249859    4.25990546711   2.63399744562     20.3208115278   0.742419450631
138      55.1623329639    1.88397481816     116.390748701   3.15379637115    43.2272200512   2.34543078226     22.8692357552   0.805057886756
139      62.4981950135    1.66629883319     98.7358429827   3.10281238945    36.8189250304   1.96376492332     18.1745628186   0.727702586014
140      62.3731335518    1.34105853987     135.381530554   2.81271511547    32.0670614028   2.16309171831     22.3075547834    0.73940893581
141      40.5433932892    1.27156455928     91.0698235085   2.50895853525  -0.535345827703   2.56752481142     18.8532668092   0.796663216712
142      100.866008585   0.612880915592     148.846305732   1.44014561437    70.0471284831   2.34344784803     21.1532929689   0.569449960332
143      54.9366607434    1.73413162135      104.48091171    3.1764680735   -21.5250936716   2.27644064216     13.1047512214   0.743662876075
144      46.5172615504   0.786569996477     60.0427955075   1.28697331769   -63.3909162248   2.55861382256     33.4940268231   0.705313957858
145      151.210013703    1.11636257418     152.094242174   1.63030935045    114.187025538   2.28165908035     119.614204402    1.20992282675
146      110.193713723   0.928156844315     170.375237416   1.44314617257      128.5080757   2.23287965396     45.9408484286   0.724425078654
147      1.63128057347     1.0834066332     1.62093914649    2.1883185332    14.3058530356   1.61687842458   -0.922215884154   0.679730657472
148       204.00269818    1.75234287535     351.764713563   3.33832822523    278.973365258   4.78197996824     54.5261930041   0.763669040904
149      27.9924584465    1.13358762262     49.9474621443    1.8164020986     17.184409434    1.8813421195     9.28545671254   0.646272079924
150      44.8235609337   0.775380098308     84.8880877164   1.29371645844    52.9527320489   1.93444291608     16.3506808472   0.712289110358
151      34.0900791222    3.68284412445     150.308092998   8.70221629136   -104.570303758   16.2985279117    -0.82740113786    1.41323836546
152      79.3316743085    3.60887542919     161.750378177   11.3137390542    251.689631877   9.81081399864     20.2663173879   0.684742149237
153      18.0392036515    1.49052589801     66.3793001266    2.2847096883   -18.7003345015   2.45382654969     8.46515249668   0.674103230438
154      118.176819253    1.29355963408     191.538569251    2.1459165959   -50.1959251127    2.8605118325     23.3495527207   0.758001464228
155      163.983389783    1.42749922199     211.685167644   1.88587317521    69.0699684333   1.94336223038     59.1879803825   0.758520702774
156        14.97302414    2.96662483067     148.949570694   8.96036972627   -63.4914501098    10.898603371    -12.7046655286    1.32075582097
157      77.0803243195    1.61504222092     166.940560356    3.2090903265    193.613550229   3.91282713478     19.1480187408   0.851927209173
158       141.16006108   0.975936210408     168.206646098   1.54482752985    44.2031297824    2.4822652368     73.4436898122   0.834694575323
159      30.9350292105    1.26294458066     91.1369362029   2.30834921874    63.2091083596   2.58047898703     16.0587098415   0.757046078303
160       62.551494662    1.63216548787     133.451030248   3.19708103152    58.1608528765   2.37219154884     19.3038569335   0.907989968443
161      214.311139019    2.08591970477      462.99143487   4.43444139957    268.453847208   2.71030477851     103.849498657    1.17330903624
162      28.1495426589    1.01038781884     62.6310307204   1.73481658856  0.0963978199366    2.0652668621     9.74335972598   0.695039893619
163      67.9118650464    1.04314844266     109.883374309   1.30517020031    91.8227047859   2.00428392074      18.033124713   0.637844736838
164      114.794137669    1.28046797569     215.436662747    2.7476308563    196.805215464   2.97730923732     49.2999054923   0.781669652515
165      113.014614041    2.19623940748     260.267672128   5.35877362259    97.9516841034   5.11881944707     11.3575748364    0.85725330823
166      94.4451664594    2.66926969764      210.54252157   5.70068377964   -42.3474324535   8.31046222946     33.0863906976   0.952451263763
167      65.3816820673   0.901953488946     127.458509879   1.36110187464    98.4827945936   2.08436202473     17.9426012919   0.718762886999
168      41.2533581903   0.951393354558     68.5330841632   1.83866473402    26.8183258657   2.13818763495     14.9091556581   0.559913416865
169      309.088831501    1.83546122679     525.731085005   2.81565169112    363.527984674   4.01487476374     110.083258682   0.760622760227
170       616.54963609    2.77139098674      2346.8728365   6.07826083126    4367.58812955   44.2861137848     57.0790508088    1.09931993494
171      31.5191543681    1.09917476898     59.0403351356   1.95618060691     26.964508343   2.53193853773     15.5482995677   0.661095361211
172      72.1472725992    1.77928270088     128.004655622   3.56106882241    78.2757399656   3.65241320616     14.9770066494   0.761214425546
173      76.0174697085    1.97002360912     150.946624628   4.00580260428    156.230064965   6.06143058224     16.4353816514   0.784768359897
174      54.5798078285    1.57378298085     152.157483676    3.2167337914    257.214959024   6.92033538014     7.36586739575   0.745298604853
175      135.057042465    2.14952949945     353.026471687   4.95953058064    125.135313289   4.78148192854     9.16220807643    0.77253655788
176      180.843430425    3.34377639988     387.608122402   7.13211972018    424.842769847   7.93734577729     88.4524172642    1.70485824067
177      135.357908614    2.55703773973     292.559771723   5.38179220872    173.624795568   4.60545514677     17.0825708603   0.938490459779
178      163.322135298    2.00015717402     401.396539498   4.43380163682     142.28592305   2.97324571496     13.0864320045    0.73228454801
179      21.7694158498   0.741121168361     47.5243487523   1.18579761558    35.7676663695   2.38839755985     10.8158233766   0.596517550832
180      5149.34301752    14.8397483325     7378.51034492   19.4248825018    3256.15772812   37.1693706305      1822.6103016    9.45079727827
181      42.3403095713    1.06021492353      70.209309639   1.73119419443      31.17709091   2.22406328432     13.6087190377    0.57401523735
182      270.090713056      2.586525792     543.504873266   5.11002872204    375.338879405   5.13728671064      44.770906506   0.782302192957
183      53.6461024931    1.05164903336     121.977120823   1.86544841679    44.1300794181   2.56702209006    0.515902529189   0.785228815454
184      89.9030953782    2.46185299181     178.236456392   5.12756862517    267.586060559   7.00044464326     15.1243865786   0.801924221596
185       182.58793785   0.791733986264     259.876316962   1.41254436408    189.444306942   2.24978497866       97.80607632   0.737745252726
186      29.5382454948   0.985623250168     101.232372731   2.37597721304    64.9296799728    1.8849886025     15.8834381286   0.709256151435
187      587.890354875    1.71982056353     1947.79843671   3.67188406176    1396.94463207   11.9995919125     38.5269060308    0.56266009116
188      118.083079623   0.968639460934     137.370145407   1.39172808081    86.3207082181   2.48283902582     71.8095867701   0.833107158515
189       29.550573418     1.1339704721     135.398726835   2.32985767918    249.806750448    2.2129914743    -8.93713733054   0.578697085991
190      30.1860394417    1.21224050337     85.1193225313   2.46223730436    20.7346742581   2.97580100813    -6.58808061184    0.76601096366
191      349.032854669     6.9453595771     819.439421693   17.5715179107    464.230950231   9.47294386296     39.3185857102    1.02976401568
192      83.8704730727    1.16826372091     174.673272287   2.23953346399    50.2586718897   3.52425582658     41.4038852555   0.698426535953
193      60.1570277087    0.82031540536     118.170310501   1.47627570792    19.8896903116   1.88887511897     17.8199157023   0.637652675034
194     -6.05968538726   0.571459378333     19.1157941648   1.04331648196    40.9453094294   1.79876565038   -0.825486902241   0.408284485743
195      112.509928297    1.55203044994     229.935768035   3.03372754021    228.134374329   3.04891429555     31.9062869739   0.760718106773
196      98.4297356336     1.1156990747     146.078438624   1.78030773376    68.4018577753   2.20764131873     64.9091284859   0.727063081743
197      56.2070733304    1.24647683097     267.795886809   1.98030197411    340.281162861   2.64438068452     9.57504887837   0.590980007053
198       81.368937146    1.00971156134       141.7554876   1.75201557566    96.6188014191   1.86404644567     31.1828775521   0.674305543964
199      113.064596248    6.42279503666     266.346177053   13.6903484686   -371.161645264   19.7478411192      63.899685056    0.93994322985
200      212.433751358    1.81261007539     379.331473766   2.92255973408    163.469587634   3.17476727091     86.1428690099    1.13951410248
201      82.2281904362    1.09863021208     170.314732735   1.86850078451    215.406438548   4.08188195771     25.0052312968   0.853644436681
202      55.8488007984   0.623258160232     56.7557115507   1.22469114503   -14.7896169302   1.30696852677     20.9450485581   0.519426549089
203      231.637450975    1.38980125705     664.793565183   3.44418216009    445.985127082   4.76196599119     26.9826802042   0.762325510775
204     0.445373047988   0.631757467486     30.4064032947   1.30437012299     28.438103633   1.80569348729     1.05693712962   0.489453034537
205       17.556900367   0.936724869113     58.6192340704   2.27350649611    60.4126626136   1.99869515004        9.43630948   0.789892518707
206      45.2804256779    1.08935842528      35.671686705   2.34279216555    -18.069784195   1.57273491596     20.0638468847   0.626986238874
207      139.446264988     1.3997497344     429.284608031   2.83291272623    589.055322487   5.48950531897     1.86727204342   0.736266976058
208      28.4276196296   0.835375639073     52.2452249667   1.63109291487    16.8520819487   1.75454546831     2.71737014032   0.637495456721
209      304.938894158    1.37017337306     1058.70092352   2.78213400623    1354.45627329   12.2319927583     16.7226549123   0.514612507423
210       135.32670678   0.909513598615     338.609565312    1.5830711756    218.714202304    2.9146434453      7.8204212594   0.703788271442
211      68.0454992878     1.8185365476      136.25052538    3.8448076765    25.9074212344   2.28615451999     4.97049722208   0.662744209713
212      55.6496313657    1.81591954606     124.910007555   3.38532742807   -14.2502102245   2.67144302334     7.44850714938   0.647382219609
213      48.4785134078    1.64327482622     122.970922488   3.35026337078     51.619357024   2.28801988209     7.53863733898   0.668594981204
214      62.1268643806    1.78576068402     142.678435692   3.96384412605    23.7511048131   2.41003114754     8.34220259617    0.60067364185
215      62.0071924806     1.8732611428     144.673485737   4.23609981942    68.6587726638   2.50061252458     8.47891181407   0.590541825637
216      62.6880690131    1.56218018571     115.445228132   2.62424976659    95.0746814492   2.49439850351      12.380661567    0.61660265271
217      74.6884137859    1.06060329045     169.066327503   1.86638406413    106.964891947   1.98005128411     20.8988831616   0.588894712805
218      12.4858872495    1.06089477353    -4.57671818426   2.62882411778   -26.7368294039   2.30173265235     12.5124393127    0.68166003494
219      58.6241154614    1.78930046752     144.062072205   3.93488056675    34.9703244707   2.48243580844     3.23677472082    0.71806611922
220      10.7227162006   0.936346952793     4.44165108174   1.54885584721    3.79714159381   1.84703505034    -2.44306793975   0.686650192824
221      5.75477980342    1.17106340179    -3.25836155699    1.9557160892    29.0648222617   1.83576516833    -6.49551860492   0.724089864453
222      71.9164374995    1.02284953157     63.2283824571   2.41466885897   0.335854362166   2.46181804021     40.9510480711   0.575114623079
223      73.4057985063    1.84588059224     133.492709067   3.45427170738    85.4278657043   3.02842257881     19.9850934617    0.71636065404
224      192.006314819    1.92197975617     378.459057477   3.30496254622    331.502186534   5.17195929311     41.4280687257    1.06729981834
225      42.3536971764    1.52819378817     135.067590575   3.16592530586    75.1410390297   2.35160724624    0.675575727985   0.677959511105
226      5.57023122628   0.968627623533     10.5141952674   1.87778410605   -28.5202883658   2.14266796245    -7.40653284193   0.657557963762
227         88.0130274   0.721547768346     224.808364198   1.25538244636    219.522807912    2.9308467239     16.3763684514   0.839437762245
228      59.9979124709    1.13978965476     142.939799882   2.75175277829      104.2818053   3.14826539472     11.5703697407    0.59907708866
229      243.507013301     2.5619461388     301.328018071    3.8628352808    201.059798314   3.21829450169     87.7583716977   0.969247900141
230      68.6312533903   0.784057850383     326.553424426   1.53693280491     499.26999485   5.30786044884     23.3469447945   0.660788397954
231      91.5967780737   0.876401932542      126.04734685   1.70253888052    33.4355020508   1.81323094971     43.0244653897   0.701400130805
232      81.5591798278    1.51003452022     238.159672786   3.53394092517    142.086324768   3.43512226578     7.55625305973   0.556470883987
233       51.028699402     1.1987625941     136.096149427   2.31723252724    15.7178444876   2.01494336292     7.96779851563   0.593827410407
234      56.8238910338   0.858176998102     117.147358295   1.44967062262    27.2936621607   1.87902166873     7.43057034453   0.680672442021
235       80.509546127    1.13601499033     171.692531828   2.58272060759    122.238442022   2.73355849242     20.3731114244   0.668075790442
236      69.3682648478   0.904270295875     199.676817043   1.52272806099    225.704147648   2.32514159322     18.0545563268   0.566650395095
237      2074.99182346    3.74266957952     3184.45813547   4.16389116517    1387.80756126   9.82805249494     642.780051727     2.5411081044
238      170.431231474    1.25764656824     368.974396331   1.85744631986    196.970225875   3.02902486762     82.2778478477   0.801533824418
239      65.6686748073    1.83026644331     159.340330087   4.06777560339    141.994395049   2.87248577434     8.55581296064   0.603815270224
240      56.8100782551    1.93100622739     152.278775503   4.16453676052    36.3400073911   3.88499949644     4.96896803805   0.681406778932
241       2.7055144154    1.21095758087     14.6644276371   2.04176186146    17.7642113889   2.44255682911   -0.518258305534   0.689093000634
242      84.7749302408   0.812006743791     157.813427578   1.56047440091    77.2028277623   2.20544617925     3.18885675189   0.597747998255
243      60.8276992239    1.72114397191     141.991025416   4.02222340573    65.2508841837   2.49051382528     3.31668554056   0.703787244859
244      68.4778744883    1.75827949839     165.814587661   4.13070522752    182.235728282   4.39546195887      10.276055934   0.516309660766
245      97.3689317274    2.03839073931     189.184795652   4.51437770053    175.848396313   5.45934374972     38.8440815104   0.899062423032
246      65.0236426195    1.76933027731     146.760347727   4.04300674918     152.65913715   4.36345666301     17.1083602182   0.560337652418
247      84.0814498261    1.91171803228     189.773803021   4.25666135737     239.16603829    4.7390110336     15.8392754534    0.61516190858
248      64.4880739005    1.82428229307     170.233641928   4.27534672584     57.566699805   3.96628993036     11.6925028254   0.630104092383
249       3569.7623064    7.38577019668      13037.732272   21.0179953112    9613.72145063   78.7029960343     286.264344447    1.20223071218
250      81.0188385918     1.3970613062     228.417117645    3.3698705093    253.317290597   4.82136036789     10.3792315025   0.648635717507
251      61.0881863384    1.79083751448     167.526113136   4.80175047698    220.357394913   4.35664990443  -0.0984522832809   0.613787230698
252      2499.33479044     4.4376745052     7630.68912664   10.9528819888    4508.67322218   37.8680941254     213.865011867   0.933237372905
253      69.0005835289    1.62070420233     166.140427491   3.56492570082    143.424085044   3.62319486771     14.8658816674   0.705941242176
254      121.993469972    1.89981995084     261.077492296   3.28846085888    160.984420663   3.13837624894     46.0735428645    0.95311380582
255      204.514410721    0.90409999757     379.392756961   1.55619207628    199.879551008   2.66891295679     37.0013819929   0.669322055094
256      88.6540626299    0.91046457693     233.981929538   1.55032402868    174.032832186   2.05287571508     12.1572113655   0.651112217383
257      57.7867882476   0.786639033045     88.5301785694   1.42872199404    25.6497717806   2.31170257094     24.1618400525   0.628561844381
258      103.315054879    1.63241964925     149.767073748   3.34167868561    178.830422787   4.05531797872     48.1737936931   0.886248314909
259     -83.7416116173    29.1848409746     431.509480602    53.647026607   -5281.92933102   112.166796207    -194.612855451    5.48397100651
260      6.35572636525    1.08710126511     18.7809604774    2.0117263502    43.9946363788   1.87935684362   -0.510294470283   0.636668510348
261      115.487841984    1.87285695411     254.643941949   4.31688162112    178.637320332   3.90405715594     48.8683810819   0.822687365886
262  0   73.3026008247    2.47265190568     143.055304989    5.1855846417     184.99995589    4.5389646179     17.1266838237     1.0601912073
263      187.466993848    2.82177927952     738.845694543   7.24019597656    889.044470288   12.0616304208     35.4916667173   0.884165114979
264      306.545527056    3.93771324068      649.53472129   8.87955640888    611.846425668   12.9830435439     69.4068904251    1.23690889975
265      54.0667929115     1.5107277434     140.047456103   3.43345399915   -16.1276498077   2.64423408149     4.13668542404   0.687221676634
266      55.5302934888    1.70219755726     128.241429087   3.59580438854    57.9458043003   2.43760370749     9.67885089962   0.676633557024
267      61.3851466341    1.68275980363     144.514054859   3.72995275985    71.4216863662   2.38126713671     5.73247439528    0.70003029464
268      49.0558105475   0.746608763908      101.61731408   1.26385184099    59.3045908104      1.88278779     18.3935431176   0.656893861751
269      113.482972436   0.976577430014     223.636174743   1.64430443532     144.55831073   2.72803206405     57.0421232351   0.849090465513
270      49.9262276305    1.49308852671     120.639005816   3.12556285262    78.6172459788    2.6369597517     6.92991093307   0.660389483556
271      52.4983413461    1.69978342338     141.739287978   3.82818978637    71.3957491782   2.70628697794     5.16452110049   0.693082280596
272      64.9946143306    1.52708143098     145.391813553   3.74704705643    45.1886032841   3.03441059689     10.1793270774   0.774408765228
273      53.7652607796    1.60732857829     132.814481756   3.48915741399     38.015496405   2.60958732473     9.67133822686   0.689363990805
274      132.624123614   0.993127712275     184.225029303   1.96168155322    98.4379845643   2.09656933277     38.6887220752    0.62967567896
275      60.1350176344    3.02053290978     106.289845056   5.78729553678    140.683889905   5.89930217246     7.77749604288   0.794662432939
276      52.3726912951    2.23849977425     147.083033303   4.76663152301   -197.554085572     4.200664862    -0.96642921965   0.857214331744
277      25.3241374325   0.878295062781     37.4307271919   1.51292662639   -52.2001354486   1.53111228616     16.7286949663   0.668203454809
278      34.9608271793    1.29991412792     118.926037243   2.95956917424   -71.7334771352   2.95605493831      14.312431964   0.770482857386
279      117.795896925   0.945561902793     261.074219146   2.13991911125    156.205825871   3.57273326313      50.422614859   0.756569484877
280      52.6329426057    1.70257964474     135.042608217   3.33277295654   -35.6958481381    2.2940258342     4.67590502499   0.646242737649
281      45.7059748453   0.951969720797     34.0744922552    1.5165818109    -44.284061704   2.28104314003     15.4778038858   0.670536122215
282      39.7208618189    1.43496709004     129.547449748   2.99182278327    24.7408607522   1.88966442198      6.3678689424   0.646980767143
283      58.4695585334    1.82752221447     122.273987702   3.60247559677    34.4135157434   3.03391817103     9.94528174114    0.68612923148
284      100.940129222    1.90845706984     194.369719044   3.91545909088    55.2896840802   2.79901977052     26.7192284692   0.700100010368
285      1422.02258683    3.09598371387     5422.72557587   8.72141734654    4268.16103382   34.0907651884     113.178460851   0.740256276706
286       115.43945618   0.694094849407     260.344096494   1.34289425162    153.110369552   2.82950370904      38.506713419   0.798228754907
287      -6.3270592076    1.30749531892    -10.1027874176   2.51732386685   -26.3155803075   1.81772388705    -6.87594063644   0.657667211747
288      57.1415266271    1.57519648813     138.608228975   3.47756437702    88.7199920954   3.84167763058     12.7928172333   0.671865566105
289       18.150208407   0.695091843647     28.6651291298   1.41454516474   -4.62048307315    1.6530283549    -2.82325119528   0.604106373387
290      12.9296298713   0.715264510197     56.4148175046   1.35211126943    18.6377584787   2.20657936951    -11.4670512479   0.755541530385
291      94.9905611072    1.53364094705     207.709766264   2.80897839606    208.165096856   3.89146235145     31.3365964639   0.712891955606
292      54.9974529327    1.40788938814     121.099841803   2.78544827748    10.2271139916   2.79275019559     4.81939280313   0.683101395446
293      42.4736249771   0.778396149375     173.700709336   1.34955226687    175.501651533   3.52526564706     5.14702564586   0.669337962393
294      52.2533581826   0.927157852693      147.42849763   1.77156334801    72.3095911962   2.83255954203     22.7356832831   0.710426729585
295      109.437343073   0.837527753186     165.560858804    1.1674293539    114.893570174   2.08600012583     32.3593615443   0.660148092446
296      121.683190723   0.779371197472     201.226416588   1.34909139606    211.124832415   2.93984148133     48.3385755644   0.652781010117
297      54.2909375792     1.0249599608     98.5600503259   1.90068565839    94.2733395063   2.07535149956     7.72872933731   0.639741948361
298      22.8119482341   0.803864483067     26.4592805175    1.3969361335    -25.090027308   2.50879345785     8.54610081874   0.601486691476
299      5.81905183304   0.875535868182     42.4201397268    1.3575509429   -23.2507907289   2.00074613425    -5.78154466437   0.826487520894
300      65.3184969795    1.45719502049     219.871266419   3.13281769863    81.7345459624   3.33463898439     5.60318261301   0.739820663042
301      45.9688586258    1.08522677568       93.03189166   2.60299116565    127.197802268   2.33680037648     8.28564632157    0.57522650307
302      92.2429061944    2.68526301548     200.804585639   6.99013263015    207.694829855   7.37365027468     14.6385850208    0.80795112486
303      12.0247325709    2.30121739404     118.574723788   6.17183114735   -87.7426299842   4.02295590074    -4.63694807932   0.730347330753
304      21.3061784772   0.800653934422     41.1945396728   1.62954643175    67.6926526687   2.22639470386     5.95662105097   0.592342091112
305      24.9259847399    1.25598548899     63.0775523073   1.87096361972     75.755717436   2.30870918035     22.3906711183   0.652942635195
306      50.1965452741    1.95623573735     190.419051648   4.51737540991    30.9974969402   3.88108523318      3.6531007853   0.703940389817
307      89.7077641455   0.874507248026     106.947076575   1.26421518021    49.8283111656   1.82922600133     40.6485978687   0.787192206264
308       8.1314687487   0.915413540816     16.2124699406   1.64008903903    10.3208658943   1.83681088232     5.38977407914   0.548696138984
309      19.0805179315   0.679213442971     48.3986913242   1.23815329908    5.92813215258   1.91807569086     7.82161261466   0.716206631618
310      76.6766686276    3.35395539384     218.963433695   7.89807540439   -63.8063844013   4.82930032355    -8.12895402053   0.843389916787
311      112.197201929    3.27980177401     320.204481338   7.16952288333   -16.7286508626   4.48181315068    -3.31590945462   0.780176745723
312      201.214267495   0.770258417757     617.003941884   1.65353175496    421.077837669    3.1055223372     20.1811090697    0.66988071261
313      2358.28142852    4.87661192682     4207.72949267   7.20099469859    2020.70721651   14.8548528368     549.660646011    2.40680592431
314      58.3542641924   0.738614397591     139.062945183   1.42199183315    119.664082567   2.43209706617     9.34331258928   0.568384164763
315      64.7723863656   0.759275896352     152.590916247   1.61325450204    162.366768964   2.24483226732     29.1754410955   0.633820805459
316      61.3807646774    0.70578268408     139.221833756   1.35440244532    158.155356063   2.27994557589     30.8508209318   0.595968048782
317      31.3186135661   0.761043394406     150.606984674   1.45759511202    278.557669472   3.62549827214     16.7396815562   0.711752602714
318      19.4791030168   0.751020458458     57.5886936717   1.17342671795    37.4501649217   2.27090068758    0.621298003216   0.756941464212
319      67.0351419564    0.80644627833     101.852483311   1.21013523398    138.576642102   1.95055932584     31.3565614715   0.718640987549
320      71.7087522473    1.45481170991     146.024485951   2.92448718333    114.213886912   3.72658943442     33.8441803078   0.804717210008
321      63.1616807667    1.13987140446     117.745626482   1.66913609117    58.2747324559    1.6178547667     21.7188879102   0.700795577102
322      511.877726003    1.34095902041     1847.38209731   3.74401574061     1811.4576489   13.6534821749     32.4000057953   0.662329294686
323      105.281986172   0.775677197706      172.70069948   1.41663003006    97.3850691214    2.2155335161     46.9234815298   0.827614955985
324      204.497988086    1.61970672458     499.127329797   3.78913594391    308.475553966   3.21421493212     83.6656240939   0.949152516352
325      84.7238724765    1.00451296297     137.866203446   1.37648466186     187.64739754   3.18551540386     45.5434455587   0.694118205114
326      53.7286608519    1.67705729144     71.5175250835   2.20514397239    101.818302679   4.08151329892     25.2606029991    1.09736815032
327      101.034736618   0.843045502779     119.441809283   1.19156114053    182.908498799   2.74592972726     44.5321084965   0.651649768623
328      49.4419019195   0.944255685005     63.4129905321   1.33507091276    49.4926792267   2.45493480967     28.3078515598   0.638583371437
329      30.0235168654   0.800981413147     52.1687191232   1.41295503716   -60.2661877811   1.74585268035     9.17932605913   0.787150487151
330      542.323356102    2.18582824976     1107.53269231   3.68837760612    665.543568227   8.51956838726     172.122367836    1.14025368452
331      158.875046583     1.4662504986     340.361642983   3.01154914497    206.374023599    3.8365913377     33.0766504617   0.715048458938
332      94.4415215558    1.11931971683     176.473926354   1.75678933966    79.7457034734   1.78910553845     27.8477236377   0.681537041658
333      25.7455466374   0.711040625177      53.553834177   1.31200330521   -16.9005879304   2.03081870817     5.29310163153   0.624021307941
334      26.7826220798   0.573250808022     53.0911113557   1.09626141507    35.1214765219   1.26117480607     13.6319401318   0.623132565831
335      136.178174396    1.28095406243     143.502721252   1.71923964836    83.5539625051   2.44508566962     82.7566052828    1.10283556869
336      2154.63410489     4.9983656266     7914.27534171   13.9973294003    6788.28716567   54.7261351726     168.902935558   0.908776279662
337      294.637128969    2.43826795271     588.161643662   4.37366274736    418.765358065   5.68908955338     63.8695506703    1.04080258745
338       79.702534316   0.694859866474     111.913620293  0.870722643422    179.774659394   2.11759973744     47.0404372829   0.524912349168
339      46.6879669235   0.792857416227     83.6730519215   1.21078064667    9.22208889857   1.99161018383     17.3189405858   0.567859885025
340      4333.09533043    9.42724603005     15130.2207927   24.3351673532    12842.5026327    103.99538243     375.461288403    1.57312430434
341      285.183889335    1.75196689455     657.043198047   3.51362823573    499.551145988   5.40654096137     118.451234682    1.24938609278
342      876.970406473    1.75059399644      3018.3720343   4.73128876031    2320.91633963    16.897734954     72.9815906793   0.665603679162
343      189.720733209     0.9355086319     286.657971265   1.27953890217    66.6537430654   1.83287370667     65.9067141125   0.695050085055
344      476.819764663    2.95475306681     1002.20858411   5.58454079174    644.488607179   7.36098412249     92.4572367374    1.13058469719
345      33.4607255063   0.691096597619     176.189063005   1.34199292769    230.348169685   2.33734702924     7.64776357531   0.676610662817
346      39.6011404815   0.887047026436     56.3679043387   1.36753739454    41.9862622264   1.62415543388     15.9041221117   0.764066637748
347      52.0218491346   0.759557792811     82.6451846347    1.2447337346    21.6447555617   2.14557887218     23.8636572844   0.829695502625
348      424.012470919   0.929265180406     1487.26215997   2.45453156098    1140.70455338   9.35384953406     31.6881959221   0.730969666964
349      83.9266274093   0.839980910588     176.825071508   1.32039939404     50.381861034   1.46697215203     33.2912491345   0.729141362323
350      29.1302587647   0.742510725999     186.028776779   1.81801652076    229.877600352   4.56094646996     1.26825183332   0.592617501012
351      64.4764920396   0.772789298452     84.3301407854   1.43221780455    9.94766932089   2.15086568166     44.5741418055   0.568857953131
352      62.7763433363   0.744189318871     375.443359649   2.30269612938    576.435078164   6.91441144629       16.44284398   0.633462658671
353      90.5900932049   0.962514752955     180.030466092   1.59264251649    70.8643590778   2.21369577907     22.0100256281    0.60488618518
354      136.752210676   0.858417745238     650.342102716   2.19267364093    560.628847363   4.48261207034     8.73661453115   0.632121638168
355      37.6455473519   0.918764859945     59.9611533374   1.62938308414    27.6765778553   1.49961098102     20.8697877331   0.747638916647
356       42.277874342   0.699713651669     40.4065750655   1.31106408136    -79.522084991   2.16816948473     32.0220034342   0.612439050746
357      34.4432494104   0.701262041218      48.886403997   1.02684702372    3.39096830706   1.55153392792      18.448256909   0.616171430353
358      57.2530656967   0.663784833374     77.0454725174   1.34748756083   -16.6603327265   2.06272308366     23.9354968738   0.777925951107
359      40.2069705578   0.874112673172     54.2782748586   1.10670496666   -73.8563534294   2.00071132503     8.73424901463   0.632131632118
360      185.619990848    2.09391527818     348.539360874   3.86640819789    280.564625273   4.22154271057     46.6054575986   0.874350728725
361      132.732065443    1.54358047053     257.224587592   2.56742987479    156.843744325   2.93860655347     30.0858825056   0.757833632427
362      15.1094403063   0.627340795136      48.769263463   1.09371544059    57.3717737498   1.41379305188     6.86971274766    0.42944385976
363      12.7378645698   0.788176002338     84.4420072296   1.34615757613     26.768369803   1.86693834503     4.82242755101   0.655505802164
364      124.448618944    1.52537129797     232.993537169   2.63958615916     147.25485976    1.9067914576     34.1384912961   0.854681615221
365      132.302798062   0.709178648014     120.606650363   1.40048371676   -15.5761066699   2.72879590318     86.5232355005   0.638514823288
366      21.9550726183   0.764072686469     37.3236080644   1.28813718147    -44.033806939   2.22833243868     14.0908334814   0.508696335845
367      14.9655334023   0.605752957739     45.6671955417   1.31635744467   -72.7606584581   2.69084438575     3.96979386289   0.840303632888
368      51.5283320518   0.776040034937     63.5760341916   1.10866094602     12.803734056   1.65782442215     33.4140615713   0.671120959724
369      77.5801388262     0.6904632013     108.064191661   1.27520045746    13.2811555098   2.82624217707     33.5055563397   0.723791071011
370      38.7276835788   0.731725718104     45.0191588613     1.221451512   -68.7102791908   2.13523322867     37.1446482454   0.689811691811
371      36.9124992905   0.734175663047     44.4649358552   1.20062856026   -36.9906456236     2.299247509     15.6554070228   0.578028239367
372      85.3909251736    2.34193851889     209.190861991   4.69098158016    87.4330925529   4.01296461689     6.92299040015   0.673812558392
373      28.9484726237    3.44121888515     134.738811041    7.3105620952   -186.395243163   5.21689519193    -8.82756102351   0.853634759927
374      125.088005867    1.66719547669     289.074447226   4.46475465431      113.6790253   3.93466306285     23.8705935304    1.12492954753
375      15.1814325221   0.789629416829     16.6883179274    1.3697372866   -45.5222468775   2.12367754021     12.2076705373   0.581029810339
376        71.35626523   0.869035639044      118.09686525    1.7144023367   -21.0896368873   1.51329185943     26.6389213968   0.651679003526
