# id F89 E89 F90 E90 F159 E159 F156 E156
  1     28.5801814996     1.16162370231      48.1881690728   2.41905469142     -23.521500941    2.4121025684    -5.32075533814     0.696316403229 
  2      10.196111918     2.93782715888      2.24145226779   6.74439100722     7.47621484799   5.92567662125     6.54385023704      0.77329695531 
  3      13.572855027    0.987791787598      52.6057422664   1.65779685818     106.388302598   3.01080392756     2.52241021533     0.638657252491 
  4     101.560697578      5.6405150351      210.037656926   12.2616482015     193.445845576    10.239530178     20.4563256174      1.05666059557 
  5     6206.78700285     13.2061965898      9066.73825725   15.3053024453     3205.91754369   32.7222694268     1857.86172942      9.67656453984 
  6     34.6647416001     2.73939337735      67.9351675847   5.10423210734     61.2479868623   4.64025125236     14.0205859766     0.718061250551 
  7     110.135780569     2.11769964627      139.251444916   3.73058452999     108.601693641    4.0630937641       45.05175759     0.829780143476 
  8     84.0232621645      8.4832512007      204.418033033   16.1218316002     185.197442251   13.6076247372     1.97117205072      2.35846985363 
  9     93.3512667325    0.839119111995      107.852010763    1.1944376453     6.03314812621   1.96511271305     35.0489429693     0.737608701389 
 10     45.3148425806    0.725419260077      233.320619538   1.27649313263     197.239090693   3.00679568548     1.21440908561     0.554007242028 
 11     143.760088535     1.63361949543      219.108645657   3.17984310743     62.2074620611   4.38293473048     70.4299721728     0.732379253301 
 12     5.31493944933     1.12427726265      29.2027322412   2.07298040932     52.7987089902   2.20341252901    -1.48747069296     0.513347042425 
 13     63.1732625934     1.09442032265      97.0640615019   1.59888118183     10.9182614197   2.20970118625     35.8909825449     0.996693202345 
 14     81.0295662245     1.40446967577      142.653214601   2.25719368263     111.500071621    2.3734440943      20.493079756     0.537467996259 
 15     85.7641760949     1.29428915829      153.148829376   2.29030022213     120.325219504   1.76207352744     20.8678792804     0.689060868126 
 16      153.86888221    0.759409335798       272.10461113   1.19332046842     192.658288214   2.09130672767     71.7111754892     0.615603462264 
 17     35.5795431438    0.671314552065      53.9065341408   1.25974542203     12.2063550236    2.1037165192     17.8529099283     0.687290601363 
 18     71.9759728645    0.519967283965       88.734189923  0.815984816458     60.3314460945    1.9557069359     24.3134775454     0.482556801049 
 19     229.321955734    0.841728122517      869.757748957    1.4926864206     690.768551888   7.86683842663     24.0936006683      0.59841210498 
 20     616.133932431      1.8673449593       2098.2505675    3.9665728815     1186.49832981   12.9966932528     60.1668000446     0.686333653646 
 21     85.9699153334     1.25068767553      159.702449783   2.20918549641     98.4607349692   1.64224541727     32.8130296783     0.656472980934 
 22     68.4152380903    0.735608868536      89.1170956669   1.34762228627     49.8728051006   1.80491499905     23.6477523147     0.598234547417 
 23     3.56370425683     1.24352054057      4.65050361415   2.15295460347     18.4510230966   2.59450248197     8.51312435259     0.808022022468 
 24     32.2313595651      0.8171462658      31.2078915855   1.34597927791      63.398935526   1.56090596299     4.25900833757     0.641010714065 
 25     144.888431317     1.89153620245      240.544847249   2.66231398878     101.381724242   3.43779432839     31.1932903001      1.18690245516 
 26     148.504327424     3.54612163731      270.497343447    7.7026126266    -41.7923633909    5.7665134778     41.9152276129      1.45112803884 
 27     210.201472905     2.51868520748      280.697823419   3.77619780828     189.172603547   2.74904611571     78.0365393112      1.59811385132 
 28     110.481719907     2.07205725918      206.492193939   4.85839439732     20.9550325204   2.74376416165     39.6230115512       1.2861525871 
 29      188.56666687     3.23971654857      271.719001242   4.63275913907     108.658136227   4.20836730013     39.8125359551      1.43857105342 
 30     74.5736685681     6.40337140711      152.725789823   10.8741827368      113.31321967   8.78048509363     29.5579177531      2.74421284232 
 31       27.03621899    0.773692978064      46.1711844211   1.30834985447      47.695795113   2.39479406146     22.3457333592     0.729263730024 
 32     70.8746038679     1.95346922434      179.739198663   4.40027462439     70.8123573416   4.59817318947     10.7772729947     0.873485961438 
 33    0.324739347661     1.15441622276      21.3789350086   1.92877478854    -24.6230891518   3.54603326452     1.14534141227     0.854622028842 
 34     50.7019277647    0.760897503838      71.7333135355   1.07521151971    -15.6636384271   1.96947082746      16.043109612     0.644460515131 
 35     41.8277380009    0.972335780504      154.357688707    1.6490022373     68.1338556281   2.68385699983     15.9037778532     0.836208927846 
 36      84.244043337    0.789918781893      126.626433646   1.41020231966     90.1595567612   1.79257705828     61.9963983297     0.710088615034 
 37     115.411088925     1.79675148035      249.574242598   6.21859077617     135.454282731   5.77427861239     71.3782872336     0.738979808857 
 38      56.270635819     2.16797618946      317.399701762   4.82091231978     216.728145834   5.20543062793    -11.7621017271      1.21191230955 
 39     109.628577786    0.929312281959      181.131136914   1.61558370599     36.1959918772   2.97662506531     60.4140468801     0.781202103818 
 40     201.003634924     1.76532041799      401.212637752   3.46881087021     196.748788008   4.41194577414     25.0858335557     0.831069603855 
 41     65.7734556006    0.792820787311      93.0520853265   1.32921126646     30.3890279986   2.50363728257     39.2754336337     0.712359395295 
 42     51.3818661894    0.688207199682      55.4129150001   1.38585327665     56.9260715977    1.7828920745     22.8936983027     0.584706709748 
 43      36.396621484    0.867644690517      99.6822892422   1.58734371029     83.0918385401   2.37084725078     19.6848892404     0.553752060397 
 44      22.083904085     0.76473635764      75.6323061749   1.26543896948     57.8692854907   2.01378884035     7.95127627562     0.683176199965 
 45     271.305894033     4.45852172034      439.197905999   6.05063328954     294.587560627   4.86441266851     88.1664068813      1.90854047464 
 46     223.368096566     1.27464920103      429.969434306   1.77617013075     161.654979041   2.23763875884     49.2614468978     0.689482946635 
 47     63.1576167677     1.12850755939      85.1415539625   2.46735025804     24.2562317438   1.85568049902     37.0498245817     0.813919737734 
 48     109.214523747     1.13994268924      197.289826572   1.43846671173     149.106144724   2.53215847035     64.6827026643     0.775920067255 
 49     27.9856601757     1.25928758699      61.3446109449   2.27872669278     30.7039553343   3.08151474122     10.6183273152     0.636584229776 
 50     61.4244071436    0.795619933252      108.993861741   1.26956602477     16.2524288601   2.03132755366     18.8069934003     0.611683354067 
 51     94.5991957312    0.697557521522      190.060221708   1.19178152068     144.647826036    1.4597922861     18.1753258769     0.616550380723 
 52     51.0680017765    0.721259111835       75.362343165    1.4426107586    -4.29775363696   2.09346386411     16.8793305385     0.665177283576 
 53     84.2152382016    0.865535555398      175.146152173   1.38568590101     96.2717604276   2.58432951739      41.556526363     0.725929149784 
 54     41.6914215366    0.891254970635      74.4349675788   1.89855674585      79.107280316   2.35751291557     21.0186133307     0.617835665152 
 55     51.4325241607    0.999968656471      94.0893010437   1.44677714655    0.809921497406   1.85194223177     19.5798444146     0.808849834633 
 56     82.0323275119      1.3344508001      134.826104925   2.27888611845     97.6436418147   2.63131068391     17.5877667145     0.669192617273 
 57     130.512587547     1.28384313761      174.226990237   1.79684963826     56.6618032314   2.12964212578     62.1514600418     0.809591353085 
 58     49.8410745485    0.823344727177      73.1710985028   1.49566436448     29.0067920171   1.76872789266      26.220659131     0.722666737878 
 59     2368.95495697     5.59007227008      3635.86741032     6.713689283     1186.39738472   14.7472212804     627.749239432      3.80247585243 
 60     23.9525779062    0.986410098536      56.6926938946   1.45862084726     15.5670387931    1.8791833196     5.40812514903     0.619238398948 
 61     60.7636963382    0.935581352421      71.5701135011    1.7361394447    -4.90873722287   2.21511842153     25.5456576132     0.597329533084 
 62     38.5119263799     1.08132467468      70.3384938365   1.70205675793     49.6885493778   1.73056693901     20.3037172121     0.655625691621 
 63     55.2528177482    0.972131877509      49.7463732069   1.55623641535      60.798382804   2.18670041881     17.5435643715     0.604517664733 
 64     32.2200081113    0.710272958069      66.9965660552   1.41731914082     -7.4930475387   1.99162089903     12.3219260012     0.678558017512 
 65     203.204877429     1.00851504931       397.80981247   1.76737086958     175.790958935    1.6953781209     84.5760170339      0.72931377704 
 66     183.524876751     4.58181490692      465.130500317   9.65627023954     314.945429304   10.4129556491     69.7047231554       1.9515482043 
 67     28.0712468376     1.03155413415      74.6482622185    2.3141221309    -3.63544095615   2.06621694921      7.1725189116     0.551257373495 
 68     28.8944689743     7.53248681594      57.0103370406   17.9256466931     102.216215965   10.7742741818    0.392321009357       1.3521895338 
 69     62.5031945128     1.10296249175        57.45180869   1.95109814489     25.4905773237   2.70398270949     18.7988760824     0.688286322834 
 70     95.5674680665     1.06161370694      175.807355359   1.85270243256      43.868983799   4.08808178175     52.5869669749     0.949152958772 
 71     21.3634077447     1.29867167605      49.2632694451   2.79685557951   -0.212248731939   3.31980695897    0.701566788912      0.61442154096 
 72     56.8387569733     10.8913922883      270.971400314   21.1807400912    -2.89847238019   22.8437990542    -11.5799336279      1.99528388836 
 73     2025.89659559      6.7701694564       4704.0726428    14.935400659     1694.18488023   42.5145385567     261.031745553      1.62814144746 
 74     3901.24177701     7.90911434851      7391.03380077   11.2764905523     2672.91540225   32.1291029332     680.071721681      3.19476413314 
 75     47.4754527406    0.910561277641      109.261388407     1.700551155     38.0170362467   1.86298237383      25.839796451     0.650427957039 
 76     129.846035871     1.03481857057      168.609150637   2.04582450487     29.1565506953   1.97861224997     50.2949055874     0.684248530727 
 77     74.5007070604    0.771672211783      135.308958976   1.36057526585     67.1556337558   1.60893705119     22.6160246921     0.619926739007 
 78     67.6265788833    0.941358612733      117.440341209   1.57382638648     174.128897126   2.50075568993     27.3860959916     0.864264869456 
 79     34.3017360815    0.581514970241      40.7311672125   1.04093548913    -6.61618099898   1.27972382414      18.069155723     0.495643111548 
 80     297.828258967     1.29276163754      1064.31063443   2.90367240491     833.652817298   10.8548259259     38.8120714024     0.544784204669 
 81     207.480717943     4.66412548484      515.871327198    10.492670042     100.925248939   5.55832979979     13.6595476324     0.865277949302 
 82      255.10461551     5.91173568907      638.165161832   12.8104683868    -320.212729074   13.6447689111     12.5859753598     0.905302065001 
 83     267.628261044     4.02676599634       467.16212436   6.34889882977     185.738616661   8.11769562715     84.1345452651      1.68115735518 
 84      74.772680349     1.10106500897      108.410571541   2.36717839524     76.6106076532   2.38234991362     27.0556905912     0.666760227849 
 85     110.210021435     1.51117528735      211.639915786   2.68127857879     96.9826268313   3.44566625972     21.7399033792     0.777842039881 
 86     42.8121609316     1.42642155053      52.8746217826   2.43127029617      27.999669719   1.55029288018     24.5226603084     0.702024682111 
 87     62.3260760719    0.499116046991      82.4982661157  0.912648378237     49.0417759478   1.40012057839     33.1273056585     0.498239576769 
 88     77.2703392584     1.01707920759      121.727744811    1.7338182492     56.5416749577    3.1938206767     37.0186311718     0.844826263071 
 89     23.0150763024    0.813117231864      88.0249875687    1.4736538404     154.525131722   2.31282935842    -5.37043342894     0.641824394963 
 90     118.763177786      1.2522129845      233.270998269   2.18321088757     66.5246841693   3.51045508457     79.5904425057     0.833896952976 
 91     2893.00211767     41.3256569129      6582.43055301   84.3171383142     3693.09308993   102.940099448     458.284424112      8.97008538533 
 92     30.2868113703     1.21382771641      45.0306929854   2.44122509368     66.0268376717   4.15466962657     5.32290726396     0.628096960733 
 93    -9.27132429084     2.64950583456      9.46046852028   6.92829714784     0.92466838581   3.69629306878    -1.19808185536     0.723695957145 
 94     56.5028447447    0.824219285831      110.081673173   1.40354682599     70.2581501986   2.40502045707     14.9386391671     0.529490122666 
 95     11.2914604198     1.75979597495      30.1521087922    3.5991171592     26.4374187915   5.22065312838    -13.2911305545     0.914151152063 
 96     2.75380158645     1.93897880527      21.3734291879   4.26812824811    -12.6269916095   6.61908782882    0.483254776275     0.853367304226 
 97     878.137108735     3.13708927882      1229.22738877    4.3634104365     1933.80974002   13.2291726421     391.991022982      2.34415785056 
 98     319.014139857     2.98072339268      601.700184306   5.08168677336     280.742815199   7.83300907046     67.8957526559      1.22489774442 
 99     52.0841995741    0.742129637079      75.7917793113   1.41464460769     38.4806252333   2.30972693699     11.4086855899     0.642756236749 
100     387.410832946     4.40980373625      787.956972132   8.43947210687      367.77738315   11.0088136916       72.46591761      1.40535609909 
101     21.9494443552     1.52247940522      52.1937307118   3.30386481967     11.2550752302   4.58336430083     1.88417980546     0.638240157367 
102     94.3069429497     1.02853941285      113.129462315   1.54981694717     27.5822118743   1.56061499442     37.6139622984      0.86818141271 
103     23.9036371156    0.963458990672      56.9742861173   1.65898497881     39.0949495599    1.4170437304     14.3869569987     0.634777793234 
104     52.0749243408    0.760362567057      86.2689817886   1.35274471216       43.92696181   1.93762422761     24.2935280533     0.620729916804 
105     139.589798882     2.16691205447      288.269365015   4.36306687925     146.050876477   6.15276221266     13.5398254871     0.895799033952 
106      21.396448111    0.715888534077      103.660312997   1.11792517154     187.031533068   2.43483116101     12.0328685376     0.667293341649 
107     20.9295545017    0.714613361995       41.627612947   1.29080614718     0.53283820665   1.84145422449     6.02953428299     0.611828198859 
108     61.8636544088    0.818172180553      130.798043596    1.3866593161     53.2746035256   2.48038723148     34.1246008964     0.672067573238 
109     345.036302148     12.3994876061      1909.14675695   22.7465590098    -4110.19881933   73.7059388721    -119.126103872      3.03822527764 
110     26.1558258465     3.08381371991      33.3713224276   7.71254651802      18.174581002   4.48935363626     11.6569924735     0.921390650026 
111     173.929810342     4.79418538898      348.255414351   8.24815205935     168.889496044   8.41732772459     36.7465048359      1.54869374939 
112     49.8676566697     1.11980072158      111.085327388   2.03953014061      6.8040348362   2.21555071918     29.3891790549     0.608609570062 
113     55.7148953894    0.890118445379      119.587636814   1.64203130423     27.8916768832   2.27734380658     10.7604371765     0.646759746915 
114     263.463295889     3.81952857494      533.152557647    7.0294066397     447.676899713   12.4378235152     105.048840704      2.06991161242 
115     273.130168701     2.93751542965      548.782237362    5.0717955995     290.622504638   6.64305411612     53.1189862655         1.22405391 
116     149.943147481     2.38924033365      293.824181446   4.86279432897     111.625313567   7.21978223387     35.5529412489     0.949581589334 
117     16.9198201661    0.718710201003      95.9341385984   1.35714572664     164.954259083    2.2756858575    -3.26289566243     0.664849116835 
118     62.1002130027    0.718035868702       118.85290183   1.36045850958     101.888558636   2.65996674723     21.7459326818     0.634072796195 
119     15.7340376794     1.24055034539      40.8845268279   2.06654461741     28.0079359777   3.62975810868   0.0642515567284     0.682361997162 
120     50.3137167085    0.973615930553      93.7320147902     1.734861284     55.1010201568    2.7549524991     20.4694975356     0.614190280551 
121     72.5846977886    0.819277506569      104.348738008   1.36010512019     15.0739572475   2.52065746447     24.0189999593     0.720381053762 
122     25.5010745673    0.913734203392      67.5246415103   1.49850383284     71.3050957521    2.6733402696     5.30400785141     0.797713991252 
123     86.4385494741     1.03606733262      111.754952032   1.70504704597     68.2381570234   2.07014621999     44.5202324924     0.805654191417 
124     393.082373596     5.27401451376      832.664826609   9.88951918529     432.037804817   11.7699064574     79.5857291693      1.48291864174 
125     9.90460198407     1.55437831382       12.534983459   2.82237142446     2.76209008587   1.90225432168     11.7672621051     0.792744605214 
126     17.0730783388     1.75166196004       48.584773127   3.28133274434     21.1091799771   2.68951048958     6.94958986795     0.868268313719 
127      24.477427176    0.852605652809      66.7681802187   1.81579534547     36.0183180915    2.9983599822     9.78789846261      0.56181276126 
128     40.8536995821    0.755835700411       62.765614504   1.28943290668    -28.4738933626    1.7287959045      29.397657071      0.70275379078 
129     76.4601554687    0.701297189119      180.007883447   1.48036429914      104.47598829   2.86292980193     26.6276138912     0.669518470798 
130     2850.55974301     7.04590499162      9622.12848039   18.2191018778     5008.65126521   57.6484259107     213.286362682       1.2741848257 
131     27.5289166797     1.57844251344      45.6162428438   2.65616112674     39.3661452486   4.04378695498     3.62016273369      0.73639573516 
132     38.3885534622      1.4802132625       61.857138765   2.38723571151     35.1839630046   3.26994554323     13.1582390622      0.71091440488 
133     100.396046342     2.47499024105      188.993756559   4.64991767443      168.67549576   4.45536747914     22.9437738302     0.926462297166 
134     27.0731793493     1.94936887428       36.138032246   3.36443030583     49.7677894047   4.14180108072     1.68675301934     0.780592098575 
135     -1.5112641458     2.25407587528      34.4080807998   3.43328859887     22.0528188484   4.30423484453     5.66989768413     0.737870954654 
136    -3.83325642108     1.82057548106      8.19772277939   2.86657294389     49.8765818745   2.37965929805    -8.62707488465     0.846286384152 
137     3.91402750731     1.69862089859     -1.49521415342   3.10114249859    -34.9133587575   2.63399744562     2.76120588649     0.742419450631 
138    -1.10467496271     1.88397481816      22.6411540927   3.15379637115     20.0953714789   2.34543078226     7.84564145706     0.805057886756 
139     13.6419146885     1.66629883319      4.55813287458   3.10281238945     54.2251079738   1.96376492332     3.52829540551     0.727702586014 
140     24.1783043564     1.34105853987      57.0412247708   2.81271511547      9.3390091873   2.16309171831     8.59239811334      0.73940893581 
141     7.80504823051     1.27156455928      22.5583797007   2.50895853525    -54.2545012347   2.56752481142     3.04683374931     0.796663216712 
142      103.03696707    0.612880915592      150.334010657   1.44014561437     17.2301003266   2.34344784803     21.6763133836     0.569449960332 
143     4.58238244011     1.73413162135       9.6832906069    3.1764680735    -50.8910374756   2.27644064216     1.89579344135     0.743662876075 
144     41.2012059564    0.786569996477      68.2365762027   1.28697331769    -3.91425512594   2.55861382256     23.8801183627     0.705313957858 
145     145.050509597     1.11636257418      177.375094905   1.63030935045     93.3390694512   2.28165908035     88.5028233242      1.20992282675 
146     96.0292781367    0.928156844315      161.967523028   1.44314617257     99.4573085666   2.23287965396     34.8726521761     0.724425078654 
147     31.3294957934      1.0834066332        66.49785267    2.1883185332      19.452641576   1.61687842458     6.76297102534     0.679730657472 
148     156.096568215     1.75234287535      260.730634876   3.33832822523      133.54960479   4.78197996824     44.8751899316     0.763669040904 
149     8.86860605585     1.13358762262      10.5964839954    1.8164020986     40.3978546055    1.8813421195     3.82520290617     0.646272079924 
150     41.3179614122    0.775380098308      87.2751286359   1.29371645844     78.6736126936   1.93444291608      13.389892016     0.712289110358 
151     77.8157039821     3.68284412445      250.758524436   8.70221629136    -191.995856997   16.2985279117    -5.65862828612      1.41323836546 
152    -5.56488922248     3.60887542919     -45.6474243326   11.3137390542     29.5147021392   9.81081399864     6.98408626529     0.684742149237 
153    -22.5532831991     1.49052589801       14.726976124    2.2847096883    -24.2297374889   2.45382654969     -2.1504105061     0.674103230438 
154       84.26762506     1.29355963408      137.431376262    2.1459165959    -92.9870337968    2.8605118325      10.661673033     0.758001464228 
155     128.513865924     1.42749922199      173.615799149   1.88587317521     76.7362757403   1.94336223038     43.5796412763     0.758520702774 
156     81.2158460754     2.96662483067      329.107442497   8.96036972627    -130.266644042    10.898603371    -3.34600432266      1.32075582097 
157     30.4418352748     1.61504222092      68.9175933512    3.2090903265     82.3200280758   3.91282713478     6.56112673347     0.851927209173 
158     121.709629872    0.975936210408      143.899249165   1.54482752985     21.0964249237    2.4822652368     54.7660769398     0.834694575323 
159   -0.591252078551     1.26294458066      27.2616176627   2.30834921874      24.557602831   2.58047898703     1.99337760084     0.757046078303 
160     21.0069991787     1.63216548787      43.7282629618   3.19708103152     23.8992345159   2.37219154884   -0.633530301982     0.907989968443 
161     158.268504828     2.08591970477      347.236062392   4.43444139957     205.901625511   2.71030477851     72.1783129009      1.17330903624 
162     6.97568821188     1.01038781884      32.3526969351   1.73481658856      25.694760415    2.0652668621    0.559843830004     0.695039893619 
163     42.4534289221     1.04314844266      88.6485441315   1.30517020031      59.874409335   2.00428392074     12.6517530005     0.637844736838 
164     79.9435500398     1.28046797569       136.01865174    2.7476308563     123.112023844   2.97730923732     37.4685663636     0.781669652515 
165     49.0655672078     2.19623940748      92.9413615754   5.35877362259     50.0630256598   5.11881944707     6.56024533338      0.85725330823 
166     61.0337626329     2.66926969764      130.370864115   5.70068377964     38.8014355647   8.31046222946     24.5072453326     0.952451263763 
167     64.7059780603    0.901953488946      128.197168236   1.36110187464     87.2810934195   2.08436202473     12.1560007905     0.718762886999 
168     60.8548993526    0.951393354558      113.695075881   1.83866473402     50.4802816049   2.13818763495     11.6549866395     0.559913416865 
169     277.006435173     1.83546122679      476.271488847   2.81565169112     294.048717837   4.01487476374     97.8682791107     0.760622760227 
170     540.162887951     2.77139098674      2181.63084378   6.07826083126     3117.03317225   44.2861137848     33.7050809004      1.09931993494 
171      11.681943863     1.09917476898       16.648803252   1.95618060691     25.7494430867   2.53193853773     6.62605928505     0.661095361211 
172     23.8790644629     1.77928270088      24.5779942894   3.56106882241    0.351281083866   3.65241320616     5.76085992329     0.761214425546 
173     19.5796978557     1.97002360912      28.3117795594   4.00580260428    -13.3556847499   6.06143058224     9.59926533264     0.784768359897 
174     22.6272506864     1.57378298085      76.4072333316    3.2167337914     42.1056864078   6.92033538014    0.841378991037     0.745298604853 
175     133.382180371     2.14952949945      317.717737916   4.95953058064     195.820308792   4.78148192854     13.8833774038      0.77253655788 
176     71.6149005647     3.34377639988      153.328937183   7.13211972018     165.187222438   7.93734577729     35.3536215103      1.70485824067 
177     60.8406955322     2.55703773973      126.329998202   5.38179220872     65.4175170472   4.60545514677     1.58921020453     0.938490459779 
178     130.878395464     2.00015717402      304.147898121   4.43380163682     157.161886948   2.97324571496     9.93647549498      0.73228454801 
179     15.6577026256    0.741121168361      36.2619482711   1.18579761558     69.3908948095   2.38839755985     8.30954275008     0.596517550832 
180     4725.45806162     14.8397483325       6811.5256108   19.4248825018     2153.79008857   37.1693706305     1547.88307555      9.45079727827 
181     17.2840433706     1.06021492353      44.3136882068   1.73119419443     13.3074029109   2.22406328432     7.89364424533      0.57401523735 
182     189.965584894       2.586525792      381.198960297   5.11002872204     232.901256411   5.13728671064     30.1011846671     0.782302192957 
183     30.1687401621     1.05164903336      79.2177071996   1.86544841679     17.1655494154   2.56702209006     2.37305393927     0.785228815454 
184     16.5502900987     2.46185299181      22.8377654076   5.12756862517     56.3850028068   7.00044464326      1.2088390792     0.801924221596 
185     178.354821725    0.791733986264      271.052679103   1.41254436408      167.24370727   2.24978497866     87.6046365059     0.737745252726 
186     9.06204061869    0.985623250168      40.5978587569   2.37597721304     53.7626167901    1.8849886025     1.02659726981     0.709256151435 
187     546.563627981     1.71982056353      1855.01759173   3.67188406176     1063.05467256   11.9995919125     39.5737123517      0.56266009116 
188     105.420065639    0.968639460934       154.70879945   1.39172808081     51.1117447299   2.48283902582     58.2764812066     0.833107158515 
189     59.7417519146      1.1339704721      198.469293338   2.32985767918     216.920996369    2.2129914743    -4.47791017074     0.578697085991 
190     26.4246034256     1.21224050337      82.5701590051   2.46223730436     24.7595819635   2.97580100813    -3.38953885292      0.76601096366 
191     122.704214555      6.9453595771      258.475920167   17.5715179107     216.279794256   9.47294386296     17.9110312441      1.02976401568 
192     90.4092675464     1.16826372091      183.454765467   2.23953346399     120.835348215   3.52425582658     33.8685216155     0.698426535953 
193     65.7685505459     0.82031540536       141.32642687   1.47627570792      22.659517673   1.88887511897     17.0866520479     0.637652675034 
194     2.62548733591    0.571459378333      25.4102221752   1.04331648196     22.7494829715   1.79876565038    -1.58938992541     0.408284485743 
195     69.4497969991     1.55203044994      143.968210895   3.03372754021     144.204062667   3.04891429555     16.7423406688     0.760718106773 
196     70.7836582813      1.1156990747      104.821730049   1.78030773376     24.1275788929   2.20764131873     52.1442116205     0.727063081743 
197     91.0949027218     1.24647683097      318.888505319   1.98030197411      304.63054972   2.64438068452     12.1065797957     0.590980007053 
198     66.6258909053     1.00971156134      106.407313067   1.75201557566     67.7304212856   1.86404644567     23.1348265707     0.674305543964 
199     212.789169548     6.42279503666      440.995634282   13.6903484686     -359.60407269   19.7478411192     68.7315368968      0.93994322985 
200     174.158348735     1.81261007539      332.637541216   2.92255973408     97.8097160893   3.17476727091     57.5502201174      1.13951410248 
201     62.8354298989     1.09863021208      134.399635622   1.86850078451     104.436328483   4.08188195771     16.8021649565     0.853644436681 
202     66.3458397809    0.623258160232      76.7784768836   1.22469114503     6.43944459442   1.30696852677      23.892714178     0.519426549089 
203     196.966171865     1.38980125705      566.045271042   3.44418216009     344.669414166   4.76196599119     19.0197524626     0.762325510775 
204     6.94171364751    0.631757467486      38.0280012089   1.30437012299     6.38904851849   1.80569348729     2.28698261539     0.489453034537 
205     41.2205056186    0.936724869113      119.842730116   2.27350649611     77.1118714758   1.99869515004     17.1678292466     0.789892518707 
206     74.1994812179     1.08935842528      102.315576092   2.34279216555     14.6621337047   1.57273491596     22.8904145783     0.626986238874 
207     101.220573045      1.3997497344      347.770063862   2.83291272623     422.124093974   5.48950531897     4.31200448224     0.736266976058 
208     20.3947663562    0.835375639073      26.5121353988   1.63109291487     18.8236214627   1.75454546831     2.71273322205     0.637495456721 
209      269.21383507     1.37017337306      987.220127543   2.78213400623     991.752691215   12.2319927583     15.5352717887     0.514612507423 
210     154.759903528    0.909513598615      373.551909826    1.5830711756     162.601389156    2.9146434453     15.6510834233     0.703788271442 
211     12.2708472886      1.8185365476      16.3419997549    3.8448076765    -29.5621607139   2.28615451999   -0.319591336903     0.662744209713 
212     3.20352100991     1.81591954606      21.3497864054   3.38532742807    -56.3965855591   2.67144302334    0.768864058724     0.647382219609 
213    0.507627583309     1.64327482622      19.9660122801   3.35026337078     3.78553662525   2.28801988209   -0.825531065288     0.668594981204 
214     10.6303315077     1.78576068402      17.5710825948   3.96384412605     23.1066440868   2.41003114754     5.59908141959      0.60067364185 
215     5.27888789854      1.8732611428      8.83867603856   4.23609981942     16.1973214157   2.50061252458     4.92880709206     0.590541825637 
216     38.5607149997     1.56218018571      113.667178812   2.62424976659     68.2832042798   2.49439850351     7.90868918181      0.61660265271 
217     54.1565622346     1.06060329045       123.30009359   1.86638406413     88.8801963322   1.98005128411      19.286742364     0.588894712805 
218     42.5705503911     1.06089477353      73.4020172516   2.62882411778     19.8526295518   2.30173265235     19.7248335318      0.68166003494 
219     4.76266837566     1.78930046752      18.4294604114   3.93488056675    -9.97507122621   2.48243580844   -0.966743126673      0.71806611922 
220     24.6998071447    0.936346952793      38.0919643155   1.54885584721     -20.476484162   1.84703505034     10.7565290277     0.686650192824 
221     28.6583760041     1.17106340179      38.9255184646    1.9557160892     37.9385465046   1.83576516833     6.52236056885     0.724089864453 
222     99.2165374357     1.02284953157      136.697720094   2.41466885897      55.804788917   2.46181804021     41.6244279453     0.575114623079 
223     18.5699595172     1.84588059224      26.5491839053   3.45427170738     44.7296496037   3.02842257881     12.4960465022      0.71636065404 
224     136.866961821     1.92197975617      284.861533144   3.30496254622      181.41433986   5.17195929311     21.4679016076      1.06729981834 
225   -0.770110038088     1.52819378817      38.0286568068   3.16592530586     14.4527896001   2.35160724624    -5.03083165701     0.677959511105 
226     27.2562954339    0.968627623533      61.2014174479   1.87778410605     32.0300937926   2.14266796245     4.28400081624     0.657557963762 
227     93.5332569974    0.721547768346      236.574129217   1.25538244636     163.536097563    2.9308467239     12.7309481357     0.839437762245 
228     29.9677917751     1.13978965476      60.2907190404   2.75175277829     15.0493745538   3.14826539472     7.50433175455      0.59907708866 
229     162.907364117      2.5619461388      180.365877336    3.8628352808     125.634866293   3.21829450169     63.4753945173     0.969247900141 
230     72.5553927036    0.784057850383      316.193992631   1.53693280491     347.979075319   5.30786044884     20.5950232573     0.660788397954 
231     106.099644611    0.876401932542      156.059641472   1.70253888052     32.2813525201   1.81323094971     42.3539552818     0.701400130805 
232     40.7177245336     1.51003452022      127.408921229   3.53394092517     45.0029509775   3.43512226578     3.22973623646     0.556470883987 
233     24.2641489846      1.1987625941      71.2055642645   2.31723252724    -7.55526247696   2.01494336292      5.2519147917     0.593827410407 
234     46.9068347181    0.858176998102      98.2331572158   1.44967062262     2.51065706414   1.87902166873      11.270801997     0.680672442021 
235     56.3258750037     1.13601499033      98.7392789102   2.58272060759     51.2973682543   2.73355849242     10.8311559446     0.668075790442 
236     93.7714323249    0.904270295875      233.251764974   1.52272806099     198.321339958   2.32514159322     17.8329713623     0.566650395095 
237     1990.14772968     3.74266957952      3102.95533551   4.16389116517     1118.75234642   9.82805249494     570.212006901       2.5411081044 
238     148.294136441     1.25764656824      334.466199283   1.85744631986     135.127421696   3.02902486762     72.1363284252     0.801533824418 
239     11.9654787799     1.83026644331      28.4907578707   4.06777560339     71.1057379697   2.87248577434     1.66223791324     0.603815270224 
240   -0.623198435499     1.93100622739      20.4884522886   4.16453676052    -63.9502625513   3.88499949644     -2.1370498539     0.681406778932 
241      35.004743275     1.21095758087       71.927944237   2.04176186146     71.8802533849   2.44255682911     9.42224087716     0.689093000634 
242     73.4770696884    0.812006743791      129.761507325   1.56047440091     37.9753221536   2.20544617925     8.17580569268     0.597747998255 
243     10.6185559217     1.72114397191      14.7381592637   4.02222340573     15.0249932015   2.49051382528    -3.15887426699     0.703787244859 
244     22.5156766487     1.75827949839      50.4869417619   4.13070522752     67.6586593021   4.39546195887     6.62396965782     0.516309660766 
245     44.4022754557     2.03839073931      64.9591870482   4.51437770053     20.9239095249   5.45934374972     18.9951543768     0.899062423032 
246     25.4237528688     1.76933027731      46.9667050609   4.04300674918     52.4100786333   4.36345666301     11.1905222851     0.560337652418 
247     35.8485096128     1.91171803228      76.1186114519   4.25666135737     123.182721507    4.7390110336     7.78562492998      0.61516190858 
248     8.84861023709     1.82428229307      33.3398884342   4.27534672584    -60.9340950171   3.96628993036      4.4241755241     0.630104092383 
249     3384.77527568     7.38577019668      12479.1686478   21.0179953112     7272.52478798   78.7029960343     260.666884562      1.20223071218 
250     42.4502766649      1.3970613062      124.424086446    3.3698705093     107.013923003   4.82136036789     3.67340824343     0.648635717507 
251     11.1499268489     1.79083751448      27.7438134682   4.80175047698     120.410223683   4.35664990443    -7.65599286822     0.613787230698 
252     2405.67559623      4.4376745052       7376.2121116   10.9528819888     3427.05518746   37.8680941254     204.665335361     0.933237372905 
253     23.2639473935     1.62070420233      55.5790475152   3.56492570082     49.7534780038   3.62319486771     9.47421882027     0.705941242176 
254     96.5130134135     1.89981995084      214.120454634   3.28846085888      82.901722812   3.13837624894     26.8542051056      0.95311380582 
255     200.740973606     0.90409999757      387.397023686   1.55619207628     181.572775109   2.66891295679     36.6650793414     0.669322055094 
256     98.5242317691     0.91046457693      256.143464564   1.55032402868     158.057024162   2.05287571508      10.863681438     0.651112217383 
257     65.3089871661    0.786639033045      116.518147463   1.42872199404     69.7506067449   2.31170257094     23.1351848024     0.628561844381 
258     58.8686011066     1.63241964925      59.8752709446   3.34167868561     70.4125585128   4.05531797872     28.1898254836     0.886248314909 
259    -891.617824733     29.1848409746     -977.530410301    53.647026607     -8976.1012919   112.166796207    -362.851124385      5.48397100651 
260     34.5518775916     1.08710126511      74.6479847847    2.0117263502     47.6805904353   1.87935684362     6.40447858814     0.636668510348 
261     58.5180119211     1.87285695411      117.802492486   4.31688162112     58.5151557029   3.90405715594     30.7570179176     0.822687365886 
262  0.00712259276176     2.47265190568     -15.1863741229    5.1855846417     46.6555076562    4.5389646179     -9.6043065433       1.0601912073 
263     104.062757384     2.82177927952      522.156715382   7.24019597656     507.529700243   12.0616304208     15.8917497402     0.884165114979 
264     180.221223525     3.93771324068      371.006571337   8.87955640888     204.544674056   12.9830435439     34.3229595138      1.23690889975 
265     11.0217094186      1.5107277434      34.7282120636   3.43345399915     17.8897460733   2.64423408149    -1.56702599388     0.687221676634 
266     4.62773760298     1.70219755726       15.953703219   3.59580438854    -1.86641554574   2.43760370749    -1.04509327974     0.676633557024 
267     10.9408971832     1.68275980363       24.693695854   3.72995275985     25.7930726187   2.38126713671   -0.326722961476      0.70003029464 
268     46.0185603952    0.746608763908      98.7755502595   1.26385184099     69.0115260626      1.88278779     16.5281745552     0.656893861751 
269     129.924356292    0.976577430014      257.157286351   1.64430443532     135.232768956   2.72803206405     54.9833019242     0.849090465513 
270     7.09462890505     1.49308852671      25.5538259517   3.12556285262      17.133718379    2.6369597517     1.34711031827     0.660389483556 
271     4.17961558343     1.69978342338      24.9064162415   3.82818978637     11.4029440089   2.70628697794     -4.4337876301     0.693082280596 
272     21.6613721703     1.52708143098      28.2770877909   3.74704705643    -34.7931128771   3.03441059689    -2.16396054972     0.774408765228 
273     5.95122400388     1.60732857829       25.166644711   3.48915741399     40.4686399995   2.60958732473     5.42159330438     0.689363990805 
274     144.303905422    0.993127712275      220.889408828   1.96168155322     91.3333734813   2.09656933277     39.1438809318      0.62967567896 
275     54.0126916946     3.02053290978      102.418870262   5.78729553678     69.9247826964   5.89930217246     7.31776032919     0.794662432939 
276     106.981046092     2.23849977425        277.1190374   4.76663152301    -233.829853348     4.200664862     5.02655090908     0.857214331744 
277      38.901552667    0.878295062781      60.7390985243   1.51292662639    -44.2558940301   1.53111228616     10.9558858836     0.668203454809 
278     27.9807797466     1.29991412792      77.1707074238   2.95956917424    -61.3573779795   2.95605493831     14.3272499813     0.770482857386 
279     103.540747277    0.945561902793      208.546043379   2.13991911125     57.9997061893   3.57273326313     37.6140946051     0.756569484877 
280     2.95390360834     1.70257964474      32.8651406785   3.33277295654    -59.4099569692    2.2940258342    -3.27490803492     0.646242737649 
281     68.8603390106    0.951969720797      68.1887102718    1.5165818109      6.1324680612   2.28104314003     10.8960065347     0.670536122215 
282     1.43487612602     1.43496709004      43.0445695458   2.99182278327     21.9600839915   1.88966442198    0.905134769161     0.646980767143 
283     2.13920232806     1.82752221447      10.6174390178   3.60247559677     -46.531782912   3.03391817103      1.2666033936      0.68612923148 
284     42.2685495565     1.90845706984       69.567079044   3.91545909088      9.8918448759   2.79901977052     16.7348292917     0.700100010368 
285     1345.08282737     3.09598371387      5191.79766705   8.72141734654     3250.44490861   34.0907651884     103.135722267     0.740256276706 
286     118.309159749    0.694094849407      277.022232665   1.34289425162     114.905927133   2.82950370904     31.3433187084     0.798228754907 
287     33.6180738826     1.30749531892      66.1708762802   2.51732386685    0.600199194997   1.81772388705     2.74245218814     0.657667211747 
288     11.1054125058     1.57519648813      31.8713379653   3.47756437702    -22.6878381999   3.84167763058     3.01965359465     0.671865566105 
289     30.0225791796    0.695091843647      58.3035711832   1.41454516474     8.73206298472    1.6530283549    0.623911959255     0.604106373387 
290      24.426980686    0.715264510197       75.224249407   1.35211126943     64.3010663363   2.20657936951    -4.16291608428     0.755541530385 
291     51.2449202372     1.53364094705       126.37998451   2.80897839606     100.843617476   3.89146235145     16.6884300152     0.712891955606 
292     15.5508620705     1.40788938814      41.8970163287   2.78544827748    -25.3118303592   2.79275019559     1.00613485512     0.683101395446 
293     37.0418598222    0.778396149375      156.095940945   1.34955226687     99.0328658927   3.52526564706    -1.44054133676     0.669337962393 
294     32.0537450016    0.927157852693      105.700326595   1.77156334801     8.24104718727   2.83255954203     13.1182253378     0.710426729585 
295     100.102196113    0.837527753186      170.119143301    1.1674293539     84.8258901414   2.08600012583     25.9741031668     0.660148092446 
296     115.519834101    0.779371197472      184.906952534   1.34909139606     154.544420062   2.93984148133     40.9158837055     0.652781010117 
297     31.2692123427      1.0249599608      56.2247027843   1.90068565839     78.0063582241   2.07535149956     1.42240011128     0.639741948361 
298     34.9461129626    0.803864483067      44.6496996437    1.3969361335      41.145345256   2.50879345785     13.0127978624     0.601486691476 
299     21.2202238893    0.875535868182      57.7300211819    1.3575509429     22.5816617312   2.00074613425    -2.36288528571     0.826487520894 
300     57.5909503392     1.45719502049      195.166343142   3.13281769863     71.8012158451   3.33463898439     8.68782290112     0.739820663042 
301     25.1849607378     1.08522677568      40.5048195375   2.60299116565     70.1927058426   2.33680037648     6.38308009027      0.57522650307 
302     139.286715416     2.68526301548      332.698923727   6.99013263015     181.826086395   7.37365027468     19.1650787633      0.80795112486 
303     54.9895528709     2.30121739404      261.509203134   6.17183114735    -75.1872963051   4.02295590074    0.600514083093     0.730347330753 
304     31.8792301256    0.800653934422      70.4894722229   1.62954643175     36.1502689215   2.22639470386     7.13413288532     0.592342091112 
305     58.7239404086     1.25598548899      111.514616852   1.87096361972     44.9771260344   2.30870918035     25.2866704947     0.652942635195 
306     71.8448740543     1.95623573735      227.100349564   4.51737540991     96.4220727507   3.88108523318     6.84516847712     0.703940389817 
307     87.0507992732    0.874507248026      104.224441485   1.26421518021     68.7760198055   1.82922600133     41.0104655427     0.787192206264 
308     25.2700854948    0.915413540816      47.8038398219   1.64008903903     10.5744729893   1.83681088232     6.21025329395     0.548696138984 
309     22.2301882714    0.679213442971       54.784705801   1.23815329908    0.101117443936   1.91807569086     12.2270897317     0.716206631618 
310     58.1368535896     3.35395539384      166.034517123   7.89807540439    -95.3659452081   4.82930032355     -9.9550144662     0.843389916787 
311     83.3002825984     3.27980177401       233.19963325   7.16952288333    -58.3677049734   4.48181315068    -2.92772126039     0.780176745723 
312     195.216702365    0.770258417757      592.815976384   1.65353175496     350.605150002    3.1055223372     16.1436217729      0.66988071261 
313     2229.92732305     4.87661192682      4021.49594433   7.20099469859     1585.39089988   14.8548528368     481.167765702      2.40680592431 
314     59.6489631364    0.738614397591      125.799435053   1.42199183315     124.090284344   2.43209706617     9.91557956797     0.568384164763 
315     63.2856159341    0.759275896352      150.504963685   1.61325450204     122.665968081   2.24483226732     26.9074967096     0.633820805459 
316     60.1191520773     0.70578268408      122.667437988   1.35440244532     104.192697022   2.27994557589       24.11233859     0.595968048782 
317     22.8644266958    0.761043394406      135.883419608   1.45759511202     169.762378939   3.62549827214     2.44751761772     0.711752602714 
318      25.398661038    0.751020458458      57.7596620646   1.17342671795     58.9034762579   2.27090068758     6.52662628934     0.756941464212 
319     54.3349375573     0.80644627833      83.0078855387   1.21013523398     108.595984854   1.95055932584     19.8448083014     0.718640987549 
320     35.7559038273     1.45481170991      68.4227799706   2.92448718333     30.7285806788   3.72658943442     22.1469880907     0.804717210008 
321     34.9367136238     1.13987140446      79.5091013203   1.66913609117     60.3370230187    1.6178547667     12.2137919587     0.700795577102 
322     477.593157528     1.34095902041      1749.72532373   3.74401574061     1405.76351174   13.6534821749     29.5256030891     0.662329294686 
323     93.7564841435    0.775677197706      155.771248629   1.41663003006     93.4351350071    2.2155335161     42.3622516044     0.827614955985 
324     166.294591951     1.61970672458      411.155279514   3.78913594391     228.969749363   3.21421493212     59.8936957052     0.949152516352 
325     69.3721377115     1.00451296297      120.211605672   1.37648466186     131.536806847   3.18551540386      33.965967053     0.694118205114 
326     16.9113768669     1.67705729144      36.8022812553   2.20514397239     4.91592624826   4.08151329892    -1.84759996659      1.09736815032 
327     87.1118693545    0.843045502779      108.688851873   1.19156114053     124.900310044   2.74592972726     32.6943135565     0.651649768623 
328     33.1461519211    0.944255685005      62.6378134701   1.33507091276     0.41333139172   2.45493480967     18.1341644679     0.638583371437 
329     25.5711790877    0.800981413147      38.4150497783   1.41295503716    -43.6987973374   1.74585268035     10.0902700641     0.787150487151 
330     483.115986796     2.18582824976      1010.40741088   3.68837760612     413.982605669   8.51956838726     142.382863072      1.14025368452 
331     120.636134785      1.4662504986      255.364552673   3.01154914497     98.2842739977    3.8365913377     20.6230924274     0.715048458938 
332     67.3489209569     1.11931971683      137.561541359   1.75678933966     58.5205718238   1.78910553845     17.7172227691     0.681537041658 
333     27.4362453023    0.711040625177      68.2568660181   1.31200330521     14.5362322374   2.03081870817      4.0923769763     0.624021307941 
334     22.2159647648    0.573250808022      45.3506606753   1.09626141507     56.4713619401   1.26117480607     11.9604418178     0.623132565831 
335     100.513261152     1.28095406243      109.519339409   1.71923964836     43.7372698564   2.44508566962     54.4364957443      1.10283556869 
336     2029.34332423      4.9983656266      7548.75286119   13.9973294003     5170.54955793   54.7261351726     149.076610333     0.908776279662 
337     222.110119645     2.43826795271      461.433153647   4.37366274736     244.584043886   5.68908955338     37.8996928848      1.04080258745 
338     70.0211950988    0.694859866474      107.007170037  0.870722643422     152.545277819   2.11759973744     39.2396122363     0.524912349168 
339     49.7100042582    0.792857416227      88.2646580402   1.21078064667      48.426380429   1.99161018383       15.17907281     0.567859885025 
340     4086.37155459     9.42724603005      14488.5868723   24.3351673532     9769.61247606    103.99538243     335.522004807      1.57312430434 
341     240.454243718     1.75196689455      568.110032394   3.51362823573     341.431786858   5.40654096137     92.2932931556      1.24938609278 
342     843.588678074     1.75059399644      2903.86296512   4.73128876031     1822.42085269    16.897734954     68.8685110984     0.665603679162 
343     178.513333315      0.9355086319      284.266777211   1.27953890217     67.8271642292   1.83287370667     56.7722402235     0.695050085055 
344      389.40007655     2.95475306681      837.759268747   5.58454079174     418.007584305   7.36098412249     62.1900749625      1.13058469719 
345     39.5314055172    0.691096597619      180.811030019   1.34199292769     182.305477707   2.33734702924     14.5346956614     0.676610662817 
346     22.1951243614    0.887047026436      46.6186452247   1.36753739454     41.6309777581   1.62415543388     7.59640351115     0.764066637748 
347     54.6933970557    0.759557792811      100.734488077    1.2447337346     67.4662101507   2.14557887218     27.4802522498     0.829695502625 
348     412.281831356    0.929265180406      1435.25585508   2.45453156098     884.253388301   9.35384953406     35.7901410928     0.730969666964 
349     76.3439377292    0.839980910588      170.764581673   1.32039939404     67.4400005127   1.46697215203     23.2141895739     0.729141362323 
350     34.0726407332    0.742510725999      155.792078249   1.81801652076     120.012530108   4.56094646996   -0.820993979926     0.592617501012 
351     67.1103156008    0.772789298452      105.410454747   1.43221780455     42.5237820632   2.15086568166     40.7156699483     0.568857953131 
352     57.4554447236    0.744189318871      313.639055754   2.30269612938     369.259284095   6.91441144629     12.3827858603     0.633462658671 
353      73.379769617    0.962514752955      151.184395123   1.59264251649     18.7927165794   2.21369577907     23.2816523679      0.60488618518 
354     126.849077398    0.858417745238      601.782812071   2.19267364093     470.951212408   4.48261207034     7.63993584459     0.632121638168 
355     30.7776207927    0.918764859945      43.0556217896   1.62938308414      24.038914386   1.49961098102     8.67635172988     0.747638916647 
356     47.6792339922    0.699713651669      58.4272148893   1.31106408136     -36.457370694   2.16816948473     27.8258189873     0.612439050746 
357     40.9312056308    0.701262041218      54.0671775275   1.02684702372     28.6714440544   1.55153392792     18.6742128514     0.616171430353 
358     58.0412166303    0.663784833374      70.0272092855   1.34748756083     17.5876074406   2.06272308366     21.5938591997     0.777925951107 
359     30.7938320204    0.874112673172      43.4284936643   1.10670496666    -70.1984005481   2.00071132503     3.18566747716     0.632131632118 
360     122.356572546     2.09391527818      231.485388383   3.86640819789      155.46833877   4.22154271057     25.8589234539     0.874350728725 
361     88.5723187033     1.54358047053      185.364787603   2.56742987479     78.6569051741   2.93860655347     13.3653937595     0.757833632427 
362     7.80841741998    0.627340795136      35.4927876763   1.09371544059     60.3615737895   1.41379305188     3.19197010377      0.42944385976 
363     20.9066225901    0.788176002338      82.5687140562   1.34615757613     14.5898206707   1.86693834503     3.82526096719     0.655505802164 
364     83.4188060539     1.52537129797      160.860326136   2.63958615916     140.752732727    1.9067914576     17.1312382568     0.854681615221 
365     138.137217269    0.709178648014      147.983172769   1.40048371676      56.248335891   2.72879590318     80.7695982876     0.638514823288 
366     31.2397448739    0.764072686469      55.5978939118   1.28813718147    -1.08045079218   2.22833243868     18.8299843583     0.508696335845 
367     20.0663279703    0.605752957739      45.6028971143   1.31635744467    -1.32736277872   2.69084438575     0.18816302295     0.840303632888 
368     45.0641160687    0.776040034937      65.4516953721   1.10866094602    -5.14943319423   1.65782442215     30.5502768003     0.671120959724 
369     79.5951783786      0.6904632013      115.671138453   1.27520045746     80.5559253692   2.82624217707      28.062549941     0.723791071011 
370     48.2910495668    0.731725718104      57.6329471851     1.221451512    -9.37745435755   2.13523322867     38.9756842918     0.689811691811 
371     36.3864795586    0.734175663047      50.4413436872   1.20062856026     28.3030559993     2.299247509     19.0374137621     0.578028239367 
372     47.9314464429     2.34193851889      113.124746817   4.69098158016     78.7579164814   4.01296461689     6.42293581473     0.673812558392 
373     36.8651805095     3.44121888515      128.862108832    7.3105620952    -140.329230038   5.21689519193     -7.1234890406     0.853634759927 
374     83.3419025733     1.66719547669      157.178517331   4.46475465431     89.7072042901   3.93466306285     11.3134895128      1.12492954753 
375     29.4023339946    0.789629416829      46.6258541689    1.3697372866   0.0671148543228   2.12367754021     13.7719156886     0.581029810339 
376     82.3948261146    0.869035639044      144.418085352    1.7144023367     7.97939924925   1.51329185943     21.9233928366     0.651679003526 
