# id F89 E89 F90 E90 F156 E156 F159 E159
1.000000	 0.040555	 0.003574	 0.079398	 0.006269	 0.001577	 0.002924	 -0.015724	 0.009388
3.000000	 0.058462	 0.003567	 0.139151	 0.006256	 0.015314	 0.002918	 0.118829	 0.009369
4.000000	 0.033778	 0.003559	 0.086543	 0.006243	 0.006279	 0.002912	 0.171001	 0.009350
5.000000	 0.179588	 0.003574	 0.384294	 0.006269	 0.032873	 0.002924	 0.363780	 0.009388
6.000000	 5.357170	 0.003578	 8.153840	 0.006275	 1.606370	 0.002927	 3.121400	 0.009397
8.000000	 0.068826	 0.003570	 0.137392	 0.006263	 0.015561	 0.002921	 0.122527	 0.009378
9.000000	 0.125181	 0.003578	 0.190552	 0.006275	 0.046451	 0.002927	 0.137073	 0.009397
10.000000	 0.226941	 0.003552	 0.476347	 0.006231	 0.039646	 0.002907	 0.404613	 0.009330
11.000000	 0.073729	 0.003552	 0.097773	 0.006231	 0.037276	 0.002907	 0.029497	 0.009330
12.000000	 0.038126	 0.003567	 0.201674	 0.006256	 0.000918	 0.002918	 0.196819	 0.009369
13.000000	 0.159338	 0.003556	 0.265315	 0.006237	 0.069779	 0.002910	 0.122717	 0.009340
14.000000	 0.020347	 0.003570	 0.059170	 0.006263	 -0.002910	 0.002921	 0.023939	 0.009378
15.000000	 0.065871	 0.003567	 0.090307	 0.006256	 0.034784	 0.002918	 0.019249	 0.009369
16.000000	 0.085825	 0.003552	 0.157866	 0.006231	 0.019002	 0.002907	 0.138861	 0.009330
17.000000	 0.091593	 0.003570	 0.157457	 0.006263	 0.019910	 0.002921	 0.101250	 0.009378
18.000000	 0.124832	 0.003556	 0.239286	 0.006237	 0.058389	 0.002910	 0.156034	 0.009340
19.000000	 0.040339	 0.003574	 0.059023	 0.006269	 0.019649	 0.002924	 0.001202	 0.009388
20.000000	 0.066626	 0.003456	 0.089686	 0.006062	 0.024296	 0.002828	 0.035267	 0.009077
21.000000	 0.219566	 0.003559	 0.795128	 0.006243	 0.020166	 0.002912	 0.724545	 0.009350
22.000000	 0.575301	 0.003578	 1.925120	 0.006275	 0.053044	 0.002927	 1.197950	 0.009397
23.000000	 0.089541	 0.003578	 0.169852	 0.006275	 0.027602	 0.002927	 0.099246	 0.009397
24.000000	 0.060158	 0.003559	 0.068864	 0.006243	 0.021703	 0.002912	 0.050239	 0.009350
25.000000	 0.021835	 0.003563	 0.043573	 0.006250	 0.007858	 0.002915	 0.079396	 0.009359
27.000000	 0.037670	 0.003574	 0.047455	 0.006269	 0.008724	 0.002924	 0.073922	 0.009388
29.000000	 0.110535	 0.003563	 0.210199	 0.006250	 0.002484	 0.002915	 0.125408	 0.009359
30.000000	 0.095512	 0.003559	 0.183247	 0.006243	 0.017419	 0.002912	 0.031046	 0.009350
31.000000	 0.150306	 0.003578	 0.239542	 0.006275	 0.080305	 0.002927	 0.202625	 0.009397
32.000000	 0.094077	 0.003578	 0.173424	 0.006275	 0.038123	 0.002927	 0.061990	 0.009397
33.000000	 0.109090	 0.003578	 0.213175	 0.006275	 0.021132	 0.002927	 0.068068	 0.009397
34.000000	 0.115851	 0.003563	 0.292341	 0.006250	 0.069954	 0.002915	 0.206047	 0.009359
36.000000	 0.023903	 0.003578	 0.047924	 0.006275	 0.018016	 0.002927	 0.042407	 0.009397
37.000000	 0.081301	 0.003574	 0.215435	 0.006269	 0.011365	 0.002924	 0.097920	 0.009388
38.000000	 0.026618	 0.003559	 0.056189	 0.006243	 0.011457	 0.002912	 0.097068	 0.009350
39.000000	 0.045129	 0.003574	 0.069516	 0.006269	 0.015686	 0.002924	 0.031786	 0.009388
40.000000	 0.049404	 0.003570	 0.155761	 0.006263	 0.014217	 0.002921	 0.128974	 0.009378
41.000000	 0.067005	 0.003578	 0.095936	 0.006275	 0.043829	 0.002927	 0.093372	 0.009397
42.000000	 0.117185	 0.003567	 0.273715	 0.006256	 0.062149	 0.002918	 0.206013	 0.009369
43.000000	 0.078578	 0.003574	 0.341535	 0.006269	 0.003087	 0.002924	 0.268202	 0.009388
45.000000	 0.092675	 0.003578	 0.156605	 0.006275	 0.049473	 0.002927	 0.100646	 0.009397
46.000000	 0.173971	 0.003559	 0.360150	 0.006243	 0.027864	 0.002912	 0.204829	 0.009350
47.000000	 0.061291	 0.003581	 0.088762	 0.006282	 0.029278	 0.002930	 0.011310	 0.009407
48.000000	 0.044521	 0.003578	 0.056962	 0.006275	 0.016152	 0.002927	 0.047608	 0.009397
49.000000	 0.031089	 0.003578	 0.080902	 0.006275	 0.013867	 0.002927	 0.034983	 0.009397
50.000000	 0.026867	 0.003574	 0.081421	 0.006269	 0.008297	 0.002924	 0.058801	 0.009388
51.000000	 0.299826	 0.003578	 0.484604	 0.006275	 0.100565	 0.002927	 0.306639	 0.009397
52.000000	 0.201947	 0.003552	 0.387930	 0.006231	 0.041683	 0.002907	 0.169636	 0.009330
53.000000	 0.051489	 0.003574	 0.051719	 0.006269	 0.026974	 0.002924	 0.055802	 0.009388
54.000000	 0.088962	 0.003556	 0.159241	 0.006237	 0.061166	 0.002910	 0.159727	 0.009340
55.000000	 0.036443	 0.003578	 0.077482	 0.006275	 0.011842	 0.002927	 0.052312	 0.009397
56.000000	 0.060528	 0.003548	 0.108111	 0.006224	 0.018327	 0.002904	 0.017503	 0.009321
57.000000	 0.077065	 0.003574	 0.165501	 0.006269	 0.013235	 0.002924	 0.108300	 0.009388
58.000000	 0.045314	 0.003578	 0.076055	 0.006275	 0.011407	 0.002927	 -0.000725	 0.009397
59.000000	 0.082382	 0.003578	 0.157157	 0.006275	 0.041181	 0.002927	 0.098458	 0.009397
60.000000	 0.035578	 0.003581	 0.060467	 0.006282	 0.019917	 0.002930	 0.042425	 0.009407
61.000000	 0.054786	 0.003559	 0.081394	 0.006243	 0.024064	 0.002912	 0.024381	 0.009350
62.000000	 0.084787	 0.003578	 0.147127	 0.006275	 0.016573	 0.002927	 0.112358	 0.009397
63.000000	 0.116506	 0.003563	 0.154517	 0.006250	 0.055841	 0.002915	 0.065793	 0.009359
64.000000	 0.047264	 0.003556	 0.078026	 0.006237	 0.025002	 0.002910	 0.039735	 0.009340
65.000000	 2.116200	 0.003581	 3.377810	 0.006282	 0.572536	 0.002930	 1.275690	 0.009407
66.000000	 0.038902	 0.003570	 0.072649	 0.006263	 0.011715	 0.002921	 0.033996	 0.009378
68.000000	 0.052396	 0.003559	 0.079160	 0.006243	 0.021581	 0.002912	 0.019340	 0.009350
69.000000	 0.042966	 0.003574	 0.077527	 0.006269	 0.019899	 0.002924	 0.051170	 0.009388
70.000000	 0.046023	 0.003574	 0.058772	 0.006269	 0.021861	 0.002924	 0.042512	 0.009388
71.000000	 0.030683	 0.003574	 0.056440	 0.006269	 0.013078	 0.002924	 0.023201	 0.009388
72.000000	 0.159311	 0.003574	 0.309472	 0.006269	 0.071530	 0.002924	 0.152387	 0.009388
73.000000	 0.213054	 0.003570	 0.512240	 0.006263	 0.082273	 0.002921	 0.390480	 0.009378
74.000000	 0.017359	 0.003563	 0.054827	 0.006250	 0.007673	 0.002915	 0.034552	 0.009359
75.000000	 0.160060	 0.003574	 0.386807	 0.006269	 0.024049	 0.002924	 0.271321	 0.009388
76.000000	 0.061791	 0.003578	 0.076308	 0.006275	 0.019507	 0.002927	 0.062991	 0.009397
77.000000	 0.102808	 0.003567	 0.178577	 0.006256	 0.055893	 0.002918	 0.131662	 0.009369
79.000000	 0.023887	 0.003578	 0.064171	 0.006275	 0.003065	 0.002927	 0.045298	 0.009397
80.000000	 0.182564	 0.003574	 0.496877	 0.006269	 0.021432	 0.002924	 0.375625	 0.009388
81.000000	 1.847670	 0.003570	 4.394550	 0.006263	 0.236727	 0.002921	 2.193080	 0.009378
82.000000	 3.424680	 0.003552	 6.657910	 0.006231	 0.591380	 0.002907	 2.732100	 0.009330
83.000000	 0.039493	 0.003578	 0.091686	 0.006275	 0.016050	 0.002927	 0.029404	 0.009397
84.000000	 0.098803	 0.003559	 0.131326	 0.006243	 0.040413	 0.002912	 0.036795	 0.009350
87.000000	 0.061690	 0.003574	 0.107372	 0.006269	 0.015150	 0.002924	 0.056061	 0.009388
88.000000	 0.064950	 0.003581	 0.103759	 0.006282	 0.030809	 0.002930	 0.152104	 0.009407
89.000000	 0.029297	 0.003570	 0.045429	 0.006263	 0.015552	 0.002921	 0.011326	 0.009378
90.000000	 0.283351	 0.003570	 0.988581	 0.006263	 0.027375	 0.002921	 0.864135	 0.009378
91.000000	 0.154293	 0.003570	 0.414024	 0.006263	 0.002290	 0.002921	 0.079638	 0.009378
92.000000	 0.156038	 0.003563	 0.382824	 0.006250	 0.013966	 0.002915	 -0.086816	 0.009359
93.000000	 0.283415	 0.003574	 0.482221	 0.006269	 0.086690	 0.002924	 0.307434	 0.009388
94.000000	 0.060965	 0.003559	 0.086687	 0.006243	 0.021780	 0.002912	 0.054615	 0.009350
95.000000	 0.093978	 0.003567	 0.186984	 0.006256	 0.020510	 0.002918	 0.104575	 0.009369
96.000000	 0.051337	 0.003578	 0.066299	 0.006275	 0.024306	 0.002927	 -0.003184	 0.009397
97.000000	 0.050112	 0.003570	 0.063136	 0.006263	 0.028030	 0.002921	 0.041834	 0.009378
100.000000	 0.067693	 0.003570	 0.100662	 0.006263	 0.036278	 0.002921	 0.072892	 0.009378
101.000000	 0.021653	 0.003570	 0.079720	 0.006263	 0.001274	 0.002921	 0.137759	 0.009378
102.000000	 0.117853	 0.003563	 0.212277	 0.006250	 0.070209	 0.002915	 0.096647	 0.009359
103.000000	 2.960460	 0.003574	 6.626960	 0.006269	 0.509432	 0.002924	 4.733800	 0.009388
104.000000	 0.033677	 0.003578	 0.053321	 0.006275	 0.006721	 0.002927	 0.103346	 0.009397
105.000000	 0.036827	 0.003570	 0.130229	 0.006263	 0.008474	 0.002921	 0.021852	 0.009378
106.000000	 0.058627	 0.003567	 0.113194	 0.006256	 0.015068	 0.002918	 0.080188	 0.009369
107.000000	 0.023543	 0.003578	 0.056427	 0.006275	 -0.004051	 0.002927	 0.085082	 0.009397
108.000000	 0.025406	 0.003574	 0.069778	 0.006269	 0.003368	 0.002924	 0.118881	 0.009388
109.000000	 0.747904	 0.003541	 1.051830	 0.006211	 0.343040	 0.002898	 1.770930	 0.009302
110.000000	 0.304187	 0.003570	 0.589769	 0.006263	 0.068012	 0.002921	 0.335159	 0.009378
111.000000	 0.042528	 0.003574	 0.058636	 0.006269	 0.008165	 0.002924	 0.012215	 0.009388
112.000000	 0.364980	 0.003574	 0.728766	 0.006269	 0.074660	 0.002924	 0.482783	 0.009388
113.000000	 0.021897	 0.003578	 0.055565	 0.006275	 0.004778	 0.002927	 0.055604	 0.009397
114.000000	 0.089332	 0.003570	 0.100344	 0.006263	 0.040873	 0.002921	 0.046749	 0.009378
115.000000	 0.029420	 0.003574	 0.058571	 0.006269	 0.008944	 0.002924	 0.015504	 0.009388
116.000000	 0.041797	 0.003581	 0.072824	 0.006282	 0.021650	 0.002930	 0.010915	 0.009407
117.000000	 0.136549	 0.003567	 0.274766	 0.006256	 0.017945	 0.002918	 0.226508	 0.009369
118.000000	 0.031609	 0.003574	 0.109750	 0.006269	 0.016292	 0.002924	 0.145078	 0.009388
119.000000	 0.021995	 0.003563	 0.048480	 0.006250	 0.009776	 0.002915	 0.021237	 0.009359
120.000000	 0.047995	 0.003578	 0.095467	 0.006275	 0.029324	 0.002927	 0.059703	 0.009397
121.000000	 -0.285702	 0.003578	 -0.004131	 0.006275	 -0.153787	 0.002927	 -3.303270	 0.009397
122.000000	 0.072537	 0.003574	 0.159563	 0.006269	 0.023848	 0.002924	 0.068941	 0.009388
123.000000	 0.213912	 0.003574	 0.396494	 0.006269	 0.048645	 0.002924	 0.280269	 0.009388
124.000000	 0.046071	 0.003578	 0.104066	 0.006275	 0.021102	 0.002927	 -0.000329	 0.009397
125.000000	 0.040015	 0.003567	 0.083047	 0.006256	 0.013339	 0.002918	 0.034758	 0.009369
126.000000	 0.257012	 0.003563	 0.488339	 0.006250	 0.111371	 0.002915	 0.536950	 0.009359
127.000000	 0.234555	 0.003574	 0.474098	 0.006269	 0.055044	 0.002924	 0.329230	 0.009388
128.000000	 0.136698	 0.003563	 0.259379	 0.006250	 0.041388	 0.002915	 0.183596	 0.009359
129.000000	 0.018177	 0.003570	 0.084362	 0.006263	 0.002430	 0.002921	 0.171976	 0.009378
130.000000	 0.045128	 0.003559	 0.102778	 0.006243	 0.019394	 0.002912	 0.108667	 0.009350
131.000000	 0.020043	 0.003559	 0.054464	 0.006243	 0.003974	 0.002912	 0.062159	 0.009350
132.000000	 0.050407	 0.003574	 0.095982	 0.006269	 0.015711	 0.002924	 0.093887	 0.009388
133.000000	 0.056255	 0.003581	 0.094620	 0.006282	 0.021025	 0.002930	 0.036707	 0.009407
134.000000	 0.030700	 0.003559	 0.071279	 0.006243	 0.009560	 0.002912	 0.064243	 0.009350
135.000000	 0.081146	 0.003567	 0.110127	 0.006256	 0.040095	 0.002918	 0.078246	 0.009369
136.000000	 0.397459	 0.003581	 0.818343	 0.006282	 0.085059	 0.002930	 0.538204	 0.009407
137.000000	 0.026656	 0.003574	 0.045607	 0.006269	 0.009276	 0.002924	 0.029838	 0.009388
138.000000	 0.037238	 0.003570	 0.076992	 0.006263	 0.013271	 0.002921	 0.054103	 0.009378
139.000000	 0.025732	 0.003563	 0.080530	 0.006250	 0.008443	 0.002915	 0.085773	 0.009359
140.000000	 0.038716	 0.003570	 0.070396	 0.006263	 0.021611	 0.002921	 0.008024	 0.009378
141.000000	 0.071853	 0.003570	 0.163944	 0.006263	 0.020750	 0.002921	 0.129601	 0.009378
142.000000	 2.579050	 0.003556	 8.769780	 0.006237	 0.189703	 0.002910	 4.941750	 0.009340
143.000000	 0.046166	 0.003570	 0.068348	 0.006263	 0.009365	 0.002921	 0.080654	 0.009378
144.000000	 0.044273	 0.003578	 0.068559	 0.006275	 0.015278	 0.002927	 0.033083	 0.009397
145.000000	 0.102932	 0.003570	 0.175444	 0.006263	 0.025423	 0.002921	 0.160764	 0.009378
146.000000	 0.047111	 0.003552	 0.073108	 0.006231	 0.009210	 0.002907	 0.075899	 0.009330
147.000000	 0.037433	 0.003556	 0.079156	 0.006237	 0.011624	 0.002910	 0.097685	 0.009340
148.000000	 0.024322	 0.003563	 0.045775	 0.006250	 0.000910	 0.002915	 0.066334	 0.009359
149.000000	 0.028447	 0.003570	 0.048579	 0.006263	 0.008979	 0.002921	 0.015994	 0.009378
150.000000	 0.022116	 0.003563	 0.052942	 0.006250	 0.009470	 0.002915	 0.075417	 0.009359
151.000000	 0.031070	 0.003570	 0.054961	 0.006263	 0.008329	 0.002921	 0.036488	 0.009378
152.000000	 0.027783	 0.003578	 0.065614	 0.006275	 0.007822	 0.002927	 0.029146	 0.009397
153.000000	 0.023269	 0.003559	 0.056839	 0.006243	 0.006856	 0.002912	 -0.012778	 0.009350
154.000000	 0.095714	 0.003578	 0.145605	 0.006275	 0.026225	 0.002927	 0.040490	 0.009397
155.000000	 0.022885	 0.003559	 0.061224	 0.006243	 0.004867	 0.002912	 0.016933	 0.009350
156.000000	 0.042916	 0.003570	 0.069903	 0.006263	 0.027562	 0.002921	 0.001183	 0.009378
157.000000	 0.113985	 0.003556	 0.136268	 0.006237	 0.080918	 0.002910	 0.089890	 0.009340
158.000000	 0.081677	 0.003578	 0.134826	 0.006275	 0.028294	 0.002927	 0.097736	 0.009397
160.000000	 0.025500	 0.003578	 0.049547	 0.006275	 0.005184	 0.002927	 0.036765	 0.009397
162.000000	 0.138267	 0.003578	 0.253696	 0.006275	 0.038028	 0.002927	 0.173206	 0.009397
163.000000	 0.014856	 0.003570	 0.039225	 0.006263	 0.003316	 0.002921	 0.056113	 0.009378
164.000000	 0.040596	 0.003578	 0.092918	 0.006275	 0.014740	 0.002927	 0.071453	 0.009397
165.000000	 0.027153	 0.003578	 0.122140	 0.006275	 -0.002320	 0.002927	 -0.083363	 0.009397
166.000000	 0.041892	 0.003578	 0.081754	 0.006275	 0.010851	 0.002927	 0.123419	 0.009397
167.000000	 0.007670	 0.003578	 0.042134	 0.006275	 0.002900	 0.002927	 0.020274	 0.009397
170.000000	 0.087775	 0.003570	 0.149718	 0.006263	 0.015740	 0.002921	 0.011269	 0.009378
171.000000	 0.113563	 0.003574	 0.150717	 0.006269	 0.043716	 0.002924	 0.068235	 0.009388
172.000000	 0.017681	 0.003559	 0.097769	 0.006243	 -0.007668	 0.002912	 -0.025490	 0.009350
173.000000	 0.036249	 0.003574	 0.080249	 0.006269	 0.010393	 0.002924	 0.094201	 0.009388
174.000000	 0.096962	 0.003559	 0.115150	 0.006243	 0.050402	 0.002912	 0.016926	 0.009350
175.000000	 0.019080	 0.003578	 0.065401	 0.006275	 0.008733	 0.002927	 0.051897	 0.009397
176.000000	 0.036296	 0.003552	 0.084649	 0.006231	 0.009530	 0.002907	 0.044818	 0.009330
177.000000	 0.167028	 0.003578	 0.367924	 0.006275	 0.077441	 0.002927	 0.188059	 0.009397
179.000000	 0.024661	 0.003570	 0.049632	 0.006263	 0.004263	 0.002921	 0.024534	 0.009378
180.000000	 0.037920	 0.003574	 0.072871	 0.006269	 0.009277	 0.002924	 0.038205	 0.009388
181.000000	 0.068926	 0.003548	 0.124421	 0.006224	 0.037616	 0.002904	 0.093042	 0.009321
182.000000	 0.061829	 0.003574	 0.142936	 0.006269	 0.009618	 0.002924	 0.049512	 0.009388
183.000000	 0.054061	 0.003574	 0.126463	 0.006269	 0.019705	 0.002924	 -0.008847	 0.009388
184.000000	 0.052773	 0.003570	 0.105042	 0.006263	 0.014785	 0.002921	 0.085378	 0.009378
185.000000	 0.041291	 0.003574	 0.091624	 0.006269	 0.012130	 0.002924	 0.034095	 0.009388
186.000000	 0.238157	 0.003578	 0.419400	 0.006275	 0.077590	 0.002927	 0.240660	 0.009397
187.000000	 0.563659	 0.003574	 2.205090	 0.006269	 0.043623	 0.002924	 3.418040	 0.009388
188.000000	 0.019409	 0.003570	 0.043538	 0.006263	 0.007960	 0.002921	 0.030759	 0.009378
189.000000	 0.040115	 0.003552	 0.083495	 0.006231	 0.008757	 0.002907	 0.049159	 0.009330
190.000000	 0.037322	 0.003578	 0.089330	 0.006275	 0.008497	 0.002927	 0.115480	 0.009397
191.000000	 0.029768	 0.003563	 0.088989	 0.006250	 -0.003527	 0.002915	 0.210009	 0.009359
192.000000	 0.092590	 0.003574	 0.230799	 0.006269	 0.008250	 0.002924	 0.092304	 0.009388
193.000000	 0.114604	 0.003578	 0.235723	 0.006275	 0.056442	 0.002927	 0.257471	 0.009397
194.000000	 0.094503	 0.003578	 0.206888	 0.006275	 0.014228	 0.002927	 0.082575	 0.009397
195.000000	 0.113837	 0.003559	 0.271507	 0.006243	 0.009316	 0.002912	 0.108919	 0.009350
196.000000	 0.020369	 0.003570	 0.049507	 0.006263	 0.006018	 0.002921	 0.044124	 0.009378
199.000000	 4.344520	 0.003578	 6.555930	 0.006275	 1.427580	 0.002927	 2.458780	 0.009397
202.000000	 0.029864	 0.003578	 0.059395	 0.006275	 0.013626	 0.002927	 0.043178	 0.009397
203.000000	 0.183440	 0.003578	 0.387215	 0.006275	 0.034470	 0.002927	 0.269675	 0.009397
204.000000	 0.035069	 0.003563	 0.076218	 0.006250	 0.000443	 0.002915	 0.034057	 0.009359
205.000000	 0.039775	 0.003581	 0.073936	 0.006282	 0.010744	 0.002930	 0.134661	 0.009407
206.000000	 0.156469	 0.003574	 0.233648	 0.006269	 0.073522	 0.002924	 0.159063	 0.009388
207.000000	 0.016448	 0.003567	 0.056900	 0.006256	 0.006565	 0.002918	 0.076296	 0.009369
208.000000	 0.502069	 0.003567	 1.684690	 0.006256	 0.034732	 0.002918	 1.039640	 0.009369
210.000000	 0.109811	 0.003559	 0.141310	 0.006243	 0.055408	 0.002912	 0.055146	 0.009350
211.000000	 0.051206	 0.003574	 0.174837	 0.006269	 -0.000938	 0.002924	 0.204464	 0.009388
212.000000	 0.013988	 0.003574	 0.052170	 0.006269	 -0.003477	 0.002924	 0.012895	 0.009388
214.000000	 0.225361	 0.003556	 0.533490	 0.006237	 0.029678	 0.002910	 0.273813	 0.009340
215.000000	 0.055520	 0.003570	 0.129189	 0.006263	 0.033541	 0.002921	 0.085261	 0.009378
216.000000	 0.060831	 0.003578	 0.128713	 0.006275	 0.012152	 0.002927	 0.059506	 0.009397
217.000000	 0.007439	 0.003548	 0.045948	 0.006224	 0.002345	 0.002904	 0.066600	 0.009321
218.000000	 0.094182	 0.003578	 0.191988	 0.006275	 0.023417	 0.002927	 0.176469	 0.009397
219.000000	 0.073800	 0.003574	 0.121685	 0.006269	 0.047151	 0.002924	 0.065846	 0.009388
220.000000	 0.073362	 0.003570	 0.263583	 0.006263	 0.008480	 0.002921	 0.242218	 0.009378
221.000000	 0.066415	 0.003574	 0.094433	 0.006269	 0.020931	 0.002924	 0.070580	 0.009388
222.000000	 0.097683	 0.003559	 0.215593	 0.006243	 0.048383	 0.002912	 -0.097794	 0.009350
223.000000	 0.173255	 0.003574	 0.324868	 0.006269	 0.059574	 0.002924	 0.153873	 0.009388
224.000000	 0.051597	 0.003574	 0.088357	 0.006269	 0.019858	 0.002924	 0.118511	 0.009388
225.000000	 0.053478	 0.003578	 0.072391	 0.006275	 0.020199	 0.002927	 0.011396	 0.009397
226.000000	 0.186524	 0.003559	 0.562789	 0.006243	 0.016655	 0.002912	 0.336391	 0.009350
227.000000	 0.011610	 0.003574	 0.046969	 0.006269	 0.003132	 0.002924	 0.030273	 0.009388
228.000000	 0.038871	 0.003563	 0.087117	 0.006250	 0.013427	 0.002915	 0.044424	 0.009359
231.000000	 0.066297	 0.003581	 0.076398	 0.006282	 0.024865	 0.002930	 0.038761	 0.009407
232.000000	 0.081308	 0.003567	 0.244823	 0.006256	 0.001488	 0.002918	 0.412159	 0.009369
233.000000	 0.024116	 0.003581	 0.051438	 0.006282	 0.005674	 0.002930	 0.030047	 0.009407
234.000000	 0.264975	 0.003574	 0.931851	 0.006269	 0.021858	 0.002924	 1.072830	 0.009388
235.000000	 0.133967	 0.003559	 0.331737	 0.006243	 0.015602	 0.002912	 0.192926	 0.009350
236.000000	 0.034652	 0.003574	 0.051414	 0.006269	 0.005911	 0.002924	 0.022187	 0.009388
237.000000	 0.023138	 0.003578	 0.040945	 0.006275	 -0.000119	 0.002927	 -0.027285	 0.009397
238.000000	 0.021003	 0.003570	 0.055750	 0.006263	 0.003815	 0.002921	 0.029143	 0.009378
239.000000	 0.032062	 0.003578	 0.075615	 0.006275	 0.004359	 0.002927	 0.013685	 0.009397
240.000000	 0.034751	 0.003578	 0.077272	 0.006275	 0.007834	 0.002927	 0.046855	 0.009397
241.000000	 0.033493	 0.003578	 0.067017	 0.006275	 0.007928	 0.002927	 0.112336	 0.009397
242.000000	 0.043816	 0.003570	 0.124623	 0.006263	 0.014604	 0.002921	 0.109185	 0.009378
243.000000	 0.038187	 0.003570	 0.051991	 0.006263	 0.015199	 0.002921	 0.029898	 0.009378
244.000000	 0.025147	 0.003567	 0.054989	 0.006256	 0.002860	 0.002918	 0.008359	 0.009369
245.000000	 0.032870	 0.003570	 0.052369	 0.006263	 0.005627	 0.002921	 0.038027	 0.009378
246.000000	 0.029667	 0.003578	 0.057733	 0.006275	 0.007282	 0.002927	 0.046770	 0.009397
247.000000	 0.086873	 0.003556	 0.115113	 0.006237	 0.034764	 0.002910	 0.026687	 0.009340
248.000000	 0.027332	 0.003574	 0.057546	 0.006269	 0.010683	 0.002924	 0.030055	 0.009388
249.000000	 0.128950	 0.003559	 0.255980	 0.006243	 0.028407	 0.002912	 0.219089	 0.009350
250.000000	 0.015666	 0.003559	 0.054581	 0.006243	 0.001934	 0.002912	 0.015194	 0.009350
251.000000	 0.024127	 0.003574	 0.050081	 0.006269	 0.004424	 0.002924	 0.012780	 0.009388
252.000000	 0.079876	 0.003574	 0.204825	 0.006269	 0.019020	 0.002924	 0.152221	 0.009388
253.000000	 0.025805	 0.003567	 0.050886	 0.006256	 0.005298	 0.002918	 0.053412	 0.009369
254.000000	 0.139059	 0.003578	 0.180109	 0.006275	 0.051908	 0.002927	 0.126695	 0.009397
256.000000	 0.070799	 0.003559	 0.285962	 0.006243	 0.016978	 0.002912	 0.375799	 0.009350
257.000000	 0.085820	 0.003578	 0.139227	 0.006275	 0.031179	 0.002927	 0.062250	 0.009397
258.000000	 0.038550	 0.003556	 0.138836	 0.006237	 0.004319	 0.002910	 0.081285	 0.009340
259.000000	 0.029026	 0.003574	 0.078652	 0.006269	 0.008663	 0.002924	 0.026647	 0.009388
260.000000	 0.042200	 0.003574	 0.085477	 0.006269	 0.010611	 0.002924	 0.030534	 0.009388
261.000000	 0.050130	 0.003570	 0.087343	 0.006263	 0.013855	 0.002921	 0.082006	 0.009378
262.000000	 0.078293	 0.003574	 0.208338	 0.006269	 0.019722	 0.002924	 0.199201	 0.009388
263.000000	 1.730940	 0.003559	 2.815640	 0.006243	 0.488229	 0.002912	 1.078480	 0.009350
264.000000	 0.136831	 0.003578	 0.289754	 0.006275	 0.066234	 0.002927	 0.127434	 0.009397
265.000000	 0.030404	 0.003559	 0.055394	 0.006243	 0.005382	 0.002912	 0.076520	 0.009350
266.000000	 0.014824	 0.003570	 0.050009	 0.006263	 0.000777	 0.002921	 0.000198	 0.009378
267.000000	 0.034395	 0.003559	 0.062555	 0.006243	 0.007613	 0.002912	 0.040612	 0.009350
268.000000	 0.051458	 0.003578	 0.095571	 0.006275	 0.003717	 0.002927	 0.020473	 0.009397
269.000000	 0.018485	 0.003563	 0.049196	 0.006250	 -0.000302	 0.002915	 0.008868	 0.009359
270.000000	 0.024667	 0.003574	 0.060026	 0.006269	 0.004500	 0.002924	 0.092641	 0.009388
271.000000	 0.046745	 0.003578	 0.096846	 0.006275	 0.026559	 0.002927	 0.115340	 0.009397
272.000000	 0.026699	 0.003563	 0.054340	 0.006250	 0.009510	 0.002915	 0.077679	 0.009359
273.000000	 0.037556	 0.003578	 0.076767	 0.006275	 0.011065	 0.002927	 0.145711	 0.009397
274.000000	 0.021773	 0.003570	 0.055291	 0.006263	 0.004240	 0.002921	 0.038742	 0.009378
275.000000	 3.042300	 0.003574	 11.276500	 0.006269	 0.220547	 0.002924	 7.155870	 0.009388
276.000000	 0.051500	 0.003578	 0.140628	 0.006275	 0.006943	 0.002927	 0.166095	 0.009397
277.000000	 0.028349	 0.003574	 0.074394	 0.006269	 0.001949	 0.002924	 0.109176	 0.009388
278.000000	 2.148520	 0.003574	 6.720350	 0.006269	 0.186904	 0.002924	 3.431940	 0.009388
279.000000	 0.018203	 0.003578	 0.057035	 0.006275	 0.004651	 0.002927	 0.064859	 0.009397
280.000000	 0.107063	 0.003574	 0.233428	 0.006269	 0.031436	 0.002924	 0.147557	 0.009388
281.000000	 0.177936	 0.003578	 0.338920	 0.006275	 0.031762	 0.002927	 0.166069	 0.009397
282.000000	 0.082266	 0.003578	 0.189570	 0.006275	 0.018625	 0.002927	 0.151402	 0.009397
283.000000	 0.052803	 0.003570	 0.093049	 0.006263	 0.020932	 0.002921	 0.075034	 0.009378
284.000000	 0.076245	 0.003574	 0.130598	 0.006269	 0.032983	 0.002924	 0.143564	 0.009388
286.000000	 1.128060	 0.003578	 2.660320	 0.006275	 0.087915	 0.002927	 -0.067727	 0.009397
287.000000	 0.033302	 0.003574	 0.073796	 0.006269	 0.009181	 0.002924	 0.060422	 0.009388
288.000000	 0.058829	 0.003578	 0.141058	 0.006275	 0.030890	 0.002927	 0.099320	 0.009397
289.000000	 0.038128	 0.003570	 0.048513	 0.006263	 0.006934	 0.002921	 0.102763	 0.009378
290.000000	 0.127591	 0.003570	 0.508274	 0.006263	 0.023943	 0.002921	 0.579887	 0.009378
291.000000	 0.209204	 0.003578	 0.441037	 0.006275	 0.046756	 0.002927	 0.385979	 0.009397
292.000000	 0.016915	 0.003578	 0.044923	 0.006275	 0.002642	 0.002927	 -0.018348	 0.009397
293.000000	 0.024681	 0.003578	 0.051658	 0.006275	 0.005615	 0.002927	 0.004792	 0.009397
294.000000	 0.020739	 0.003552	 0.050184	 0.006231	 0.003979	 0.002907	 0.007994	 0.009330
295.000000	 0.050781	 0.003578	 0.093788	 0.006275	 0.016590	 0.002927	 0.062104	 0.009397
296.000000	 0.113000	 0.003578	 0.227738	 0.006275	 0.052111	 0.002927	 0.135410	 0.009397
297.000000	 0.018520	 0.003570	 0.055689	 0.006263	 0.005262	 0.002921	 0.012465	 0.009378
298.000000	 0.019565	 0.003552	 0.068676	 0.006231	 0.004203	 0.002907	 0.016313	 0.009330
299.000000	 0.034614	 0.003578	 0.072657	 0.006275	 0.006888	 0.002927	 -0.001332	 0.009397
300.000000	 0.018272	 0.003574	 0.049388	 0.006269	 0.004545	 0.002924	 0.012456	 0.009388
301.000000	 0.125158	 0.003574	 0.192590	 0.006269	 0.040146	 0.002924	 0.103855	 0.009388
302.000000	 0.051931	 0.003578	 0.111793	 0.006275	 0.008049	 0.002927	 0.063010	 0.009397
303.000000	 0.058023	 0.003574	 0.141963	 0.006269	 0.009710	 0.002924	 -0.026695	 0.009388
304.000000	 0.032469	 0.003574	 0.053340	 0.006269	 0.015561	 0.002924	 0.005361	 0.009388
305.000000	 0.034295	 0.003574	 0.107542	 0.006269	 0.012480	 0.002924	 -0.020623	 0.009388
306.000000	 0.085650	 0.003567	 0.190322	 0.006256	 0.035111	 0.002918	 0.115519	 0.009369
307.000000	 0.021917	 0.003570	 0.062920	 0.006263	 -0.000207	 0.002921	 -0.035770	 0.009378
308.000000	 0.052153	 0.003559	 0.063168	 0.006243	 0.013419	 0.002912	 -0.002684	 0.009350
309.000000	 0.021130	 0.003570	 0.061348	 0.006263	 0.002029	 0.002921	 -0.011047	 0.009378
310.000000	 0.023899	 0.003556	 0.052227	 0.006237	 0.005424	 0.002910	 0.010333	 0.009340
311.000000	 0.058910	 0.003578	 0.112828	 0.006275	 0.018233	 0.002927	 0.033103	 0.009397
312.000000	 1.249130	 0.003574	 4.784310	 0.006269	 0.094367	 0.002924	 3.181810	 0.009388
313.000000	 0.109032	 0.003578	 0.248310	 0.006275	 0.036515	 0.002927	 0.160552	 0.009397
314.000000	 0.023378	 0.003567	 0.054605	 0.006256	 0.004682	 0.002918	 -0.011096	 0.009369
315.000000	 0.021314	 0.003556	 0.068404	 0.006237	 0.010605	 0.002910	 0.041136	 0.009340
316.000000	 0.026168	 0.003567	 0.057084	 0.006256	 0.003039	 0.002918	 0.036603	 0.009369
317.000000	 0.024225	 0.003578	 0.067435	 0.006275	 -0.008684	 0.002927	 0.044809	 0.009397
318.000000	 0.059507	 0.003570	 0.124560	 0.006263	 0.021002	 0.002921	 0.116721	 0.009378
319.000000	 0.023654	 0.003581	 0.057575	 0.006282	 0.001196	 0.002930	 -0.005051	 0.009407
320.000000	 0.033346	 0.003574	 0.139668	 0.006269	 0.004467	 0.002924	 0.129090	 0.009388
321.000000	 0.040750	 0.003559	 0.113964	 0.006243	 0.018142	 0.002912	 0.052332	 0.009350
322.000000	 0.087356	 0.003570	 0.141153	 0.006263	 0.023687	 0.002921	 0.071863	 0.009378
323.000000	 0.097604	 0.003574	 0.169515	 0.006269	 0.032877	 0.002924	 0.169187	 0.009388
324.000000	 0.029889	 0.003559	 0.056992	 0.006243	 0.005393	 0.002912	 0.045231	 0.009350
325.000000	 0.031176	 0.003552	 0.046120	 0.006231	 0.010793	 0.002907	 0.034330	 0.009330
326.000000	 0.016207	 0.003574	 0.059556	 0.006269	 0.004152	 0.002924	 -0.004725	 0.009388
327.000000	 0.045771	 0.003548	 0.147627	 0.006224	 0.003679	 0.002904	 0.081004	 0.009321
328.000000	 0.041867	 0.003574	 0.071166	 0.006269	 0.004278	 0.002924	 0.118284	 0.009388
329.000000	 0.079799	 0.003574	 0.225532	 0.006269	 0.007595	 0.002924	 0.169357	 0.009388
330.000000	 0.048582	 0.003567	 0.166883	 0.006256	 0.005204	 0.002918	 0.052200	 0.009369
331.000000	 0.030940	 0.003559	 0.060340	 0.006243	 0.010021	 0.002912	 0.057941	 0.009350
332.000000	 0.040042	 0.003578	 0.093019	 0.006275	 0.017278	 0.002927	 0.053508	 0.009397
333.000000	 0.034228	 0.003578	 0.122905	 0.006275	 0.004864	 0.002927	 0.043380	 0.009397
334.000000	 0.077096	 0.003578	 0.096997	 0.006275	 0.033099	 0.002927	 0.050616	 0.009397
335.000000	 0.023710	 0.003574	 0.052389	 0.006269	 0.004171	 0.002924	 0.031219	 0.009388
336.000000	 0.022891	 0.003563	 0.048739	 0.006250	 0.005457	 0.002915	 0.031093	 0.009359
337.000000	 0.053962	 0.003574	 0.166710	 0.006269	 -0.007561	 0.002924	 -0.038354	 0.009388
338.000000	 0.074342	 0.003581	 0.222007	 0.006282	 -0.000819	 0.002930	 -0.033440	 0.009407
339.000000	 0.170627	 0.003559	 0.545812	 0.006243	 0.014399	 0.002912	 0.341013	 0.009350
340.000000	 1.989550	 0.003574	 3.694080	 0.006269	 0.417691	 0.002924	 1.502160	 0.009388
341.000000	 0.051470	 0.003581	 0.118497	 0.006282	 0.010070	 0.002930	 0.112029	 0.009407
342.000000	 0.050934	 0.003574	 0.122665	 0.006269	 0.019621	 0.002924	 0.143178	 0.009388
343.000000	 0.043108	 0.003578	 0.099327	 0.006275	 0.021162	 0.002927	 0.111503	 0.009397
344.000000	 0.023925	 0.003578	 0.126763	 0.006275	 0.010697	 0.002927	 0.169452	 0.009397
347.000000	 0.019023	 0.003578	 0.052679	 0.006275	 0.006012	 0.002927	 0.037703	 0.009397
348.000000	 0.061642	 0.003574	 0.096257	 0.006269	 0.028943	 0.002924	 0.104129	 0.009388
349.000000	 0.066656	 0.003570	 0.141051	 0.006263	 0.031576	 0.002921	 0.127147	 0.009378
350.000000	 0.045573	 0.003563	 0.095024	 0.006250	 0.016474	 0.002915	 0.050442	 0.009359
351.000000	 0.448756	 0.003581	 1.638610	 0.006282	 0.027714	 0.002930	 1.331560	 0.009407
352.000000	 0.084354	 0.003556	 0.139811	 0.006237	 0.032920	 0.002910	 0.089793	 0.009340
353.000000	 0.169370	 0.003578	 0.402109	 0.006275	 0.062537	 0.002927	 0.241499	 0.009397
354.000000	 0.057547	 0.003578	 0.107832	 0.006275	 0.029811	 0.002927	 0.105218	 0.009397
355.000000	 0.045799	 0.003570	 0.071517	 0.006263	 0.020241	 0.002921	 0.065306	 0.009378
356.000000	 0.069724	 0.003563	 0.095519	 0.006250	 0.027056	 0.002915	 0.136470	 0.009359
357.000000	 0.037319	 0.003574	 0.059043	 0.006269	 0.022285	 0.002924	 0.039350	 0.009388
358.000000	 0.027082	 0.003559	 0.050239	 0.006243	 0.004827	 0.002912	 -0.023972	 0.009350
359.000000	 0.463909	 0.003578	 0.971145	 0.006275	 0.136531	 0.002927	 0.480130	 0.009397
360.000000	 0.116385	 0.003567	 0.246771	 0.006256	 0.022179	 0.002918	 0.129549	 0.009369
361.000000	 0.073731	 0.003559	 0.139497	 0.006243	 0.020727	 0.002912	 0.079097	 0.009350
362.000000	 0.031961	 0.003574	 0.054853	 0.006269	 0.006470	 0.002924	 0.033799	 0.009388
363.000000	 0.022185	 0.003239	 0.043606	 0.005681	 0.011140	 0.002650	 0.046973	 0.008507
364.000000	 0.113629	 0.003567	 0.124666	 0.006256	 0.060467	 0.002918	 0.032831	 0.009369
365.000000	 1.877200	 0.003574	 6.973660	 0.006269	 0.138028	 0.002924	 5.034990	 0.009388
366.000000	 0.216012	 0.003574	 0.434553	 0.006269	 0.047431	 0.002924	 0.295090	 0.009388
367.000000	 0.058209	 0.003581	 0.090478	 0.006282	 0.031977	 0.002930	 0.097926	 0.009407
368.000000	 0.043861	 0.003567	 0.083942	 0.006256	 0.015842	 0.002918	 0.042730	 0.009369
369.000000	 3.704890	 0.003559	 13.201300	 0.006243	 0.298049	 0.002912	 9.543790	 0.009350
370.000000	 0.198836	 0.003556	 0.480035	 0.006237	 0.082987	 0.002910	 0.375312	 0.009340
371.000000	 0.753163	 0.003578	 2.647800	 0.006275	 0.062998	 0.002927	 1.743040	 0.009397
372.000000	 0.156497	 0.003578	 0.257974	 0.006275	 0.049435	 0.002927	 0.083496	 0.009397
374.000000	 0.357779	 0.003578	 0.761809	 0.006275	 0.063486	 0.002927	 0.478989	 0.009397
375.000000	 0.032668	 0.003570	 0.146608	 0.006263	 0.010850	 0.002921	 0.214654	 0.009378
376.000000	 0.033190	 0.003578	 0.048350	 0.006275	 0.011704	 0.002927	 0.025804	 0.009397
377.000000	 0.045108	 0.003567	 0.069144	 0.006256	 0.019126	 0.002918	 0.042463	 0.009369
379.000000	 0.373288	 0.003567	 1.306070	 0.006256	 0.027805	 0.002918	 0.912936	 0.009369
380.000000	 0.063279	 0.003574	 0.140104	 0.006269	 0.025273	 0.002924	 0.058211	 0.009388
381.000000	 0.035117	 0.003574	 0.161606	 0.006269	 0.002157	 0.002924	 0.191821	 0.009388
384.000000	 0.060627	 0.003574	 0.086329	 0.006269	 0.029745	 0.002924	 0.048124	 0.009388
385.000000	 0.056839	 0.003570	 0.313353	 0.006263	 0.012789	 0.002921	 0.421396	 0.009378
386.000000	 0.061571	 0.003578	 0.143491	 0.006275	 0.014958	 0.002927	 0.072728	 0.009397
387.000000	 0.119284	 0.003578	 0.552383	 0.006275	 0.007701	 0.002927	 0.425329	 0.009397
388.000000	 0.023510	 0.003567	 0.048045	 0.006256	 0.012914	 0.002918	 0.024451	 0.009369
390.000000	 0.039145	 0.003574	 0.048566	 0.006269	 0.028350	 0.002924	 -0.020365	 0.009388
391.000000	 0.032419	 0.003574	 0.043776	 0.006269	 0.017929	 0.002924	 -0.002664	 0.009388
392.000000	 0.046485	 0.003574	 0.068774	 0.006269	 0.021495	 0.002924	 0.036144	 0.009388
393.000000	 0.026663	 0.003574	 0.046858	 0.006269	 0.004110	 0.002924	 -0.021529	 0.009388
394.000000	 0.128517	 0.003570	 0.250099	 0.006263	 0.031887	 0.002921	 0.198046	 0.009378
395.000000	 0.101236	 0.003578	 0.195543	 0.006275	 0.019852	 0.002927	 0.113001	 0.009397
396.000000	 0.011030	 0.003570	 0.043286	 0.006263	 0.003733	 0.002921	 0.029823	 0.009378
397.000000	 0.015590	 0.003559	 0.089757	 0.006243	 0.004513	 0.002912	 0.047837	 0.009350
398.000000	 0.095057	 0.003570	 0.186379	 0.006263	 0.022096	 0.002921	 0.140545	 0.009378
400.000000	 0.120228	 0.003574	 0.133738	 0.006269	 0.068285	 0.002924	 0.012409	 0.009388
401.000000	 0.028891	 0.003563	 0.044211	 0.006250	 0.013983	 0.002915	 0.024371	 0.009359
403.000000	 0.018847	 0.003574	 0.047233	 0.006269	 0.002927	 0.002924	 -0.011525	 0.009388
404.000000	 0.037194	 0.003574	 0.050865	 0.006269	 0.024462	 0.002924	 0.000443	 0.009388
405.000000	 0.065288	 0.003574	 0.096224	 0.006269	 0.033512	 0.002924	 0.067871	 0.009388
406.000000	 0.039070	 0.003567	 0.047093	 0.006256	 0.025983	 0.002918	 -0.015845	 0.009369
407.000000	 0.027457	 0.003570	 0.053892	 0.006263	 0.014414	 0.002921	 0.000951	 0.009378
408.000000	 0.052082	 0.003552	 0.134933	 0.006231	 0.003157	 0.002907	 0.046746	 0.009330
409.000000	 0.035215	 0.003574	 0.125431	 0.006269	 -0.001794	 0.002924	 -0.040201	 0.009388
410.000000	 0.083217	 0.003574	 0.187499	 0.006269	 0.014992	 0.002924	 0.119780	 0.009388
411.000000	 0.023022	 0.003574	 0.043926	 0.006269	 0.010375	 0.002924	 0.021915	 0.009388
412.000000	 0.066408	 0.003570	 0.123024	 0.006263	 0.024951	 0.002921	 0.057111	 0.009378
